   103.178	    67.260
    94.783	    57.871
    84.651	    72.053
    94.932	   102.833
    97.283	   120.519
    88.617	    59.890
    88.870	    52.471
   106.358	    39.490
    88.881	    80.230
   101.314	    69.877
    97.797	    62.666
    89.935	    52.955
   107.062	    91.774
   106.359	    75.580
   115.856	   131.898
   114.134	   117.935
   115.861	   141.205
    98.127	   144.798
    86.667	   144.290
    91.327	   154.688
   102.792	   155.450
   102.215	   150.922
   110.428	   157.404
   104.218	   153.370
    96.479	   157.520
    98.361	   149.331
   101.536	   134.645
   105.931	   131.363
    98.864	   158.015
    97.636	   144.855
   100.758	   142.712
    82.213	   149.052
    99.247	   148.624
    90.159	   165.711
   109.191	   127.100
   103.578	   165.274
    96.887	    63.908
    95.841	    43.357
    99.291	    61.133
    98.894	   150.686
   105.491	   144.766
   106.841	   139.330
   105.854	   142.787
    97.450	   130.948
    99.085	   164.525
   107.018	   168.990
   100.546	   166.786
   108.959	   154.524
   117.618	   131.192
   126.364	   135.889
   103.217	   150.173
   101.798	   149.750
   101.601	   136.024
   102.371	   149.590
   105.703	   132.796
    96.122	   139.045
   103.838	   135.116
    96.439	    76.854
    82.505	    69.653
    99.936	    72.872
   101.501	    83.109
    95.602	    53.259
    86.800	    58.481
    97.940	    59.396
   103.419	   135.882
   100.128	   117.020
    96.365	   139.997
    80.401	   152.680
   104.063	   113.825
    87.674	   129.565
   101.027	   161.787
    95.405	   141.985
   100.779	   165.009
    86.196	   148.104
   109.997	   157.219
    97.314	   150.976
    85.597	   145.254
    95.594	   131.215
   101.570	   164.475
   108.458	   150.825
   101.088	   138.364
   107.648	   144.738
   118.046	   138.551
   100.860	   136.887
   119.903	   132.982
    97.148	   125.140
    89.854	   130.850
   101.985	   151.986
    90.886	   154.229
   116.285	   144.812
    92.987	   150.842
   106.806	   140.725
   101.970	   117.462
    95.598	   138.048
   112.600	   135.727
   114.088	   132.125
   100.337	   137.071
   104.735	   172.223
    94.003	   145.928
    93.346	   139.167
   103.637	   122.997
   103.441	   150.326
    98.152	   150.552
    99.938	   151.962
    99.715	    93.569
   101.250	   130.384
   101.395	   151.919
    93.068	   154.200
   107.609	   139.793
   100.276	   167.536
    94.754	   176.389
    97.790	   161.294
   101.274	   147.417
   103.316	   143.286
   109.169	   136.756
   107.386	   144.537
    99.211	   139.921
    88.300	   132.220
    88.483	   139.892
    87.387	   158.728
   110.047	   145.841
    99.845	   143.786
    97.261	   153.014
    94.254	   143.148
    83.546	   143.526
   109.289	   156.806
   111.049	   139.332
   101.878	   159.773
   101.911	   147.417
    98.618	   116.536
   107.526	   134.646
    91.460	   141.411
   112.178	   151.462
    96.863	   129.193
   112.444	   149.977
    96.236	   166.051
   113.236	   119.756
    96.698	   132.567
    93.299	   145.465
   111.979	    73.031
   103.487	    69.104
    98.454	    58.575
    97.457	    68.040
   101.556	   140.592
    89.869	   166.529
   104.774	   142.241
   108.741	   149.285
   115.112	   168.925
    95.170	   127.395
    92.489	   153.330
   111.833	   147.316
   105.113	   157.178
   112.127	   125.360
   101.344	   144.449
   109.602	   151.807
   105.706	   153.381
    94.099	   133.107
   108.880	   153.900
   102.703	   149.002
    94.825	   144.571
    92.715	   161.778
    97.182	   155.605
    96.598	   151.736
   101.170	   147.320
   103.528	   153.836
   105.468	   132.563
    98.654	    78.286
   107.210	   101.413
   104.426	   129.475
   107.319	   142.012
    98.791	   165.120
    92.362	   136.554
   106.231	   136.324
    98.338	   164.013
   105.333	   142.905
   105.089	   157.066
   100.173	   147.118
   100.190	   149.458
    98.483	   158.533
    91.284	   152.141
   103.363	   134.067
    98.684	   147.886
   107.794	   163.590
    94.093	   165.366
    93.763	   157.118
    93.440	   154.498
   101.339	   145.688
    96.983	   157.413
   111.246	   167.665
   101.467	   164.459
   100.634	   125.321
    97.123	   152.820
   103.409	   135.332
    93.213	   141.270
    99.629	   156.180
    87.800	   148.005
   108.983	   150.656
    97.956	   161.567
   101.201	   161.731
   107.483	   160.209
    90.986	   153.101
   115.835	   156.313
   108.352	   141.775
   103.051	   128.221
    89.321	   148.764
   100.023	    90.073
    96.332	    84.141
   111.874	   135.438
   113.410	   146.203
   109.453	   155.009
    99.993	   134.487
   105.540	   145.991
    96.501	   156.417
   100.446	   143.665
    89.075	   158.366
    99.306	   145.261
   104.251	   156.416
    90.715	   137.804
   100.349	   139.517
   100.431	   128.046
   109.294	   137.439
   102.578	   146.388
    85.652	   140.610
    86.437	   159.368
    98.567	   141.106
    98.947	   139.925
   102.799	   141.543
    90.716	   139.138
   105.514	    73.053
    98.927	    66.516
    74.404	    60.952
   100.249	    91.875
    99.068	    69.926
    99.908	   139.892
    92.487	   161.264
   101.442	   104.166
    96.805	   133.776
   103.660	   128.369
    91.366	   146.056
    87.908	   140.555
    97.517	    99.161
   108.569	   118.179
    88.686	   160.696
    97.187	   159.890
   101.487	   163.812
   100.000	   148.189
    89.486	   130.263
    99.227	   129.867
   101.456	   155.907
    99.081	   155.163
    96.040	   160.333
    96.748	   151.126
    99.577	   162.024
    87.754	   144.813
    99.416	   144.631
   105.140	   141.764
    95.565	   136.116
   104.675	   155.647
   103.820	   135.848
    92.857	   124.991
   114.208	   117.228
   110.993	   140.108
    92.640	   157.583
   110.404	   149.114
    97.446	   150.692
   101.429	   136.442
    97.615	   140.307
    97.892	    79.492
    91.319	    78.796
   114.134	   110.200
   103.175	   138.229
    94.347	   131.854
   108.668	   146.103
   104.019	   143.562
    92.624	   143.785
    99.486	   116.287
    94.223	   125.310
   103.190	   154.170
    91.573	   138.399
    96.468	   165.584
    98.056	   145.309
    99.908	   142.005
   118.767	   121.922
    96.584	   110.101
    80.791	   166.318
    88.356	  -167.406
    95.578	   154.889
   100.371	   155.281
   104.112	   148.802
    91.495	   162.756
    98.123	   149.130
   101.633	   136.520
   100.222	   148.471
    94.839	   161.453
   104.242	   124.121
   102.341	   136.258
   105.356	   156.158
    98.765	   147.756
   104.920	   124.886
   107.103	   136.307
   101.888	   145.693
    91.733	   146.552
   105.429	   140.599
    99.662	   120.216
    99.097	   128.467
    92.293	   127.860
   108.758	   129.291
    90.366	   161.619
   100.305	   159.292
   106.588	   163.907
   100.508	   153.764
    96.881	   146.600
   104.072	   128.796
    99.097	   148.184
    96.037	   151.117
   105.063	   138.495
   104.125	   137.967
   107.246	   138.214
   100.695	   127.757
    99.452	   153.002
   103.085	   157.352
   107.432	   145.105
   110.415	   137.856
   109.494	   157.922
   110.241	   132.290
   104.822	   160.356
    99.510	   162.771
   117.092	   162.838
    98.660	   156.017
    95.446	   145.492
   102.853	   150.872
   106.417	   130.233
    94.361	   150.003
    99.380	   135.147
   114.794	   145.019
   110.412	   102.171
    89.894	    96.441
    98.222	    71.184
   106.990	    82.900
   101.027	    71.204
    81.904	    36.757
    96.833	    61.821
    88.786	    72.928
   113.035	   124.288
   117.859	   127.899
    97.185	   160.064
   113.180	   131.403
   108.023	   113.171
   109.355	   148.858
   102.215	   133.019
    95.516	   151.662
    98.174	   101.076
    93.880	   100.366
    94.403	   134.156
    92.378	   126.102
    92.372	   149.517
    95.907	   156.960
    91.799	   162.484
    96.710	   118.507
    96.835	   158.941
    95.066	   143.839
    95.928	   125.540
   108.076	   141.428
    92.654	   130.972
   101.238	   133.038
   106.533	   138.631
   100.141	   148.488
    83.151	   130.413
    99.464	   149.527
    99.242	   118.476
   110.123	   165.311
   111.542	   128.607
   123.263	   132.683
   105.869	   151.111
    93.007	   146.424
   108.507	   154.996
   108.835	   157.620
    86.719	   139.488
   111.087	   145.423
    95.321	   147.592
   109.827	   152.870
   106.468	   162.522
    91.222	   161.747
   102.820	   145.422
   108.172	   146.929
   108.895	   144.648
   117.683	   156.658
   107.729	   138.939
    88.118	   138.930
    97.318	   156.793
    94.398	    69.374
    91.381	    68.970
    94.436	    54.577
   105.876	    82.107
   100.178	    61.345
   100.635	    54.992
    88.085	    66.535
   113.228	    60.472
   108.796	    63.445
    84.467	    28.026
    93.507	    42.102
   108.186	    49.157
   108.849	   113.932
    93.019	    93.489
    97.280	   143.985
    92.144	   161.417
    98.036	   141.569
   107.588	   136.401
   103.919	   121.541
    88.315	   158.376
   111.035	   139.635
    97.731	   156.197
    97.201	   147.146
   104.721	   164.221
    93.707	   153.063
    96.872	   131.158
    96.783	   118.873
   106.077	   160.818
    86.661	   146.788
    94.863	   156.866
   102.079	   151.276
    87.674	   144.207
    96.976	   120.818
   103.756	   159.024
    97.920	   151.471
    98.779	   137.641
    94.477	   147.794
    99.741	   145.356
   106.917	   152.255
    96.613	   143.033
   103.126	   143.847
   102.204	   133.205
    98.851	   145.323
    99.520	   150.351
    98.671	   141.533
    99.288	   152.564
   112.550	   147.311
   102.172	   136.978
   102.657	   143.271
    92.981	   144.123
    96.705	   163.579
   111.957	   131.852
   113.699	   174.197
    98.422	   154.657
   119.102	   161.464
    98.055	   136.518
    94.124	   138.339
    98.850	   136.095
   103.301	   125.606
   112.062	   151.281
   121.452	   143.857
   104.403	   147.681
    91.247	   123.427
    81.101	   138.021
   100.331	   135.541
   100.727	   157.243
    86.702	   144.252
    77.197	   116.619
    84.694	    85.483
    93.786	    79.933
   108.263	   132.524
    96.844	   133.766
   102.135	   132.478
    90.636	   160.646
    95.495	   158.091
   104.401	   152.716
   101.508	   124.060
    89.215	   138.240
    98.864	   139.518
    91.181	   134.765
    98.085	   151.125
   115.600	   163.571
    97.332	   146.807
    99.250	   145.074
    93.491	   130.925
    94.302	   127.439
    96.990	   144.831
   102.873	   142.677
   111.381	   144.975
   114.007	   143.231
   108.814	   151.018
   104.239	   141.299
   105.220	   143.866
   103.801	   114.231
   109.759	   141.980
   101.286	   135.964
    99.248	   132.446
    91.513	   131.197
   108.839	   150.295
   104.642	   125.340
   102.240	   140.595
   103.424	   142.691
    93.825	   143.052
   110.842	   126.866
   106.238	   122.524
    95.201	   146.038
   104.784	   151.073
    97.847	   157.774
    91.855	   132.656
    91.058	   144.194
    96.810	   110.621
    89.707	   151.242
   107.713	   121.534
   114.566	   139.483
   107.426	   139.818
    99.396	   168.216
   113.319	   128.749
    94.452	   164.396
    90.027	   152.218
   106.343	   107.044
    99.983	   134.037
    99.717	   115.103
    99.175	   152.234
    93.334	   151.894
   108.412	   140.531
    99.225	   130.998
    92.074	   133.727
    95.182	   160.670
    85.807	   141.455
    94.526	   141.152
    96.284	   152.689
   112.294	   136.548
    98.959	   122.206
    85.871	   156.181
    98.525	   151.348
   106.841	   151.862
    94.216	   132.788
    98.228	   157.272
    91.798	   166.592
    95.778	   152.802
    96.923	   138.161
   113.728	   146.753
   102.854	   151.385
   105.259	   104.993
    91.806	   140.980
    92.333	   138.937
    96.948	   151.487
   102.781	   142.379
   105.766	   142.183
   102.151	   142.584
   112.886	   138.175
   104.347	   136.380
    97.571	   129.706
   105.772	   130.634
    90.969	   138.448
    94.893	   168.315
    96.462	   142.129
    92.685	   135.311
    97.581	   158.686
    85.098	   134.234
    82.712	   143.890
    86.116	   148.059
    86.054	   134.514
    98.534	   146.957
   103.823	   137.072
    96.064	   134.139
    85.158	   135.661
    98.996	   146.350
   102.220	   141.165
    99.683	   151.595
   107.697	   141.965
   105.643	   139.419
    94.946	   110.520
   107.590	   143.743
   103.039	   141.860
   110.292	   143.222
   100.694	   141.889
   119.796	   149.324
   104.960	   130.268
    93.000	   142.104
   101.273	   120.250
    89.226	   152.837
   102.012	   140.815
   101.287	   164.380
   102.003	   141.938
   105.140	   125.423
    90.211	   143.313
    87.777	   152.806
    94.791	   136.516
   105.057	   143.779
    89.191	   152.317
   113.189	   155.580
    93.205	   125.472
    97.830	   149.798
    91.464	   155.486
    98.216	   146.622
    91.751	   166.881
    96.341	   134.618
    83.601	   145.032
    89.303	   154.530
   110.356	   144.882
   111.647	   135.531
   113.752	   157.032
   109.517	   140.431
   113.786	   152.275
    95.133	   161.441
   104.617	   143.505
   106.141	   149.190
    93.533	   150.845
   100.181	   161.334
    99.836	   135.809
   112.208	   125.254
   101.641	   145.228
    95.932	   154.625
   112.331	   142.725
   104.421	   133.352
    99.031	   160.287
   122.622	   159.072
   128.724	   145.369
   111.452	   144.321
    94.525	   142.879
   111.197	   143.108
    81.445	   119.781
    99.327	   137.560
    82.101	   150.631
    93.360	   142.437
   102.301	   144.149
    99.308	   109.243
   114.871	   149.365
    97.525	   147.312
    90.354	   158.008
    93.383	   140.933
    92.030	   152.688
   106.198	   135.368
   104.299	   132.060
    96.312	   143.028
    98.162	   154.471
    96.060	   146.199
   108.098	   136.374
   113.363	   140.092
   101.510	   117.705
    96.090	   112.726
    93.466	   159.415
   107.070	   142.926
   109.048	   161.756
    99.427	   164.999
   102.492	   143.386
   101.675	   158.672
    90.265	   157.581
   103.916	   121.273
   101.862	   134.164
   103.158	   139.034
   114.194	   141.066
   101.490	   117.622
    96.623	   101.588
   103.150	   129.281
   105.143	   154.987
    93.458	   145.320
   100.649	   149.066
    95.925	   151.363
   103.935	   144.443
   110.733	   154.808
   102.702	   134.403
    95.057	   134.159
   101.182	   169.974
   101.548	   141.323
    98.542	   119.835
    92.074	    62.324
    91.634	    74.130
    91.677	    69.363
    90.681	    67.337
   103.330	    44.664
    83.149	   147.644
    88.375	   138.618
    87.677	   154.594
   112.003	   143.939
   105.645	   147.182
    92.736	   138.875
   104.133	   133.119
    90.882	   133.131
   107.552	   149.667
   107.411	   156.546
   108.230	   143.052
   104.558	   131.465
   102.789	   153.382
    98.922	   160.378
    98.785	   146.252
    98.232	   141.962
    94.125	   147.940
    97.459	   129.426
    99.616	   140.878
    88.521	   120.132
    95.341	   138.359
   106.278	   121.644
    88.896	    62.539
    99.412	   109.714
    92.263	   140.967
    99.310	   164.982
    88.542	   166.374
    89.841	   152.745
   102.963	   135.611
   107.507	   146.084
   106.441	   153.756
    97.053	   146.464
   109.261	   123.873
   101.778	   132.019
   108.701	   142.392
    97.686	   154.605
    92.376	   155.628
    96.987	   137.968
    88.871	   152.184
   106.123	   150.295
    94.063	   137.459
   105.388	   146.629
   110.725	   150.123
   102.104	   149.875
    95.313	   131.410
    91.188	   138.768
   101.340	   104.813
    94.385	   117.713
   101.169	   151.090
    99.476	   132.559
    86.096	   140.544
   108.646	   150.175
    96.140	   132.255
   101.791	   146.797
   113.267	   102.457
   116.979	   150.816
   112.005	   133.484
    93.795	    63.035
   102.489	    90.859
    90.957	    76.585
    91.191	    47.547
    97.113	    85.628
    91.747	    66.434
    89.067	    66.423
    91.102	    54.639
    98.208	    85.018
    92.457	    92.327
    77.667	    71.425
    88.479	    86.297
    94.192	   154.893
   104.187	   163.227
   105.092	   128.493
   100.534	   155.585
    96.357	   145.747
    98.678	   142.663
   102.507	   151.981
   100.773	   137.082
    86.664	   135.655
    88.365	   134.706
    97.774	   149.771
   109.863	   161.658
   108.288	   158.297
   102.839	   113.487
    97.447	   139.531
   107.022	   120.287
   103.772	   162.736
    89.241	   121.324
   103.553	   160.312
    90.763	   151.980
    95.375	   155.828
    90.891	   161.547
   105.254	   133.398
    99.869	   140.470
    95.058	    78.202
    92.150	    89.773
    96.022	   156.135
   105.842	    81.791
    97.460	   132.217
    95.284	   154.764
   110.631	   128.045
    98.176	   120.531
   105.170	   141.454
   101.015	   138.164
    99.404	   141.070
    99.088	   145.860
   107.023	   152.011
   108.628	   154.506
   103.468	   147.286
   106.806	   142.418
   101.371	   155.651
    92.049	   151.758
    96.321	   146.706
   119.651	   154.606
   100.792	   147.854
   100.495	   136.030
    94.028	   153.822
    92.565	   125.551
   101.353	   116.194
   109.434	   125.179
    93.943	    72.075
    99.194	    47.515
    88.588	    33.933
   104.140	    98.805
   108.982	   148.313
    90.144	   152.535
   103.973	   130.526
   123.749	   130.834
   101.770	   153.785
   109.301	   119.302
   104.590	   137.929
    93.796	   124.230
   102.781	   148.222
   102.440	   128.966
    93.823	   161.662
    86.731	   151.679
    91.886	   152.405
    94.062	   166.819
   109.738	   153.901
   102.230	   148.765
   108.834	   159.708
    91.787	   154.443
    94.939	   147.608
    98.667	   134.294
   111.641	   148.261
   102.797	   161.273
    88.726	   123.447
    96.297	   123.392
   106.365	   138.829
   107.795	   141.349
    93.635	   142.165
   110.977	   141.278
    90.057	   169.055
   104.631	   159.917
    96.636	   137.205
   103.969	   141.336
    87.881	   144.893
    96.075	   153.130
   111.756	   168.510
    97.050	   129.108
   101.793	   132.303
   110.904	   150.684
    93.477	   137.738
    99.499	   125.378
   102.901	   139.779
   100.324	   159.826
   112.353	   147.195
   100.301	   147.827
    89.007	   158.529
    97.746	   155.871
    97.999	   136.527
    91.029	   163.291
   106.114	   160.386
   106.233	   155.430
   117.702	   149.319
    93.347	   156.652
   113.603	   137.808
    97.152	   156.582
    97.058	   140.162
    97.121	   137.012
    98.353	    86.737
   105.252	    44.910
    94.121	   110.154
   103.339	   158.283
   108.323	   145.681
   118.710	   158.082
    88.285	   155.301
   102.181	   144.105
   136.219	   141.203
    96.276	   139.989
   106.466	   142.568
   117.939	   129.745
   107.385	   158.187
    87.927	   137.285
    94.188	   158.010
   105.675	   119.293
    95.353	   136.550
   103.562	   148.405
    97.602	   154.670
    93.272	   145.116
   100.366	   139.907
    89.951	   140.632
   117.777	   139.084
    92.655	   158.149
    95.669	   136.317
   103.133	   153.238
   103.240	   161.777
    98.222	   137.306
    98.040	   145.491
   121.075	   135.626
    99.712	   147.136
    97.285	   137.971
   107.144	   139.979
    98.848	   157.999
   104.098	   159.590
    98.810	   165.448
   107.567	   146.243
   105.092	   149.207
    89.199	   143.084
   103.030	   161.832
    90.063	   135.631
   101.477	   144.721
    96.013	   141.777
    97.740	   157.175
    95.651	   147.960
    96.268	   100.791
    95.789	   139.252
   112.123	   129.006
   116.821	   152.222
    93.022	   154.647
    93.326	   166.921
   100.605	   136.657
    96.907	   160.288
    97.056	   159.435
   103.272	   145.554
   118.776	   141.179
    95.144	   154.527
   101.315	   140.013
   109.714	   134.578
    91.028	  -171.952
    95.214	   145.496
   107.821	   132.726
    99.387	   144.386
    93.520	   144.097
    90.401	   103.316
    99.856	    85.865
    90.291	    59.127
    97.670	    75.707
    87.239	    47.292
    92.623	    49.700
    88.351	    71.247
    86.638	    74.897
   106.882	    32.525
   107.458	    30.650
    94.839	    27.779
   104.044	    59.218
    87.593	    48.324
    92.699	    52.349
    90.563	    55.132
    89.167	    43.160
    88.590	    57.750
    90.991	    53.683
    85.869	    45.246
    89.909	    51.580
    93.683	    85.751
    95.326	   120.426
    96.513	   142.830
   105.973	   136.106
    92.903	   143.578
    92.089	   148.053
    92.592	   156.277
   108.636	   156.219
    98.438	   142.895
    97.238	   152.265
    89.921	   126.131
   101.940	   141.898
   100.830	   119.246
    88.140	   149.323
   102.032	   143.266
    97.170	   156.336
    96.604	   135.312
    92.138	   147.405
    99.792	   134.622
    94.269	   127.388
   100.191	   142.442
    94.968	   145.133
   101.343	   135.100
    93.252	   107.512
    92.555	   142.944
   101.126	    93.093
    83.854	   138.534
    89.369	   161.887
   103.466	   150.552
   105.373	   154.575
    98.811	   153.405
   102.556	   144.703
   101.004	   126.080
   114.933	   146.416
   105.264	   148.180
    97.816	   143.500
   103.548	   132.018
    95.424	   140.840
    94.258	   139.722
   105.625	   132.825
   105.012	   150.379
    91.912	   123.736
    84.920	   160.130
   104.998	   154.813
    93.234	   152.634
   107.557	   167.900
   108.725	   130.491
    96.641	   152.379
    97.347	   151.173
    99.996	   145.709
    90.584	   141.426
    89.941	   140.045
   100.914	   137.844
   108.964	   142.684
    94.978	   141.136
   102.500	   135.488
   114.598	   134.375
   107.735	   160.165
   111.309	   152.462
    96.827	   144.483
    78.180	   163.102
    98.077	   148.160
    94.514	   153.348
   101.796	   120.837
   108.896	   149.688
    91.698	   159.776
   100.737	   105.100
   106.854	   145.630
   102.642	   153.671
   101.772	   127.742
    94.146	   138.730
   101.520	   117.727
    98.509	   149.541
   107.140	   137.188
    99.264	   137.817
