    91.341	    61.136
    89.590	    50.100
    88.242	    37.978
    81.652	    65.905
    74.467	    80.320
    68.657	    77.523
    90.505	   109.551
    67.109	    69.459
    88.572	    23.520
    89.467	   163.866
    84.253	   155.452
   100.941	   139.180
    85.487	   152.691
    86.740	   132.631
    89.159	   148.643
   100.458	   133.056
    86.076	   156.051
    92.944	   147.920
    88.317	   141.724
    83.101	   151.245
    90.947	   146.894
    89.055	   153.636
    91.276	   145.675
    92.420	   127.561
    96.214	   147.825
    85.490	   128.367
    79.571	   165.696
    82.245	   156.219
    95.906	   153.820
    94.823	    84.588
    87.609	   145.790
    90.417	   150.142
   105.544	   146.113
    88.427	   155.441
    89.867	   166.089
    88.039	   171.119
    91.131	   150.320
    89.084	   151.466
    90.725	   144.470
    93.144	   160.318
    84.471	   162.764
    89.630	   166.144
    86.659	   142.755
    84.515	   148.745
    90.966	   145.823
    89.559	   144.438
    87.913	   128.741
    89.812	   142.053
    84.446	   144.075
    90.616	   168.830
    82.614	   137.126
    77.155	   156.736
    83.163	   140.023
    85.651	   130.650
    92.900	   143.299
    82.357	   146.585
   101.132	   137.478
    91.540	   171.819
    86.026	   148.821
    78.067	   175.210
    98.120	   160.876
    84.029	   146.723
    87.550	   133.375
    84.649	   158.657
    86.697	   149.786
    94.149	   153.827
    86.128	   157.382
    85.349	   132.267
    93.278	   153.226
    83.341	   164.376
    90.224	   138.780
    87.105	   156.168
    85.966	   136.106
    96.901	   125.645
    79.445	   153.636
    96.674	   145.417
    85.336	   145.593
    83.499	   166.253
    95.599	   132.305
    89.146	   130.648
    92.013	   153.782
    76.894	   160.894
    93.144	   143.880
    89.313	   177.130
    92.698	   123.469
    87.675	   144.896
    89.341	   155.880
    90.551	   125.784
    82.333	   154.121
    87.470	   174.615
    80.051	   140.160
    83.241	   122.533
    89.048	   139.432
    86.245	   152.358
    80.562	   166.881
    88.851	   148.031
    92.220	   152.070
    86.505	   148.600
    93.021	   158.844
    79.174	   146.959
    89.331	   144.180
    92.336	   148.090
    86.382	   154.187
    91.049	   127.269
    85.937	   170.020
    80.996	   144.583
    94.808	   142.054
    81.253	   165.343
    85.470	   150.557
    92.090	   124.584
    90.823	   126.320
    97.866	   147.816
    78.253	   161.982
    87.899	   132.496
    81.158	   152.909
    93.566	   137.842
    92.764	   158.389
    96.144	   161.778
    99.447	   135.625
    97.217	   148.437
    87.264	   152.436
    89.842	   126.730
    78.777	   157.517
    92.572	   132.324
    80.714	   151.011
    88.517	    84.470
    84.780	    53.657
    83.073	    58.737
    78.802	    46.340
    86.203	    59.451
    93.076	    46.098
    81.139	    38.094
    79.749	    65.384
    79.762	    60.908
    88.693	    98.520
    80.941	    43.873
    94.239	    44.183
    78.607	    57.162
    97.810	    48.834
    85.301	    71.083
    88.856	    48.915
    83.425	    64.014
    74.611	    35.853
    87.636	    63.506
    80.691	   152.120
    82.585	   161.127
    83.546	   157.014
    93.828	   140.946
    85.355	   156.880
    91.554	   146.928
    94.602	   135.002
    85.269	    69.525
    76.227	    70.078
    79.345	    54.606
    97.244	    75.780
    86.933	    57.219
    78.343	    43.390
    89.466	    34.645
    78.873	    70.821
    82.270	    63.703
    79.596	    65.206
    78.998	    42.003
    80.954	    63.595
    81.959	    45.398
    85.557	    30.600
    77.910	    55.349
    71.091	    50.733
    86.607	    47.205
    77.606	    40.380
    86.867	    61.284
    79.467	    54.284
    79.988	    51.725
    87.514	    64.737
    81.030	    45.334
    74.551	    43.230
    77.553	    77.144
    75.997	    77.547
    72.966	    38.473
    89.529	    69.648
    91.711	   124.791
    85.384	    55.030
    63.365	    45.525
    75.793	    64.199
    71.979	    42.379
    84.343	    87.485
    78.698	    80.671
    95.123	    61.125
    95.281	   116.997
    84.307	   133.094
    81.293	   151.378
    95.312	   151.265
    73.379	   135.165
    84.331	   139.508
    86.999	   152.393
    85.687	   148.267
    86.530	   149.150
    79.503	   155.696
    85.269	   152.016
    88.813	   153.205
    82.773	   147.669
    87.492	   163.627
    91.421	   166.875
    86.324	   149.597
    86.110	   160.146
    90.358	   129.188
    85.912	   147.883
    91.869	   157.781
    89.099	   158.511
    90.044	   138.167
    92.456	   167.250
    85.177	   164.030
    90.596	   132.666
    87.126	   144.586
    79.622	   175.418
    99.466	   130.337
    83.448	   148.269
    81.160	   124.028
    82.051	   148.497
    93.164	   133.872
    81.026	   147.753
    84.208	   147.957
    94.290	   138.493
    97.059	   126.476
    84.778	   142.416
    90.831	   148.045
    91.554	   131.706
    91.496	   112.238
    87.866	   160.201
    85.166	   133.882
    90.602	   138.569
    91.984	   134.294
    79.863	   138.732
    74.864	   131.751
    85.616	   131.424
    90.868	   141.799
    89.216	   139.771
    97.095	   152.419
    81.790	   140.107
    81.354	   159.011
    96.268	   150.058
    88.470	   141.397
    87.935	   132.880
    91.637	   142.155
    78.261	   123.692
    83.810	   157.888
    79.675	   146.908
    94.587	   160.861
    87.758	   173.752
    86.895	   132.189
    93.078	   145.109
    84.904	   154.766
    83.676	   133.636
    84.451	   151.557
    72.475	   151.366
    87.409	   155.507
    86.151	   130.957
    85.073	   133.558
    90.795	   129.236
    87.481	   145.013
    90.634	   146.393
    93.910	   162.496
    92.559	   153.918
    96.940	   127.332
    91.161	   116.327
    96.320	   136.282
    92.071	   147.504
    87.833	   118.371
    89.167	   158.848
    94.670	   148.597
    90.457	   160.107
    92.270	   136.074
    92.646	   161.086
    80.290	   145.290
    81.379	   153.608
    81.120	   152.103
    90.004	   163.886
    90.392	   150.780
    73.448	   153.604
    95.347	   143.763
    91.723	   143.103
    83.149	   147.874
    98.500	   141.470
   101.230	   119.637
    85.341	   147.097
    91.487	   152.335
    86.762	   130.812
    82.088	   159.039
    88.586	   125.981
    98.244	   142.618
    96.045	   149.965
    96.978	   128.750
    87.087	   161.890
    87.837	   143.884
   100.698	   144.688
    85.981	   141.414
    81.950	   145.474
    79.632	   158.506
    92.931	   138.096
    86.471	   105.910
    86.948	    90.984
    88.703	    98.755
    79.533	    60.741
    76.762	    48.245
    87.092	    42.471
    81.869	    67.622
    74.949	    57.065
    84.404	    71.853
    83.821	    75.562
    91.307	    46.560
    79.252	    56.131
    75.565	    60.467
    89.391	    78.734
    68.579	    54.212
    91.917	   107.221
    91.477	   150.006
    76.034	   140.465
   100.077	   147.454
    87.724	   155.586
    89.980	   172.155
    93.437	   160.167
    86.348	   160.404
    84.690	   168.842
    86.756	   128.823
    90.600	   160.795
    89.846	   140.848
    74.940	   168.725
    85.117	   123.200
    83.051	   161.193
    86.434	   150.134
    82.899	   127.463
    86.249	   132.669
    87.440	   149.407
    76.014	   142.553
    81.018	   144.991
    82.170	   147.523
    83.491	   121.496
    97.869	   144.116
    77.903	   168.938
    77.439	   132.347
    89.395	   124.031
    87.195	   159.835
    86.112	   141.443
    88.831	   139.858
    74.491	   151.930
    77.475	   152.909
    96.689	   147.523
    83.340	   124.638
    81.833	   154.633
    86.198	   155.081
    98.581	   133.750
    84.788	   143.086
    94.901	   139.644
    83.589	   149.853
    92.265	   148.394
    93.212	   153.127
    85.640	   156.258
   101.635	   144.646
    87.577	   162.895
    89.426	   172.840
    88.202	   148.818
    91.716	   135.466
    85.819	    80.905
    78.805	    50.436
    86.703	    56.708
    89.737	    39.961
   100.258	    74.786
    78.681	    43.725
    69.908	    57.570
    90.118	    69.014
    86.260	    66.151
    73.596	    80.836
    77.459	    63.529
    79.971	    45.463
    86.751	    65.941
    87.465	    71.819
    92.623	    82.641
    93.556	    64.400
    90.260	    63.361
    83.661	    34.005
    84.300	    68.570
    77.748	    73.636
    77.450	    50.140
    80.096	    49.583
    77.374	    59.562
    97.218	    99.873
    88.379	   140.736
    87.034	   131.660
    87.373	   155.405
    90.494	   161.432
    81.412	   155.125
    84.514	   151.965
    89.511	   145.359
    89.300	   140.821
    89.790	   157.275
    84.622	   149.118
    79.224	   147.224
    93.014	   141.631
    93.384	   158.744
    78.848	   148.616
    77.472	   141.994
    78.639	   157.456
    82.122	   154.501
    91.298	   145.995
    76.744	   154.579
    84.430	   140.813
    92.999	   160.746
    92.085	   117.283
    89.241	   113.437
    95.440	   146.923
    88.939	   140.465
    89.722	   150.462
    91.802	   140.019
    86.337	   155.005
    83.282	   163.882
    92.024	   115.161
    95.033	   143.022
    86.717	   152.057
    86.985	   170.179
    79.081	   175.599
    81.069	   150.161
    81.257	   150.173
    92.553	   148.248
    95.677	   157.548
    83.895	   153.358
    97.640	   151.878
    84.505	   144.571
    98.670	   143.384
    87.233	   152.560
    86.220	   155.543
    88.200	   160.374
    93.845	   156.017
    81.289	   153.823
    82.292	   142.526
    93.607	   146.437
    87.367	   156.762
    90.927	   140.277
    97.215	   134.029
    76.354	   147.028
    86.692	   162.322
    84.325	   160.428
    87.031	   137.411
    87.063	   135.461
    81.307	   151.355
    87.584	   143.293
    69.933	   153.311
    89.483	   157.552
   101.592	   124.374
   100.115	   146.543
    89.053	   132.873
    92.960	   136.824
    81.309	   163.049
    88.756	   133.894
    94.628	   129.195
    77.745	   133.388
    69.379	   152.385
   101.717	   135.238
    83.924	   143.957
    90.449	   145.033
    81.065	   155.332
    83.476	   136.626
    77.852	   120.992
    87.436	   124.746
    83.574	   156.078
    90.483	   167.208
   101.415	   129.212
    91.669	   139.717
    88.368	   153.803
    80.417	   136.425
    91.392	   153.224
    86.803	   158.860
    87.662	   138.141
    83.967	   163.813
    82.933	   137.925
    92.383	   144.359
    94.298	   156.058
    79.256	   139.930
    90.230	   141.732
    82.226	   131.386
    88.703	   138.305
    87.006	   163.165
    79.796	   149.719
    90.886	   139.543
    87.146	   143.617
    86.863	   140.105
    87.618	   176.263
    81.714	   130.214
    79.080	   143.243
    83.823	   144.462
    79.607	   160.109
    81.758	   161.760
    90.071	   162.871
    91.498	   160.896
    91.939	   142.474
    89.387	   152.240
    88.262	   157.877
    90.587	   152.447
    90.280	   156.907
    93.140	   156.623
    90.498	   162.333
    86.113	   151.427
    92.401	   142.119
    92.179	   138.323
    86.926	   132.228
    74.962	   168.703
    84.674	   148.663
    93.476	   144.507
    78.667	   158.132
    88.293	   110.154
    89.302	   156.815
    81.390	   149.628
    96.433	   141.958
    88.939	   147.772
    86.315	   147.396
    93.912	   138.666
    91.159	   146.937
    91.084	   136.064
    89.209	   140.457
    87.520	   153.290
    93.406	   141.227
    85.697	   153.611
    90.828	   165.348
    80.715	   158.169
   100.014	   154.858
    69.308	   137.990
    85.980	   178.834
    86.724	   138.412
    91.905	   125.204
    83.734	   160.262
    78.401	   131.242
    89.006	   148.143
    89.096	   141.704
    86.984	   126.248
    85.302	   148.834
    94.329	   141.076
    93.606	   149.987
    84.687	   162.814
    85.860	   134.071
    85.318	   145.178
    85.308	   154.718
    85.404	   151.296
    80.324	   154.288
    93.729	   152.351
    88.149	   140.988
    92.474	   130.892
    92.113	   162.295
    78.385	   166.271
    88.831	   146.212
    95.404	   148.966
    89.074	   145.992
    76.993	   140.569
    90.013	   152.984
    84.632	   170.994
    82.243	   174.815
    91.620	   136.833
    90.190	   135.113
    75.435	   139.405
    87.112	   130.475
    85.350	   159.143
    85.489	   168.617
    89.229	   151.215
    91.315	   149.955
    93.217	   119.942
    85.749	  -174.835
    91.184	   153.841
    77.072	   151.909
    99.671	   140.824
    77.241	   148.903
    95.993	   135.795
    81.720	   145.569
    88.569	   120.128
    75.959	    79.950
    79.520	   155.074
    88.834	   156.042
    88.928	   132.765
    85.258	   126.038
    92.701	   139.820
    90.882	   134.700
    73.383	   152.227
    75.165	   116.353
    84.302	   128.363
    90.612	   118.807
    89.539	   148.807
    89.478	   149.292
    90.949	   151.569
    78.122	   155.758
    92.188	   155.617
    93.027	   148.752
    78.654	   155.583
    92.564	   140.751
    86.889	   169.693
    86.150	   142.164
    87.501	   154.566
    75.867	   142.585
    98.710	   145.434
    85.535	   145.286
    79.131	   115.236
    86.175	   127.745
    90.691	   129.217
    90.827	   143.068
    94.073	   138.289
    99.410	   132.147
    98.544	   135.280
    88.469	   141.195
   100.156	   137.629
    76.859	   171.749
    91.765	   139.694
    95.755	   128.912
    95.483	   157.222
    85.688	   113.602
    87.604	    70.718
    95.160	    75.329
    82.457	    43.362
    91.375	    45.642
    90.959	    72.324
    82.757	    42.409
    81.498	    72.790
    81.958	    83.331
    84.786	    80.988
    87.138	    67.954
   103.066	    60.772
    68.557	    45.584
    84.341	    31.347
    90.600	   126.699
    84.115	   168.354
    77.265	   134.991
    78.142	   131.985
    75.333	   112.395
    91.629	   140.488
    86.641	   133.530
    82.581	   156.449
    76.018	   168.496
    82.346	   153.351
    93.892	   147.834
   100.602	   143.147
    91.209	   129.827
    92.889	   134.767
    95.934	   156.234
    75.551	   156.123
    87.666	   152.284
    94.828	   145.645
    82.336	   147.918
    88.212	   153.920
    90.818	   149.375
    93.844	   142.737
    94.774	   159.838
    92.320	   133.770
    81.172	   146.092
    99.010	   161.204
    77.823	   156.107
    79.952	   119.161
    90.042	   145.432
    95.288	   161.434
    78.282	   124.349
    96.823	   129.744
    94.026	   138.664
    90.469	   154.665
    81.164	   150.759
   101.421	   128.733
    88.120	   135.686
    81.001	   155.700
    82.259	   169.220
    90.938	   128.716
    89.331	   137.000
    96.643	   123.618
    91.814	   141.735
    92.777	   135.680
    82.133	   153.528
    85.754	   143.139
    80.548	  -178.136
    87.570	   163.799
    86.937	   153.443
    83.992	   148.663
    81.985	   146.197
    93.247	   149.806
    92.773	   134.030
    95.407	   147.131
    85.263	   161.954
    94.819	   136.413
   104.215	   151.602
    77.541	   154.406
    94.374	   142.566
    87.510	   162.083
    85.649	   152.952
    78.996	   172.286
    92.468	   119.415
    92.773	   135.230
    84.746	    93.433
   100.615	    49.002
    87.109	    34.319
    67.917	    72.014
    78.710	    36.747
    87.253	    38.828
    78.049	    64.707
    72.830	    64.488
    77.180	    47.269
    86.684	    51.930
    69.580	    74.713
    81.596	    69.095
    61.405	    48.002
    86.660	    74.802
    79.100	    75.610
    81.207	    44.570
    82.039	    74.176
    76.999	    61.264
    96.017	    87.060
    75.247	    46.998
    79.320	    50.915
    76.560	    77.621
    84.826	    67.213
    82.199	    52.288
    64.334	    60.428
    75.186	    71.737
    86.833	    58.369
    82.372	    53.718
    74.797	    40.813
    87.335	    73.562
    81.530	    58.140
    82.791	    53.167
    77.835	    67.085
    90.054	    43.481
    87.341	    54.934
    88.112	    57.534
    81.981	    72.344
    98.682	    78.327
    82.894	    91.120
    80.903	    69.611
    72.099	    39.163
    90.181	    17.518
    94.792	    48.451
    85.053	    89.318
    78.994	   123.423
    90.591	   140.460
    83.503	   160.683
    82.477	   162.398
    78.610	   144.316
    86.929	   146.673
    88.169	   138.822
    92.035	   143.930
    96.147	   171.231
    92.957	   139.026
    82.947	   162.704
    94.886	   139.611
    90.921	   152.556
    82.056	   148.135
    93.841	   151.523
    91.860	   159.207
    89.644	   152.541
    88.164	    66.195
    78.606	    66.475
    73.913	    56.620
    84.721	    79.621
    77.755	    61.104
    80.420	    71.310
    77.168	    80.671
    81.493	    59.438
    84.463	    45.322
    78.950	    88.239
    86.989	    56.379
    90.091	    94.942
    70.440	    70.345
    82.387	    30.805
    95.383	    49.475
    78.743	    66.770
    82.882	    50.148
    91.086	    77.523
    97.498	    76.145
    91.713	    90.637
    78.532	    53.605
    80.654	    43.973
    91.057	    62.105
    84.648	    48.912
    84.230	    58.256
    75.755	    63.495
    86.976	    66.696
    78.358	    60.536
    90.044	    62.055
    96.215	    35.500
    79.137	    48.851
    83.947	    94.522
    80.297	   117.857
    85.010	   148.233
    98.438	   134.036
    81.150	   163.688
    83.887	   162.756
    87.301	   132.268
    88.839	   145.702
    96.880	   143.686
    81.053	   168.526
    89.750	   149.269
    82.188	   160.578
    79.585	   178.029
    93.628	   146.553
    71.250	   169.192
    88.212	   154.109
    79.174	   151.247
    80.892	   133.177
    87.485	   143.001
    74.649	    53.058
    70.340	    69.542
    77.261	    46.912
    86.404	    50.877
    79.327	    41.231
    79.446	    63.140
    70.028	    69.610
    89.226	    57.803
    87.809	    60.365
    82.953	    87.399
    76.313	    67.602
    90.994	    55.798
    90.382	    42.332
    84.744	    59.640
    72.635	    44.759
    81.770	    75.145
    79.951	    75.193
    83.889	    67.563
    85.545	    58.252
   100.158	    68.990
    90.428	    52.365
    82.767	    34.054
    82.275	    77.612
    73.359	    64.331
    79.919	    87.974
    84.645	    30.845
    72.659	    43.659
    95.112	    52.675
    77.631	    71.031
    84.388	    73.880
    89.383	    95.699
    89.416	   131.976
    94.119	   130.990
    93.537	   159.706
    79.349	   139.875
    83.495	   139.539
    80.329	   142.632
    81.413	   134.348
    86.325	   143.685
    87.731	   156.722
    87.923	   144.753
    78.641	  -160.021
    75.603	   173.649
    91.460	   142.680
    86.295	   127.962
    96.453	   140.833
    91.074	   144.151
    88.948	   127.781
    92.952	   140.215
    74.980	   150.210
    82.095	   141.185
    88.984	   137.039
    85.930	   147.203
    90.536	   156.086
    94.580	   138.972
    90.859	   136.233
   102.602	   132.377
    94.207	   150.553
    85.864	   150.303
    94.032	    88.751
    81.812	    67.421
    80.753	    76.265
    86.877	    78.472
    88.003	    51.355
    87.089	    45.240
    85.283	    75.103
    90.820	   100.028
    90.974	   108.927
    78.168	    64.859
    85.006	    60.925
    77.148	    24.949
    89.489	    40.332
    83.386	    49.698
    82.361	    68.565
    83.340	    92.149
    83.579	   148.798
    81.445	   155.140
    81.165	   150.457
    91.915	   154.653
    88.430	   161.951
    84.901	   151.533
    89.787	   144.857
    79.289	   160.059
    84.369	   126.209
   100.630	   141.080
    87.592	   152.739
    87.377	   149.494
    92.398	   140.636
    83.517	   143.530
    87.843	    68.108
    76.976	    49.480
    83.395	    77.046
    84.563	    51.429
    77.681	    54.356
    81.280	    44.902
    91.061	    80.291
    92.679	    68.486
    92.497	    52.774
    84.734	    47.249
    78.513	    61.186
    79.083	    78.521
    85.327	    86.461
    74.900	    93.306
    83.847	    62.399
    85.332	    30.533
    85.257	    60.180
    86.955	    54.146
    83.394	    36.773
    87.123	    62.652
    86.664	    71.715
    85.312	    87.427
    87.808	    21.736
    82.413	    41.223
    82.949	    56.287
    88.353	    50.939
    84.783	    40.617
    92.389	    81.243
    90.619	    51.564
    81.640	    64.443
    87.779	    61.043
    81.737	    53.261
    90.296	    48.067
    92.947	    60.011
    78.756	    63.101
    85.706	    60.342
    80.840	    70.533
    83.986	    50.074
    80.414	    41.748
    88.370	    51.413
    91.511	    66.802
    79.041	    34.095
    74.241	    42.655
    78.836	    39.982
    93.274	    67.925
    93.255	    71.611
    84.884	    75.051
    72.577	    55.283
    82.958	    32.557
    84.213	    65.561
    84.818	    42.774
    86.659	    58.324
   104.108	   144.854
    90.355	   142.620
    89.130	   112.457
    91.620	   151.682
    91.710	   162.089
    87.863	   150.136
    89.708	   151.305
    80.291	   134.436
   106.861	   147.295
    83.392	   126.166
    94.016	   152.096
    92.343	   148.362
    88.979	   132.305
    87.201	   147.980
    93.005	   150.424
    94.494	   132.354
    92.547	   155.403
    80.036	   173.135
    77.683	    73.707
    91.023	    83.287
    82.391	    37.043
    79.712	    63.215
    80.493	    71.171
    93.553	    22.990
    86.475	    48.058
    87.714	    51.397
    88.867	    56.285
    92.424	    87.151
    86.580	    41.309
    90.220	    32.206
    86.415	    97.562
    81.204	    61.666
    70.740	    54.080
    82.959	    35.677
    85.324	    71.659
    85.321	    35.464
    87.990	    70.508
    85.716	    45.111
    82.091	   149.505
    82.328	    99.917
    85.760	   126.577
    86.625	   158.033
    79.784	   164.730
    92.147	   125.417
    88.869	   145.975
    86.127	   136.881
   102.401	   143.007
    87.889	   175.845
    87.723	   156.606
    86.570	   134.915
    87.947	   146.223
    97.125	   152.263
    72.822	   162.788
    82.010	   124.805
    92.590	   132.609
    84.046	   137.234
    87.315	   161.843
    94.867	   148.715
    91.715	   134.224
   101.449	   147.708
    91.886	   142.468
    96.274	   125.597
