-104.244  132.779  175.707
-107.773  139.907  165.613
-109.389  136.977  172.805
 -93.800  150.345 -177.542
 -97.631  138.358 -166.858
-110.228  135.431 -168.915
-100.897  130.053 -171.197
-106.827  128.463  176.263
 -93.867  146.952 -177.740
-107.864  141.413 -176.586
 -99.795  124.137 -163.846
 -93.123  134.088  177.005
-105.600  121.866 -169.269
-108.918  126.034  173.936
 -98.786  123.658  176.831
-103.431  129.716 -171.670
-101.288  131.867  142.088
 -98.152  125.185  160.121
 -92.923  118.712  174.186
-107.599  140.401  159.528
-105.726  119.133  168.531
 -93.440  138.044 -153.061
 -97.105  145.258  177.142
-105.256  111.454 -179.695
 -96.223  144.530 -173.559
 -99.872  145.291 -179.544
-108.956  137.839  175.003
-112.446  138.580  166.907
-117.621  142.386 -176.530
-120.503  149.124  176.030
 -99.180  133.286  175.117
-108.198  134.175 -178.508
-100.244  130.058  169.665
-109.982  135.620 -171.606
 -95.419  128.842 -177.584
 -92.758  142.075  154.108
-109.000  116.449 -174.158
-104.355  127.471 -178.260
-116.778  157.011  161.084
 -96.910  139.069 -163.595
-109.014  129.945 -179.980
-128.866  146.324  170.665
-104.212  134.710  161.531
-111.469  138.114 -175.732
-109.222  134.692  167.632
-119.656  134.737  174.193
-120.407  143.653  158.621
 -92.703  132.980 -176.702
-127.596  145.517  175.737
-111.411  138.420  159.265
-118.315  130.694 -169.320
-117.294  137.548  164.995
 -92.775  152.268  159.241
-108.197  122.726  160.487
-117.461  114.079  170.040
-127.077  125.651  169.926
-103.758  124.063  168.826
-121.427  131.703 -177.669
-115.427  121.412  179.203
-103.374  138.881  175.683
-117.278  128.719 -175.873
 -99.179  144.171 -171.528
-109.117  123.942 -171.093
-107.986  129.370 -168.665
-121.156  143.195 -170.503
-105.542  143.492 -170.818
-100.966  125.803 -173.815
-109.712  142.049 -177.564
 -99.606  137.831  173.217
-103.916  136.084 -178.393
-102.186  142.113  178.372
 -97.078  144.017  155.860
 -91.476  144.267  165.780
-108.360  125.217  173.947
-110.781  149.506 -163.147
-113.005  141.310  166.111
-112.349  137.454 -172.694
-105.279  146.752 -172.424
-109.874  139.664 -174.753
 -94.138  148.688 -164.572
-103.285  140.058 -175.389
 -90.705  131.354 -179.944
-116.982  121.113 -177.828
-100.474  151.429 -178.436
 -91.352  128.941  174.016
-127.484  144.892  179.301
-125.604  139.614 -174.720
 -97.184  143.401  163.442
 -96.767  116.732 -174.944
 -90.466  134.859 -160.685
 -99.374  131.423  171.041
 -93.279  142.654 -177.617
-109.525  132.886  162.506
-110.980  135.135 -163.138
-105.926  131.924  169.021
 -90.596  135.115 -170.860
-111.037  142.055  160.354
 -96.501  133.179  172.152
 -88.432  129.728 -173.051
 -92.416  141.223  169.252
 -95.423  118.688  179.890
-113.109  132.251  173.243
-108.541  143.707  164.360
 -91.354  150.641 -172.758
-107.635  138.520 -173.876
 -91.389  137.879 -174.895
 -98.636  136.490  164.551
 -94.717  126.191  179.682
 -92.629  141.866 -172.251
-106.243  142.989  168.555
 -99.589  126.403 -169.316
-122.267  140.283 -177.499
-102.496  143.292  163.706
 -93.647  135.328  165.864
 -97.675  122.060 -179.307
-126.548  119.886  170.569
-105.538  132.377  179.454
 -91.584  139.191  179.205
 -95.650  131.906  175.236
-107.851  135.348  174.070
-103.431  136.399  178.029
-110.702  145.582 -171.414
-107.935  152.242  168.126
-102.581  137.314  170.394
 -96.122  140.637 -175.510
-106.324  127.947  177.561
-101.978  124.490  173.407
-102.688  141.894 -168.617
-111.756  136.009  158.242
 -95.983  126.535  174.701
-110.914  127.940 -178.033
-100.146  139.393  175.159
 -99.422  124.689  165.955
-127.055  132.733  152.661
 -99.298  143.893  169.554
 -94.588  126.101 -174.928
 -95.737  146.818 -174.087
-117.153  138.853 -163.484
-117.171  131.757  164.075
-101.948  140.986  172.217
-108.237  125.810  153.657
 -99.491  139.810  164.548
-101.215  138.148  177.609
-122.151  134.128 -176.392
 -82.453  140.973 -178.816
-101.337  128.932  171.107
-100.582  127.270 -175.567
-109.726  133.012 -170.110
-115.993  133.155  177.868
-112.142  132.598 -174.156
 -97.768  137.151 -177.405
 -89.576  127.289 -159.537
-107.091  133.119  164.976
-116.776  142.821  172.402
-103.487  128.999 -177.027
 -97.311  129.701 -175.549
-107.341  136.444 -172.656
-106.492  135.671  176.799
-101.768  143.799  173.980
-105.468  126.257 -174.977
-105.125  133.097  171.500
-105.571  126.678 -176.042
 -99.323  129.349  179.818
-103.687  141.922 -170.478
-119.075  140.287 -171.027
 -85.006  127.110  175.799
-101.479  124.462 -174.690
-108.006  145.108  173.203
 -97.339  134.240  173.562
-104.184  148.126 -177.695
 -94.158  154.352  176.851
-101.376  135.480  174.436
-100.453  142.102  176.201
-103.501  128.443 -171.329
-111.859  129.140  170.936
-111.054  137.389 -173.360
-102.531  133.443 -164.588
-109.031  136.904  178.153
-110.214  123.657  159.987
-106.267  131.387 -177.313
-118.911  128.972 -177.962
-107.588  143.790 -177.859
-120.755  144.055  163.678
-118.878  132.463  169.596
 -97.799  129.726  161.829
-124.991  130.227  169.627
-100.074  129.008  176.992
-119.159  130.732  179.624
 -99.038  125.692 -173.630
-107.032  146.334  179.115
-103.766  143.662 -179.660
-103.987  131.303 -166.297
 -99.905  127.847 -171.714
-103.407  154.742 -171.413
-127.289  138.755  177.056
-111.040  153.233 -162.421
-100.284  149.623  172.469
 -95.927  132.217 -179.093
-110.144  123.589  157.465
-102.801  130.254 -166.234
-106.511  129.157  172.947
 -86.766  140.456  163.860
 -95.785  131.696 -176.796
 -99.684  137.741 -165.717
-129.109  131.970  178.547
 -87.568  134.102  164.595
-100.403  128.048 -179.210
 -97.428  131.654 -173.120
-108.792  125.231 -176.604
 -99.305  125.402  171.530
-102.905  137.252  179.352
 -97.459  133.886  166.823
-101.413  136.062  178.663
 -95.387  123.231  175.601
-108.237  116.129  159.076
 -98.436  130.427  177.596
-123.536  149.874  174.657
-104.182  143.604 -174.233
-104.929  127.651 -173.829
-109.477  123.333 -177.923
-105.795  139.043 -178.346
 -91.954  130.570  169.383
 -89.965  137.968  177.413
 -84.269  130.483  168.933
-114.506  129.490  150.095
-118.028  122.763 -180.000
 -97.021  125.837  169.218
-113.590  139.487  177.650
-110.260  145.061  177.752
 -93.880  145.220  165.598
-114.956  155.308  165.449
 -96.105  133.295  158.943
-114.012  119.485  179.899
 -88.734  137.064 -179.315
-106.727  143.231  166.491
-100.843  128.736  173.425
 -97.850  139.237 -179.021
-109.591  145.464 -171.453
-103.354  138.143  171.919
-109.569  122.828 -160.505
-128.200  131.384  172.912
 -95.868  131.437 -170.825
 -94.079  139.397 -178.619
-102.039  146.709  164.917
-105.918  123.971 -175.100
-101.971  124.499  174.637
-101.817  132.206 -170.130
-109.068  127.186  177.001
-113.245  121.196  149.176
 -93.327  127.475 -166.356
 -96.690  122.764  174.216
-116.635  128.565 -169.647
-109.960  137.452  178.781
 -87.875  151.034  179.501
 -91.538  134.800  172.779
 -98.008  134.802 -168.380
 -94.774  145.459 -162.433
-120.338  143.798 -177.773
 -97.342  147.157  170.592
 -93.964  143.873  176.794
 -91.564  125.076  153.810
-114.332  125.307 -179.960
-109.645  132.206  165.752
-114.624  139.635 -178.985
 -87.061  137.681 -165.608
-129.802  141.145  151.774
-109.290  130.725 -174.138
-123.268  117.977 -171.223
 -98.739  140.874 -177.684
-101.525  131.829  179.216
-110.827  123.220  166.696
-102.241  140.815  166.471
-109.368  127.107  160.876
-106.265  133.281  175.360
-120.733  135.352 -168.383
-104.431  127.323 -173.056
-109.236  133.530 -179.349
-111.198  148.516  175.251
-108.908  120.278  166.522
-104.570  144.682  172.017
-104.362  150.575  168.928
 -92.598  125.790 -179.535
 -98.935  150.629  155.842
 -87.908  150.608  171.514
-107.640  120.725  168.815
-106.200  136.779 -178.034
-102.809  144.448 -175.335
 -94.673  128.147  176.138
-100.850  149.146 -172.377
 -86.999  153.072 -177.281
-104.118  145.819 -172.563
 -89.160  124.161  171.841
-136.870  128.337  170.871
-108.587  131.442  162.097
-125.543  115.621 -174.978
-123.991  128.381  168.198
-110.949  133.690  166.545
-115.932  128.498 -177.960
-119.175  131.278 -175.680
 -98.605  131.165 -173.513
-115.135  140.120  177.357
-101.188  127.424 -176.715
-116.171  148.742  177.556
-104.814  148.640 -175.181
-100.539  142.170  162.331
-110.916  133.065  174.802
 -98.290  129.159  142.719
-105.956  136.841 -170.725
-116.569  123.785  168.633
-103.637  136.068  151.653
 -86.569  137.717 -149.174
-114.354  152.077 -172.891
-100.362  142.843 -157.596
-103.643  139.937 -164.137
 -96.742  128.068 -178.461
 -85.672  147.165 -169.755
-100.835  145.741  170.650
-111.061  117.284  176.116
-107.909  127.866  167.908
-107.348  139.844 -173.484
-113.195  132.316 -177.875
 -99.449  133.606  172.837
-101.254  140.653 -168.098
 -99.406  134.330 -169.095
-114.093  133.501  162.557
-112.129  138.164  178.358
 -98.972  136.802 -170.109
-110.113  125.688 -173.843
 -95.301  125.509 -167.522
-101.251  142.633 -170.884
-105.218  132.434 -177.759
 -97.418  150.311  172.526
-110.165  140.359  161.958
-116.404  134.329  155.447
 -95.531  120.945  162.437
-117.590  138.764  179.708
-104.416  119.440 -174.056
 -92.546  127.257 -171.849
-125.459  132.983 -174.994
 -94.475  148.454 -178.563
-101.074  133.819  179.437
-102.643  138.141 -173.502
 -99.469  142.586  170.863
-110.537  132.289  167.111
-121.633  134.535  170.635
-106.551  132.781  170.471
 -92.034  130.860 -173.490
-102.962  132.789  173.387
-102.574  111.501 -175.378
-109.640  121.280 -178.952
-104.392  122.650 -176.753
-113.110  134.159 -168.542
 -99.574  131.158  168.350
-102.125  133.847  159.676
-105.216  148.931 -168.777
 -97.635  145.081 -173.117
 -94.853  140.612  176.395
-106.252  128.535  177.133
 -99.095  138.197 -169.524
-119.561  122.507  166.503
-115.471  135.555  172.567
-105.243  139.530 -173.178
-114.593  144.925  166.861
-112.599  128.186  162.483
 -89.793  142.404 -173.911
-101.791  146.528  159.344
-126.770  137.237  174.260
-102.560  127.988 -174.844
 -97.096  127.774  149.636
-120.757  128.300 -171.909
 -98.093  136.552 -179.289
-103.772  134.445 -165.694
 -95.982  146.571  168.557
-104.144  119.731  167.276
 -97.409  124.804  164.414
-111.101  135.193  177.981
-108.497  148.812 -160.324
-119.245  105.179 -176.580
-108.730  127.916 -175.860
-103.064  132.683  178.238
 -94.095  122.512  178.731
-105.605  133.531  176.865
 -93.611  137.410 -156.501
-104.303  123.820 -174.501
-101.412  128.075  174.233
 -95.460  144.778 -172.738
-101.066  127.013 -168.915
 -93.178  133.192  168.349
-104.409  136.518  172.791
-108.758  122.888  179.717
 -88.546  121.067  167.463
 -95.474  139.516 -172.589
-101.502  146.550 -161.096
 -97.859  137.098  169.860
-103.048  138.149  167.677
-115.432  143.304  170.234
-102.546  135.661 -174.075
 -99.917  121.603  162.714
-121.069  134.357 -179.227
-110.226  142.906 -173.596
-100.973  142.481 -179.642
 -95.661  138.677 -179.304
-101.328  129.766 -178.242
 -93.411  132.871  170.612
 -98.378  130.467  179.545
 -95.721  149.646  179.285
 -95.080  147.908  171.096
-112.170  153.584  170.680
 -94.881  147.110 -166.853
-117.654  128.429  136.758
-105.537  139.561  142.869
 -98.804  121.976  174.185
-105.493  144.254 -173.796
-128.636  122.985  174.911
 -84.016  136.600  178.328
-124.065  129.636  172.362
-114.734  145.810 -174.769
 -89.967  139.076 -179.661
-100.330  140.799  165.237
-110.453  124.912 -173.999
-120.420  116.362  177.956
-103.435  146.197 -159.956
 -92.970  146.212 -159.424
 -93.872  136.710  170.203
-109.551  124.473  177.974
 -95.289  150.986  179.956
-111.284  120.733  162.933
-106.453  141.737 -168.595
 -97.807  134.057  178.472
 -97.395  127.277 -170.765
-103.047  134.181 -163.538
-113.663  148.031 -179.635
 -90.601  128.532  179.349
-107.444  123.281 -172.986
 -99.964  141.319 -159.661
 -95.235  135.496 -175.558
 -97.997  141.311 -177.561
-109.002  134.487 -177.886
 -98.247  136.926  164.954
-117.855  137.475 -177.097
-126.877  133.883  175.632
-110.037  122.270  170.166
 -99.507  142.489  179.601
-105.790  133.802 -171.097
-109.654  119.320  179.952
-113.460  145.967  175.744
-107.439  127.536  151.576
-102.876  141.987  161.938
 -98.099  135.310  155.231
 -99.900  125.377  179.468
 -91.046  140.165  175.596
 -85.831  132.004  170.696
-105.459  136.117  177.130
-106.446  141.422  171.706
 -98.289  133.685  179.492
-109.698  139.214 -169.031
-100.936  126.841  164.901
-133.265  141.004  173.659
-105.599  137.352  176.933
-118.307  130.327 -163.639
 -98.499  122.060  170.657
 -97.497  139.095  167.309
 -97.142  139.056  160.930
-123.744  137.823  172.439
-113.314  134.120  170.756
 -96.946  141.371  174.992
-101.617  133.192 -179.478
 -98.706  133.725 -177.715
 -90.601  141.643  165.857
 -78.501  146.195 -178.478
-103.812  140.233  172.404
-102.637  130.955 -165.838
 -83.598  142.317 -177.091
-107.579  124.829  171.075
-115.422  130.633  171.436
-103.192  145.907  163.220
-105.863  133.244  177.820
 -93.624  132.947 -173.361
 -98.200  135.764  168.195
-100.792  138.365 -179.207
-101.797  145.514  168.786
 -97.135  130.701 -161.993
 -97.495  150.939  175.350
 -97.464  128.388  169.665
-100.544  152.436  168.223
 -99.411  136.648 -161.295
-126.766  127.872  173.580
-130.506  138.421 -176.121
-105.672  149.044  171.253
 -99.822  137.876  169.698
-104.039  131.801 -168.105
-102.506  140.930 -165.075
-104.832  136.488  163.026
-100.408  127.304  179.634
-106.074  126.794 -171.897
-103.982  119.815  178.696
-113.839  145.503 -176.274
 -91.007  129.199 -176.923
 -98.466  132.095  179.153
 -95.048  144.660  156.335
 -83.451  137.612 -174.956
-105.801  132.843  164.516
 -99.317  135.101 -175.772
 -91.383  119.229  168.934
 -90.717  130.489 -176.769
-120.664  143.399 -177.294
 -93.311  132.072  168.995
-102.382  133.968 -179.511
-109.080  136.511  171.735
-103.356  136.198  176.529
 -99.956  128.509 -178.791
-108.552  124.286  174.829
-107.656  130.179 -171.452
-117.554  128.692 -167.812
 -91.916  129.568 -166.419
-114.065  116.613  168.367
-121.013  136.342 -175.119
-101.877  127.494 -179.692
-104.377  145.797  163.439
-109.973  125.801 -177.002
 -93.251  133.138  178.557
-107.224  133.987 -159.786
-102.036  125.239 -160.631
-117.220  132.020 -157.718
 -90.636  123.003  164.300
-114.849  134.441 -168.677
-117.028  124.848  163.241
 -99.555  131.941 -161.749
-126.657  146.006  167.816
 -98.524  137.851  169.078
-110.465  132.877 -175.887
-109.935  125.741 -179.814
-126.097  139.644  172.412
 -98.850  131.788 -163.939
-107.282  144.614 -172.880
-101.831  148.110 -174.195
-106.476  151.026  176.900
-102.643  147.524  171.064
-111.169  135.950 -178.817
-101.478  127.855 -176.751
 -96.032  135.019  176.550
-104.238  131.047  174.640
-100.328  122.016 -173.978
 -97.034  131.585  173.985
 -94.029  123.945 -178.298
-105.993  146.014  177.993
-120.325  124.342 -177.683
-112.961  130.003  174.853
-101.500  148.705  164.503
 -96.959  146.433 -166.532
 -93.653  142.786  174.551
 -92.608  132.735 -164.911
-109.537  135.580  172.333
-104.914  145.144  158.345
-102.423  144.585 -178.334
 -93.200  149.016  176.142
-106.513  131.997  172.246
 -87.552  137.957 -168.967
 -91.086  139.932  166.499
-117.266  125.173 -177.583
-101.300  145.106 -166.382
 -93.381  134.142  176.273
-108.616  137.094 -173.296
-105.369  139.321  179.690
-121.127  123.674  170.428
-109.706  129.479 -168.093
-112.579  127.744  158.325
-102.547  142.719  162.959
-118.322  116.949 -177.514
 -88.831  138.592  174.828
-101.448  142.356  171.812
 -96.796  130.442 -174.552
-118.574  136.640  161.150
-102.720  129.458 -179.106
-118.693  119.234  171.596
 -96.991  128.938 -176.114
-107.525  134.302  179.375
 -94.586  117.957 -169.090
-102.152  141.231 -178.190
-113.577  137.538  177.985
 -94.060  127.482 -177.794
 -95.390  141.024 -167.929
-107.296  142.983  169.532
-104.158  128.876  179.391
-107.040  145.467  169.972
-109.817  125.958  177.589
-109.318  116.333  164.494
-110.724  138.084  179.376
-114.599  126.076  176.519
-109.176  126.844 -179.878
-100.259  125.218 -174.932
-118.979  126.906  176.245
 -93.030  129.222 -175.937
-105.698  140.853  164.658
-102.682  147.083 -176.690
-114.424  136.534 -176.516
-102.123  147.445 -169.781
 -95.512  132.030 -175.000
-123.806  153.387 -169.039
-101.215  134.101  171.119
-105.648  134.349  176.609
 -97.432  132.732  167.564
-113.539  131.253 -169.890
-120.291  126.628 -179.838
-109.937  136.501  164.478
-105.899  143.139  170.918
-117.246  139.233  173.072
 -97.696  154.111  172.171
-112.367  134.291 -159.918
 -98.348  142.310 -172.964
 -99.210  126.767 -172.909
-112.699  132.936  179.448
 -96.124  139.878 -165.786
 -89.219  122.254 -174.911
-114.583  144.021 -174.275
-135.401  142.190 -174.061
 -99.776  131.924  168.539
-108.361  130.817  173.810
-104.951  131.991 -178.854
 -87.629  129.692 -170.787
-110.002  129.299 -173.508
-112.298  146.900 -169.602
-125.443  136.186  166.099
-107.191  126.599  173.800
-100.965  141.340 -169.907
-106.896  145.366  178.282
-108.955  146.641  174.896
 -99.468  146.238 -173.615
-102.659  139.111 -169.989
-104.636  130.994  172.742
-122.119  143.862  177.291
 -98.540  136.087 -177.719
 -92.571  133.173  175.419
-106.498  128.667  169.173
-102.740  135.785  163.069
-104.700  137.244  167.950
-101.623  121.992 -179.807
 -99.170  142.322 -167.606
-107.866  140.309  174.610
-103.164  136.230 -158.110
 -84.506  131.261  155.928
-118.924  141.091 -179.155
-103.225  143.738  167.194
 -98.613  137.607 -177.654
-113.396  116.289  168.253
-112.975  134.050  173.747
-108.563  151.799  157.250
-100.496  154.359  173.641
-105.484  130.547  179.253
-104.417  124.223  165.531
-111.182  121.962  172.926
-112.021  118.125  160.117
-110.465  142.150 -167.385
 -99.306  133.152 -174.406
-111.163  125.818  177.488
-104.807  133.330  179.152
-120.438  119.053  177.498
-100.492  140.282  178.716
-109.967  126.261  176.252
 -92.350  127.679 -177.028
-106.550  135.301 -173.976
-102.496  139.942 -175.076
-111.342  130.901  175.964
-112.912  139.892  168.569
-123.966  116.286  160.530
-103.369  128.239  164.849
-111.846  127.320 -178.215
-117.964  130.072 -176.928
 -98.866  141.191  177.521
-101.457  123.974 -160.128
 -90.189  144.661 -176.583
-131.293  131.929  147.008
-101.379  132.926  175.215
-106.269  120.502 -175.300
-107.577  130.872 -165.006
-112.463  130.610  170.421
 -84.823  131.610 -176.935
 -93.914  127.653  176.158
 -95.481  148.002  175.744
-102.895  142.361 -174.172
 -95.484  133.287 -177.870
 -91.104  139.479  159.523
-108.278  124.054  174.365
-113.228  124.663 -169.839
-109.678  133.479  158.113
 -74.122  149.064 -174.171
-103.910  147.666  171.307
-105.922  138.970  162.053
-112.433  135.244  170.665
-103.359  137.353  176.600
 -91.321  127.281  164.478
-104.874  130.320 -178.797
-117.538  145.056  173.991
 -94.785  137.585 -163.607
-109.825  123.983  178.184
 -97.853  138.070 -169.546
-118.909  142.739  163.339
-104.350  129.254  176.066
-104.391  141.033  176.521
-110.291  124.042  168.350
 -98.490  138.176  172.258
-122.620  122.410  161.199
 -96.357  136.763 -175.399
 -99.624  128.671 -178.597
 -99.408  143.366 -179.341
 -94.510  138.014  173.680
 -95.285  122.497  174.203
-111.909  143.798 -179.326
-103.936  119.318  170.231
-115.383  129.940  179.048
 -94.899  145.838 -179.062
-120.492  142.187 -171.414
 -97.784  129.267 -179.727
 -96.442  141.144 -176.423
-133.000  125.502 -178.900
 -91.509  127.634 -167.640
 -98.291  139.084 -173.932
-105.714  143.013  177.703
-111.669  131.555  170.298
 -93.514  139.067  178.874
 -98.533  135.109 -175.204
-105.123  132.900  166.397
-110.222  143.599 -177.611
 -90.326  140.880  175.513
-103.076  147.813 -178.412
-104.126  133.493 -172.446
 -97.164  141.177 -174.548
 -96.988  137.018  161.797
-113.582  126.928 -168.340
-106.834  135.676  173.555
-129.077  132.727  170.771
-130.519  144.874  139.864
-109.428  134.666  169.713
 -87.048  143.402  166.891
 -94.188  134.453 -167.602
-100.130  123.923 -173.684
 -94.691  141.357 -167.090
-113.798  150.089 -174.528
 -97.333  134.437 -177.821
-106.077  125.595 -173.545
-101.112  128.699 -170.500
 -93.185  148.102 -178.780
-110.094  121.951  174.285
-103.508  150.399 -165.269
 -96.460  139.334  171.313
 -98.140  139.258  174.878
-108.323  122.657  175.057
-106.979  152.649  175.687
-105.706  132.331  175.945
-109.057  137.219  153.253
 -98.119  134.263  168.257
-102.225  129.713 -164.153
 -99.770  121.986  175.636
 -96.512  130.953 -178.186
-119.715  126.864  155.153
 -97.786  130.846  154.745
-110.466  144.160  179.013
-109.995  127.695 -168.452
-128.082  143.183  167.253
-117.713  112.106  177.597
-106.839  144.433 -160.001
-105.356  147.349 -172.023
-103.479  148.463  178.814
 -94.401  124.988 -172.281
 -92.183  130.970  174.823
-108.978  121.109 -170.023
 -93.290  138.524  176.285
 -99.410  135.846  168.600
-129.797  142.060  179.046
-100.247  127.311  165.324
 -95.858  137.417  177.177
 -87.056  131.188 -169.009
-111.197  132.049  177.189
 -94.691  134.207  176.448
 -95.054  125.323 -177.839
-102.867  119.426  175.191
 -95.855  143.492 -171.898
 -94.669  119.019  174.223
-101.002  132.151  155.077
-106.397  140.962  171.233
-104.380  129.930 -168.797
-109.032  136.597 -173.561
-102.861  132.667 -176.256
-102.305  122.578 -176.482
-103.135  118.868  178.910
 -93.591  140.058  178.717
 -87.393  135.337  174.659
 -97.791  131.430  171.642
 -97.765  148.014 -157.024
 -83.771  138.874 -173.314
 -87.939  139.656 -168.402
-112.717  139.240  179.406
 -95.253  128.517 -179.699
 -95.663  124.813  170.869
 -94.445  120.014 -177.630
 -98.246  127.757  161.943
 -96.521  121.348  173.490
-112.826  121.305  174.571
 -99.859  138.602 -176.936
 -95.065  137.480  173.650
-101.438  124.990 -179.878
-105.419  130.080  168.823
 -96.310  130.420 -176.624
 -96.378  136.382 -170.728
 -91.842  145.339 -172.631
 -98.069  146.440  173.190
-119.562  118.481  170.543
-119.418  138.612  166.141
-101.395  147.294  151.892
-100.328  142.228  169.435
-115.591  128.026  171.141
-108.470  133.490 -172.889
-105.100  142.712 -175.887
 -91.680  131.709  172.574
 -84.835  140.433  176.321
 -91.519  133.865 -167.225
-101.230  129.598  178.440
-109.191  147.177  179.481
 -97.603  127.843  176.084
 -99.532  132.663 -160.665
-100.766  116.762  172.438
-107.740  120.255 -162.067
-110.642  131.321  178.812
 -94.693  119.534 -179.230
-109.858  130.106  172.642
-124.055  135.158  167.332
-104.880  106.167 -174.574
 -97.447  140.300  171.054
-103.199  145.401 -175.554
 -99.610  124.124  165.796
-100.302  142.150  171.424
-100.368  147.044  173.319
-110.208  152.157  176.323
-108.800  137.569  176.914
-118.255  139.422  168.484
 -99.652  124.125  170.058
-116.662  127.830  170.275
-119.031  126.605  176.433
-102.111  129.362  172.466
-112.904  120.785  162.472
-127.730  139.019  168.515
-117.364  127.301  169.685
-106.984  116.233  176.958
-102.244  138.868  173.910
-113.077  125.796  167.194
-110.793  126.215  164.267
-129.542  122.452  168.942
 -96.360  128.035 -168.489
-110.400  147.578  169.704
 -96.066  143.022  168.020
-102.388  131.082  162.002
-108.842  136.752 -177.664
-101.006  133.708  163.894
-112.581  125.824 -164.103
 -94.992  140.358  168.543
-106.330  137.922  176.894
-109.557  113.549  171.563
 -93.873  127.742 -179.128
-102.862  144.385  177.010
-111.193  127.209  173.275
-112.339  140.036  154.941
 -94.022  137.037  179.763
-110.193  130.795  179.897
-108.497  117.008 -168.696
 -99.254  142.976  169.351
-108.512  141.477 -175.498
-108.940  130.702  157.661
-117.349  130.972 -176.673
-101.605  137.116 -177.491
-115.417  131.229  178.925
-109.842  124.106 -171.053
-107.968  132.875 -177.605
-108.823  143.931  171.510
-103.878  125.183  178.102
 -90.584  133.840  175.837
-100.532  140.219 -177.314
-103.270  132.696  177.370
 -96.466  136.625  172.336
-102.331  136.437  174.346
-105.716  113.285 -176.533
-111.635  144.061  178.994
-103.292  143.088 -172.552
-112.237  133.426 -177.160
-114.646  128.282  164.894
-100.660  133.522 -176.322
-108.578  145.627 -169.367
-104.370  138.657 -178.483
 -97.930  132.840 -167.218
-114.655  130.595 -170.774
 -97.212  139.413 -164.898
 -88.228  139.374  178.610
 -94.856  140.141 -174.179
 -98.712  134.435  176.027
-100.330  135.105 -177.519
 -94.720  133.280  171.068
 -86.215  131.460  160.335
 -84.843  139.883 -167.737
-104.421  132.516  173.490
-115.608  130.289  170.055
 -99.409  144.403 -155.325
-102.832  154.370  172.488
 -92.247  136.172 -178.394
-102.389  142.774  163.091
-100.149  139.541  173.788
-119.977  133.424  172.739
-121.274  138.021  171.776
-102.166  132.366 -176.740
-107.721  150.119  161.922
-107.997  140.590  179.744
-118.119  135.678 -177.211
 -90.040  143.860  177.933
 -91.161  138.641 -155.341
-105.288  146.328  163.965
-109.193  129.702  168.727
 -94.624  135.611  172.451
-102.785  128.068 -171.117
 -98.269  134.518  173.679
-103.812  121.711 -178.995
-109.012  142.615 -157.737
-111.923  122.824 -164.009
 -95.551  137.693 -162.941
 -94.323  121.311  178.487
 -97.273  145.886  177.731
-117.834  142.830  179.078
-101.594  135.545  160.499
-101.050  146.296  166.080
-116.251  131.878 -159.087
 -99.726  141.311 -165.722
-112.180  140.013 -168.519
 -99.247  133.388  174.975
-115.914  133.885 -176.650
 -91.916  141.694  177.237
 -97.157  139.758 -167.790
-102.273  131.033  164.427
-101.242  127.046 -179.088
-109.536  120.569 -173.672
-105.423  141.067  177.153
-107.465  142.336 -172.793
 -94.393  129.427  177.635
 -98.058  136.248 -171.530
-107.141  136.977  166.901
-118.844  137.122  168.012
-100.026  119.739  167.591
-101.132  136.034  166.222
 -98.524  137.415  165.072
-112.103  122.251  179.242
-108.345  143.659  177.112
-109.617  140.825 -165.496
 -93.998  131.465  171.452
 -97.788  132.431 -177.257
-126.266  137.688 -176.281
-110.876  122.307 -172.743
 -94.657  144.887 -174.611
-101.632  136.476 -173.058
-103.320  121.525  175.420
 -93.833  136.697  177.671
 -96.680  128.614 -155.904
 -94.485  140.401 -174.031
-106.812  114.200 -173.029
 -94.014  153.692 -176.785
-107.418  124.695 -179.664
 -85.739  136.703  163.883
-119.854  133.179 -163.389
 -94.009  130.945 -162.053
-115.895  144.139  175.409
 -98.115  130.976 -171.310
 -97.990  142.817 -164.521
-116.064  119.014  166.869
-112.874  147.215  159.108
 -97.879  140.289  177.269
 -95.930  135.750  170.642
 -92.683  138.990  176.891
-121.599  136.063 -179.750
-107.068  140.120  159.495
-102.779  151.076  178.858
-104.939  137.815  174.756
 -94.284  139.790  158.989
 -97.277  134.822  168.003
 -96.447  145.728  172.810
 -81.587  139.112 -172.019
-106.888  147.152  176.971
-105.373  128.529  174.668
-106.234  131.127  178.176
 -98.148  132.818 -177.115
-105.880  127.281  179.980
 -88.247  136.200 -156.542
 -95.882  139.288 -175.395
 -96.360  126.433 -172.641
-108.018  133.910 -169.743
 -88.788  138.268  173.457
-121.929  131.969  174.527
-108.503  140.496 -172.300
 -99.974  134.821  171.935
 -99.646  146.210 -177.378
 -96.835  125.310  164.892
-109.214  136.885  175.536
-105.428  146.178  162.515
-111.268  136.225  172.508
-107.680  122.340 -174.298
 -99.396  140.160 -175.901
