 175.017  135.793  176.647
-178.840  150.064  178.981
-174.112  142.874 -179.216
 172.248  152.264 -174.330
-164.139  158.891 -171.229
-172.743  151.262  179.792
-174.728  150.411 -173.031
 173.383  142.573 -176.445
-178.844  157.007 -169.125
 176.054  155.828 -172.625
 176.331  148.976 -172.405
-175.864  153.434 -167.836
-168.427  154.854 -172.526
-161.078  154.115 -168.230
-174.484  154.555 -162.540
-167.086  151.406  170.892
-173.624  146.027  171.854
-175.001  153.671  179.841
-178.161  153.468 -172.215
-170.713  140.781 -161.675
 179.780  161.492 -178.740
-168.038  151.414  172.351
-176.426  143.425  179.177
-171.549  142.571 -175.431
-166.616  149.824 -177.261
-164.259  150.696  178.960
-169.949  145.738 -178.123
-174.245  147.075 -169.431
 179.200  147.464 -168.909
 172.969  152.649  170.827
 173.151  151.548 -175.902
 177.643  153.276 -156.538
 177.295  171.215 -163.893
-179.445  146.711  174.817
 179.907  141.099 -179.952
 170.254  145.683 -152.054
-166.212  156.419 -175.224
-175.356  149.630 -163.787
-170.384  162.724 -175.864
 174.653  143.368 -178.328
 166.856  156.568 -167.544
 172.800  150.877 -167.748
-176.661  158.204 -176.915
-173.504  154.552 -174.982
-176.285  145.498  174.972
-162.822  153.631 -179.077
-168.840  142.248 -170.857
-179.135  165.950 -178.479
-162.501  153.588 -179.905
-167.269  156.026 -177.439
-162.254  152.525 -169.236
 173.285  142.416 -172.225
 174.538  164.160 -162.348
-179.956  147.407 -169.419
-170.023  158.413  168.534
 176.883  146.062 -177.239
-177.840  154.300 -176.786
-175.454  139.060 -172.268
 172.988  144.011 -173.434
-172.261  161.313 -175.090
 174.446  152.925 -155.830
-171.140  161.586  177.263
-162.070  145.572 -170.936
-174.200  152.522 -163.624
-176.885  144.063 -164.990
-178.613  159.302 -173.111
-179.836  154.710 -166.202
-157.768  149.274  165.338
-179.594  135.415 -176.066
-176.015  144.753 -155.194
-175.005  157.096 -162.248
-174.888  160.771 -170.487
-177.204  159.459 -162.885
-179.712  149.845  178.964
-179.480  145.568  177.279
-175.914  149.852 -166.152
 173.227  138.547 -169.714
 171.992  157.837 -179.019
-168.781  147.103 -179.038
-164.576  156.329 -178.881
 173.935  149.533 -162.584
 177.826  147.231 -178.206
-177.484  137.558  174.266
-171.737  153.690  175.014
 174.616  146.974 -160.950
-172.086  164.205  177.953
 179.886  151.086 -162.334
-176.019  158.553 -164.419
-169.336  161.075 -178.408
-167.204  147.859  170.346
-173.968  146.619 -175.436
 178.167  143.577 -178.107
-165.264  140.001  164.641
 171.977  135.415 -155.558
 177.772  149.535  177.666
-172.177  151.329 -172.523
-164.081  148.321 -179.233
 175.722  144.847  178.155
-177.326  146.916 -173.782
-177.111  138.556  176.296
 176.913  153.224 -173.154
-179.220  142.423  177.177
 179.914  141.332  178.034
 175.843  158.507  175.813
 170.160  146.680 -163.860
 179.484  138.594 -177.693
-171.864  154.598 -175.373
 168.844  147.521 -153.715
-179.484  144.653 -175.743
 171.896  153.670 -175.433
-167.890  157.496 -172.568
 178.180  153.343 -174.673
-169.362  155.804 -173.306
-177.183  136.420 -175.549
-178.699  157.093 -172.435
-173.031  148.007 -179.828
 174.425  145.434 -170.761
-174.416  165.336  169.901
 173.205  146.640 -161.939
-169.963  147.583 -166.566
-171.066  149.441 -178.010
-158.490  152.730 -176.417
 175.807  149.831 -168.196
 177.029  152.397 -170.599
-175.069  158.045 -166.854
 171.355  161.675 -175.199
-162.419  143.783 -176.073
 178.895  147.469 -178.212
 165.084  133.745 -160.631
 178.356  147.609 -173.375
-175.030  161.458 -172.736
 167.594  158.707 -161.501
 173.980  160.568 -155.372
-172.195  153.355 -174.499
-165.707  147.152  177.236
-166.202  154.751  166.705
-179.602  136.142 -157.671
-178.295  149.228 -160.211
 169.982  157.959 -171.676
-176.907  153.144 -177.696
-179.084  161.996 -175.865
-169.830  152.811  167.121
-166.365  150.240 -171.092
-165.741  162.107 -171.484
 176.102  153.158 -172.822
 179.055  154.887 -174.857
 174.403  159.431 -166.030
-178.606  149.025  172.725
-171.457  159.278 -165.548
-175.617  159.779 -170.415
 173.772  144.824 -163.559
 173.410  140.927 -172.737
-175.282  161.182  179.617
-172.671  153.198  171.131
 178.727  144.771  176.087
-179.405  143.840 -171.857
 175.575  152.774 -172.104
 178.087  148.602 -173.738
-174.130  143.193  179.770
-165.261  158.278 -170.789
-173.177  153.406 -178.991
 176.932  143.237  172.912
 169.613  136.861 -159.366
-170.819  159.272  177.072
 176.393  144.427  178.635
-171.301  140.058  178.211
 168.483  140.929 -176.975
 179.642  159.020  179.253
 175.513  144.832 -174.814
-174.740  163.517 -164.523
 173.301  163.373 -159.064
 175.473  144.189 -163.494
 175.355  141.987 -164.748
 176.973  157.979 -177.856
-157.579  148.582  179.504
-178.567  161.915  176.317
-170.095  145.654 -179.934
-174.182  161.468 -164.212
-154.094  151.927  175.095
-178.621  152.847 -172.683
-173.691  148.892 -171.321
-175.544  143.116 -163.133
-176.852  140.795 -179.690
 162.401  146.918 -149.225
-177.095  146.486 -167.286
 172.975  149.940 -170.988
-179.552  156.782 -157.644
-172.687  155.465  176.380
 177.305  168.685 -167.775
 179.282  155.008 -157.956
 160.615  154.874 -160.265
 179.883  144.770  179.353
-178.550  147.911 -178.260
-179.692  158.933 -160.923
-175.184  141.655  174.648
-173.348  154.235  178.885
-159.581  139.052  170.454
 174.871  155.142 -172.168
 176.393  145.403 -175.873
-166.248  159.370  171.660
-173.897  152.896 -165.947
-174.038  149.056 -174.817
-166.176  151.098  172.974
 167.959  151.702  174.266
-153.975  144.234  171.736
 169.819  146.203  173.362
 179.779  149.180 -168.866
 172.963  154.669 -149.981
 175.075  147.802 -155.473
-170.005  151.476 -176.553
-173.742  150.792 -165.375
-175.860  138.594 -177.658
 176.281  150.237 -176.634
-176.063  146.631  179.316
-177.507  146.271 -160.974
-176.467  159.610 -169.244
-178.543  151.103 -161.532
-159.663  146.811  177.056
-179.021  157.461 -162.474
-173.193  147.354 -159.750
-176.208  149.699  172.378
 179.784  152.207 -168.637
-175.767  143.820 -176.496
 179.067  133.532 -162.562
-165.183  150.525  179.730
-178.031  149.874  179.667
-171.210  148.374 -167.665
 177.665  154.772 -165.980
-178.576  147.027 -174.010
-170.484  157.677 -167.263
 169.302  152.356 -156.118
-168.720  145.628 -172.122
 179.461  156.438 -165.631
 179.481  155.075 -166.288
-172.882  149.297  176.738
-177.274  157.866 -177.546
 174.407  153.954 -151.003
-173.604  159.222 -170.648
-165.699  146.071  179.492
 170.855  153.072  175.531
-175.874  165.920 -161.894
-175.577  147.458 -177.362
 169.868  160.841 -174.738
-165.431  155.183  177.667
 178.589  146.179 -168.593
-170.304  141.357  166.470
 179.675  149.659 -168.716
-177.544  149.720 -171.111
-174.473  166.045  177.868
-176.645  146.059 -166.850
-161.755  160.550  178.618
 170.482  153.550 -149.024
-170.634  153.423 -171.393
 179.477  145.460 -168.774
-176.202  144.948  176.755
-165.504  160.314 -176.119
 169.924  134.294 -161.068
-172.549  139.599 -154.862
 174.841  164.591 -163.797
-167.673  152.511  175.769
 168.026  149.074 -160.203
-170.580  157.127  176.458
-178.466  141.053 -173.260
-168.443  146.553 -178.395
 167.290  149.050 -171.921
-179.888  151.313 -172.529
 177.838  148.312 -169.875
-177.720  155.282 -164.932
-174.779  160.057 -174.967
-175.601  157.568 -165.683
 168.583  156.530 -177.826
-179.966  150.425 -171.138
-172.506  149.303 -173.438
 179.532  149.908 -165.466
-176.707  154.089 -172.931
-169.367  152.135 -153.868
 178.342  140.710 -170.236
-171.173  152.038 -179.414
 178.114  150.986 -170.358
 169.842  155.346 -142.207
 177.214  141.509 -175.093
-173.465  147.565  179.128
-176.206  153.101 -173.878
 174.615  146.857 -172.131
 176.658  160.933 -150.223
-175.964  145.643 -165.893
-167.713  153.821  175.729
 178.419  159.260 -171.943
 168.943  136.510 -164.816
 173.326  142.443 -163.040
-171.401  151.797 -169.827
-176.040  141.521 -170.521
-170.965  144.798  177.726
 170.093  156.067 -179.579
-175.071  140.990  176.240
-156.829  148.645 -178.271
-174.928  159.880 -169.168
-176.560  133.396 -178.362
-172.664  150.030  173.388
-172.242  155.095  174.447
-176.777  148.335 -174.010
-176.601  158.319 -171.109
 177.934  152.579 -179.306
 175.702  153.439 -163.464
 166.692  159.305 -157.252
-175.700  160.192 -174.108
-167.381  148.809 -169.692
-170.478  157.055 -174.062
 176.704  148.656 -175.753
 174.804  144.125  179.264
 175.171  143.850 -163.151
 173.855  152.085 -163.498
-178.900  154.991 -175.305
-175.762  159.173 -163.365
-174.919  134.799  177.982
-177.166  151.824  179.207
-175.632  152.022  178.148
 178.739  151.496 -179.340
-172.641  148.130  175.144
-171.223  144.456 -178.734
-172.737  149.677  176.392
-178.250  142.104  169.195
-173.388  147.387  178.704
 175.943  151.592 -167.341
 177.835  144.793 -163.672
-171.029  141.697 -166.955
 178.711  139.007  171.167
-170.056  152.900 -169.720
-173.389  148.765 -170.454
-178.916  144.809  178.041
 177.025  142.355 -154.677
-159.890  137.344 -168.398
-175.928  140.951 -148.887
-177.273  147.910 -173.920
-165.911  150.289 -163.491
-176.655  158.480  178.636
-177.395  148.475 -168.966
-170.667  154.200 -172.904
-179.065  143.379 -163.167
-168.620  147.550  177.443
-171.380  158.880 -165.350
 174.533  143.554 -173.880
-175.292  160.790 -173.082
 174.544  147.059 -179.385
-170.129  149.055  173.871
 175.410  148.599  165.155
-167.654  158.678 -167.478
-174.943  145.835  174.057
-173.382  156.158 -162.905
-178.534  146.518 -170.248
-166.068  160.939 -171.213
-177.682  154.655  160.357
-170.788  153.290  177.612
 179.009  157.371  174.978
 176.364  150.057 -178.293
 179.804  147.241 -168.347
-170.991  155.727  171.352
 173.018  144.145 -171.450
-165.807  146.876 -178.482
-163.417  151.205 -173.839
-170.370  151.203 -179.817
-177.336  154.171 -160.812
-170.524  150.884 -159.114
-170.923  149.189 -179.966
 172.927  143.155 -176.993
-174.434  172.249  170.166
-178.405  150.496 -174.558
 168.637  145.667 -164.476
 176.841  151.693  178.677
 174.079  155.116 -177.940
-170.405  144.892  174.501
-165.054  149.338  178.795
-177.035  150.848  172.873
-169.237  152.528 -155.789
-165.448  157.991  178.799
-166.948  145.838 -176.200
-176.081  147.745 -170.459
 173.685  140.415 -174.715
-173.844  130.475  171.969
-178.415  158.281 -171.377
-179.406  155.614 -178.694
-173.133  153.836 -169.043
-169.203  151.519  177.544
 171.292  149.262 -166.704
-179.708  137.958 -177.097
-176.470  141.228  167.999
 178.276  149.881 -162.246
-171.342  147.084  177.227
 178.364  154.151 -170.166
-162.431  150.934 -176.984
-176.382  155.070 -164.107
-174.330  148.745 -174.436
-169.541  154.190  167.746
-178.992  149.557 -169.169
-170.423  154.364  172.291
 164.724  144.699 -168.682
-170.166  146.116  172.744
-179.926  142.907 -171.168
-155.850  154.232 -164.189
-171.318  146.742 -177.129
 174.555  135.203 -159.820
-164.022  155.407  173.889
-166.914  149.751  168.309
-171.643  153.720  175.301
 173.487  151.065  173.170
 174.312  152.048 -173.332
-162.420  142.357 -173.229
 166.734  144.563  175.620
-177.483  160.112 -172.262
-161.670  151.910 -178.871
 176.741  152.054 -165.781
 174.124  151.474 -179.912
-166.747  160.845 -158.136
 176.352  149.029  171.918
 178.714  146.219  171.405
 163.835  157.655 -170.540
-170.575  150.188  178.673
-178.964  150.320 -172.868
 178.190  151.686 -159.764
-164.784  150.505 -177.090
-158.861  153.818  171.860
 165.958  152.887 -169.594
-173.179  147.522 -176.734
-169.714  151.904  176.096
-171.960  151.419 -165.852
 177.444  134.756 -172.546
-173.842  151.045  171.037
-178.385  157.368 -172.822
-176.204  144.014 -165.995
 176.845  149.302 -176.212
 173.033  152.327 -163.302
-176.762  154.882  168.584
-172.263  150.851  168.074
 171.943  147.624 -163.540
-165.137  151.091  169.566
 178.292  145.317 -173.085
-171.888  151.795 -169.413
 177.441  147.140 -150.883
-170.771  152.686 -168.689
-179.358  143.752 -174.649
 172.930  157.958 -168.252
-173.293  144.218 -162.419
 176.147  146.622  176.415
 170.465  158.727 -151.582
-157.742  161.100 -176.915
-169.366  158.851  175.938
-178.003  155.195  173.267
-170.895  148.433 -175.938
-178.454  149.185 -168.950
 177.676  148.740 -161.678
-172.175  148.702 -147.664
-166.508  163.801 -166.680
 175.523  148.640 -153.095
-166.776  144.700 -176.744
 176.346  158.404 -162.576
-178.143  155.150 -167.139
 174.249  140.842 -164.864
-170.308  156.688 -172.148
-179.952  144.447 -152.651
-176.414  144.272  178.552
-178.784  140.321 -166.168
 179.980  144.797 -161.893
-162.156  164.232  171.178
 179.599  151.142 -154.331
 173.692  142.407 -160.661
-162.988  155.461 -179.660
 178.963  134.707 -170.997
 172.497  157.168  173.966
-169.091  145.193 -166.046
-172.694  144.657 -170.588
-175.719  144.713 -177.046
-176.594  145.876 -163.426
-168.347  140.386 -165.022
-175.089  160.683  177.137
-166.113  157.104 -171.637
-165.497  141.835  173.739
-178.298  152.748  173.693
 176.923  152.300 -165.059
-166.965  158.124  179.443
 161.569  157.810 -169.114
-174.843  157.125 -171.298
-179.199  149.141 -159.167
-168.065  150.580  172.060
-168.962  156.133 -174.590
 168.785  145.904 -160.336
-162.877  150.944  178.511
-173.965  155.348  179.393
-177.253  147.554 -168.296
-178.226  155.897  179.824
-179.445  150.927  171.982
 169.411  147.148 -167.095
 176.337  157.458 -174.853
 177.951  141.989 -166.884
-171.889  145.658 -163.931
 170.885  162.475 -170.258
-173.141  137.787 -177.847
 176.085  160.705 -169.639
-179.633  139.326 -155.205
 177.534  155.432 -168.191
 175.540  145.101  172.660
 179.793  147.414 -170.252
 174.909  149.131  169.888
-176.222  146.469 -166.179
 178.274  142.973 -155.059
 171.238  158.277  176.277
-171.887  153.221 -170.820
 179.842  154.074 -165.324
-172.324  146.885  175.937
-178.890  138.508 -168.400
-178.826  156.580 -177.899
 169.826  146.234 -176.631
 178.545  150.925 -164.047
 177.404  136.220 -167.769
-167.180  166.518 -176.107
-170.356  152.541 -178.355
-164.168  159.200 -174.786
-165.710  152.452  176.809
-167.003  159.488 -164.751
-163.809  147.450 -177.260
 176.185  149.454 -169.514
 172.958  153.438 -166.262
 174.624  150.988 -163.252
 177.755  153.084 -169.073
 171.920  153.689 -157.602
 179.203  160.758 -161.178
-174.814  155.603 -174.150
-176.254  145.028 -175.289
 179.428  154.124 -169.067
-174.090  146.197 -178.492
 173.196  155.790 -174.120
-179.188  149.909  178.702
 179.436  142.613  171.626
-175.046  162.152  175.474
-178.215  148.676 -170.413
-173.414  141.477  179.674
 178.701  145.672 -173.476
-175.996  157.346  162.286
-170.915  157.808 -177.695
 175.216  161.375 -166.233
-163.057  142.957  173.861
-170.119  158.945 -174.960
-171.674  148.754 -167.824
 171.313  149.790 -164.008
-173.506  145.346  166.661
 179.864  162.140  179.845
-175.196  156.657 -175.643
-173.158  140.754 -172.937
-173.974  139.457  175.840
 179.270  148.310  175.579
-171.420  144.776 -174.753
-177.337  154.219  171.663
 179.104  156.115 -163.291
-172.703  159.774 -156.211
-173.834  147.772 -151.743
-171.059  159.812 -172.823
 172.408  160.313 -175.048
 162.168  147.574 -160.473
 169.135  145.778  178.202
-179.540  131.796 -159.397
-174.355  155.405 -164.121
 177.241  150.223 -175.546
-178.880  147.238  179.649
 179.045  153.192 -172.948
 179.555  146.881 -163.180
-173.277  147.033 -173.222
-174.532  158.446 -177.708
 167.587  138.133 -174.192
-178.213  151.393 -169.121
-179.230  156.718 -177.868
 165.788  152.639  171.455
-178.937  163.239 -165.470
 169.577  162.445 -162.889
 176.896  152.989  169.656
-170.939  160.605  176.140
 176.890  138.460 -173.351
 176.267  153.347 -171.322
-166.602  142.538 -178.945
-177.490  139.630  167.060
-167.504  153.029  179.207
 173.538  158.359 -164.577
 177.895  155.566 -172.603
-165.879  146.828  165.346
-174.629  154.418 -171.223
 167.954  139.460 -168.270
-177.584  137.305  167.675
-164.788  138.440 -171.681
 175.298  152.745 -167.189
-175.197  162.134 -167.018
-175.396  148.159 -154.480
-177.146  147.189 -167.011
 169.116  148.848 -150.956
-179.169  142.181 -153.040
-173.835  150.055 -176.856
-163.491  165.015 -174.701
 178.523  155.644 -174.505
-172.492  158.673 -177.397
-164.774  147.385 -173.418
-155.818  158.473  176.719
 173.266  154.153  178.044
 179.334  160.038 -166.622
 178.780  162.917 -164.557
-175.800  160.745 -176.300
-176.717  149.473 -167.178
-173.098  156.082 -172.351
-179.929  151.833 -175.284
 175.146  154.573  176.354
-179.115  145.462  171.153
-169.304  139.610  178.204
 175.686  145.261  179.163
 175.417  151.934 -156.695
 177.566  143.190 -163.888
-170.831  154.694 -161.547
 178.660  146.054 -166.767
-170.997  161.795  171.405
-170.890  154.488 -169.675
-168.588  150.272  177.693
-172.412  167.048 -171.632
-170.526  148.205  176.634
 179.445  161.403 -152.348
-166.263  160.618  178.153
-175.071  160.695  174.971
-171.001  158.909 -165.444
-178.717  147.318 -160.426
-172.115  152.232 -173.833
 177.934  149.279 -165.250
-173.723  158.330 -171.861
 176.725  160.643 -175.491
 176.606  155.059  179.524
-176.512  149.699 -170.103
-169.554  158.129 -161.148
-173.007  157.993 -171.021
-163.834  150.948 -166.840
 175.155  144.044 -175.582
-169.083  156.665 -171.581
-172.242  149.210  178.457
-172.566  147.857 -178.467
 176.631  151.054 -177.484
 178.062  162.546 -162.534
-170.602  162.235 -163.965
 173.970  153.398 -151.892
 177.295  141.315 -175.331
-178.879  132.276 -173.133
-170.192  157.168  176.906
 172.396  148.685 -168.063
-168.787  153.761 -166.474
-164.419  158.508 -175.508
-174.387  161.921 -176.740
-161.176  158.746 -176.290
 177.601  141.624 -174.843
-176.758  147.643 -178.492
 177.853  155.561 -171.983
-175.194  151.774 -171.860
-177.854  152.927  179.373
-178.984  154.036 -168.406
-174.331  139.124 -171.055
 177.924  150.675  165.278
-178.954  165.093 -169.935
-170.104  159.994  176.503
 177.643  146.190  175.284
-170.363  149.087 -170.633
 166.049  139.471 -162.269
-172.226  159.582  177.371
-167.627  153.732 -177.063
 175.543  158.994 -161.668
-166.899  149.911  160.159
-178.130  160.585  173.587
-176.891  148.152 -169.904
-175.500  151.442 -179.597
-177.776  140.029 -159.667
-177.390  137.274 -172.876
-175.157  148.546 -171.196
-178.619  155.279 -165.477
 171.908  143.975 -172.362
-173.904  144.704 -176.354
 179.356  145.472 -175.836
-173.778  146.554 -176.324
-171.432  150.513 -171.598
 174.240  147.075 -170.623
-169.272  157.661  176.362
 172.887  155.103 -174.298
-163.174  156.922 -178.150
-174.889  153.665  179.724
 173.997  143.388 -179.232
 179.173  161.626 -179.839
-177.099  163.630 -167.871
-174.375  156.785 -179.591
-177.201  157.667 -177.902
-173.503  149.176 -174.286
-177.408  153.470 -175.143
 176.840  149.001 -167.413
-176.982  149.089 -177.041
 177.752  152.051 -157.282
-176.174  152.238 -179.178
-177.382  143.667 -173.433
 175.675  153.896 -178.326
-170.197  146.573  174.288
 175.709  155.061 -176.421
-159.356  151.064 -179.007
-159.980  157.722 -176.894
-175.231  147.946  172.506
 178.659  138.886 -165.370
-176.292  154.088  175.514
 163.619  153.858 -172.991
-170.119  146.806 -177.036
 173.880  158.755 -172.829
-168.374  144.429 -176.028
-171.804  151.218  178.286
-178.215  157.799  175.531
-175.000  154.864 -168.997
-174.471  152.763 -165.843
 173.168  150.008 -175.310
-160.024  151.151 -165.073
-179.605  158.753 -174.022
 176.645  147.530 -177.556
-166.583  147.375 -162.678
 177.665  157.171  172.621
-165.255  140.636  171.409
 173.411  158.243  175.440
 172.656  155.088 -170.922
-170.412  153.819 -169.102
-173.381  164.758  179.469
-167.689  145.841 -166.481
-173.637  156.674  171.967
 175.264  143.451 -178.605
-176.226  146.727 -179.426
 178.006  138.187 -148.863
 177.965  143.625 -161.394
 177.857  150.296 -169.182
-165.042  153.635 -174.988
-167.792  134.213  171.719
 173.600  155.488 -171.292
-172.201  156.443 -178.030
 179.952  161.113 -170.555
 176.594  157.964  170.252
 178.132  150.841 -168.280
-169.655  147.672  179.296
-178.880  156.392 -172.517
-170.875  156.898 -169.083
-179.608  159.093 -170.264
 167.150  151.113 -149.664
-173.635  145.179 -174.681
-178.429  154.107 -174.394
-173.440  163.886 -175.321
-173.147  164.277 -176.005
 168.174  150.954 -170.430
-167.480  140.795 -167.416
 174.094  154.857  173.932
-171.695  152.784 -161.808
-177.123  160.736  179.880
 175.879  150.226 -177.611
-172.723  163.981  178.056
 172.911  153.508 -171.010
 169.401  140.502 -164.186
-175.074  145.044 -166.811
-177.580  161.777 -174.693
 177.781  157.143 -164.047
 172.724  157.522 -178.713
 178.014  155.762 -158.217
-173.895  141.650 -166.388
-168.184  148.947 -168.671
 170.193  147.532 -169.017
-165.348  152.846 -177.022
-175.132  153.009 -172.248
 176.140  155.022 -157.751
-171.675  148.440  168.350
-169.362  153.487 -174.094
-164.159  156.779  177.760
 169.746  154.361 -163.937
-170.707  150.484 -178.311
-173.158  149.644 -166.699
-173.592  149.706  174.002
-179.213  148.786 -156.833
-162.484  161.303 -179.612
-172.584  154.092 -172.496
-175.398  142.883 -159.183
 161.091  158.547 -172.396
-172.743  158.125 -178.037
-174.164  146.347 -167.947
-169.536  145.682  175.848
 175.012  131.311 -174.161
-169.851  153.711 -166.462
-175.585  159.374 -164.620
-174.228  146.809  176.726
 170.717  144.721 -160.981
 179.914  140.171 -172.810
-178.481  145.094 -170.227
 171.509  154.475 -179.819
-175.058  151.219 -172.620
-176.235  135.797 -175.390
-172.773  154.290 -176.998
 167.575  149.379 -176.414
-166.998  144.382 -168.845
 174.823  135.219 -173.241
-168.885  163.432 -167.764
 169.751  154.049 -151.557
-175.507  146.349 -159.940
 176.537  154.069 -171.484
-175.943  144.837 -164.335
-164.112  149.127 -174.227
-176.662  138.022 -175.182
-172.911  151.378  178.419
-176.403  145.393  165.989
 168.608  151.429 -167.641
 174.785  155.461 -150.243
-162.625  169.269  174.349
 176.623  152.789 -177.313
-160.900  144.361 -160.573
-173.733  138.521 -162.715
-172.633  140.908 -168.358
-160.568  151.521 -179.091
-175.528  155.496 -162.449
-172.386  160.419 -174.112
 170.131  144.911 -153.061
-178.205  156.254 -170.810
 165.237  149.577  179.163
-163.201  150.267 -167.979
-175.853  159.531  171.565
-176.211  149.755 -165.321
 172.931  157.647  172.824
-163.014  142.318 -169.044
-163.526  148.396  175.007
-166.794  162.625  179.811
-168.151  153.366 -169.728
 173.760  144.780 -168.829
-161.050  143.874  171.475
 179.077  156.550 -174.346
 163.372  144.453 -164.079
-167.301  145.911 -166.154
 179.074  160.758 -171.180
 171.392  149.803 -172.288
-173.503  150.918  170.761
-168.053  143.670  179.883
-173.226  146.560  178.780
 178.289  162.642 -171.025
-176.353  151.691 -172.721
-174.940  147.577  175.449
-173.554  159.598  175.061
 170.370  148.058 -178.682
-174.259  141.629 -167.379
-164.357  140.705 -179.763
 175.523  155.095 -167.567
-171.495  158.788  174.519
-172.852  147.135  179.231
 175.793  152.410 -178.665
-173.200  157.647 -165.287
-179.892  154.992 -165.649
-175.034  143.583 -174.570
-175.851  165.043 -177.497
 177.227  156.111 -159.314
 179.980  152.883 -165.626
-173.880  156.655 -173.648
-173.234  156.665 -171.716
-166.980  160.467 -176.274
 178.976  159.779 -160.946
-163.293  154.639  170.436
-163.231  152.253  175.212
-179.227  148.937  172.513
-169.540  149.282 -152.236
 176.289  144.641 -175.505
-171.489  157.491 -169.386
-177.235  168.482 -174.600
-159.589  156.964 -175.930
-171.867  147.839 -160.779
-166.845  148.159 -178.995
-171.362  143.829 -170.976
 166.570  146.928 -170.450
-176.926  139.407 -162.560
 175.127  141.306 -159.502
 174.261  147.319  179.737
 179.436  147.411 -173.450
-177.344  143.950 -169.550
 172.080  144.748 -166.950
-179.038  145.191 -179.130
-175.996  149.005 -169.936
-161.409  162.485 -179.352
 175.044  160.023 -178.947
 179.419  150.300 -161.407
-176.360  158.443  175.863
-166.823  148.561 -172.877
-170.806  147.934  175.105
-166.957  146.122 -178.765
-176.746  156.225 -173.448
-173.405  148.616  172.286
-177.748  151.575 -176.463
-174.317  138.096 -172.232
 178.092  147.628 -177.674
-177.093  168.027 -172.769
-177.002  155.454  173.408
-170.162  152.286  176.872
-167.548  161.087  179.462
-166.533  151.465 -168.886
-169.888  140.302 -177.226
 176.390  144.022 -163.665
 174.161  147.467 -166.396
 171.064  145.953 -163.751
 164.086  146.768 -169.577
 176.450  148.842 -174.621
 176.081  148.879 -170.051
-173.675  131.417 -172.153
 179.624  161.073 -170.179
 168.108  150.122 -168.167
 179.726  152.227 -168.146
 174.539  145.727 -176.206
-173.633  149.010 -165.280
 179.463  154.765 -164.570
-170.222  139.434 -168.785
-166.249  149.524 -178.823
-176.018  143.266  178.952
 177.508  152.997 -170.320
 179.508  143.118 -165.728
 176.090  142.771 -168.981
-173.164  155.197 -158.997
 175.664  156.003 -165.367
-171.555  140.868 -170.983
 175.141  158.579 -174.537
 169.952  154.615 -158.180
-165.809  152.252  174.197
-179.580  148.321  174.749
-179.937  149.620 -169.235
-175.471  146.304 -179.931
-175.035  154.818 -172.804
-177.966  163.797 -163.536
-171.103  149.873 -163.096
-174.712  146.956 -154.476
-167.019  143.820 -170.768
-176.032  150.894 -169.425
-179.918  155.599 -149.218
-171.514  155.420 -174.552
-169.378  155.383  165.862
 169.925  153.449 -156.246
-178.159  166.104 -172.312
-171.508  156.530 -177.332
-177.260  147.520 -174.583
-174.547  159.818 -157.392
 172.878  154.940 -154.329
 176.762  137.268  174.848
-170.547  159.496  173.265
-153.586  139.468 -169.277
-177.340  142.540 -172.994
-166.879  151.831 -176.084
-178.267  154.741 -178.286
 176.096  160.429 -167.986
 175.773  152.371  177.782
-173.755  143.813 -170.274
-159.908  148.962 -176.777
-163.734  143.181 -169.467
-168.284  155.959  172.534
 179.262  148.423 -166.965
 164.277  158.392 -162.780
-170.797  152.409 -171.321
-172.114  152.457 -176.236
-171.435  151.201 -174.263
 178.864  153.818 -166.541
-175.713  156.737  176.080
-169.999  145.455 -164.767
-160.996  158.657 -173.576
-171.003  151.698 -178.383
 174.468  151.098 -166.352
-176.461  148.382 -166.110
-175.889  143.806 -177.675
-174.553  149.708 -174.502
-172.775  148.643 -162.883
-172.154  158.429 -165.708
-177.557  160.449 -177.522
 168.910  143.830 -154.429
 177.127  147.031 -172.681
-179.311  151.484 -176.461
-179.075  153.601 -158.209
-171.405  154.484 -167.826
-174.348  158.074 -170.300
-176.446  154.511 -176.781
-178.443  170.175 -168.456
 177.708  153.357  173.967
-171.182  160.478  175.778
-175.391  131.884  176.631
-173.223  140.871 -162.544
-169.587  145.634 -170.634
 173.799  144.116 -172.761
-178.464  147.957 -174.382
-174.523  158.010 -174.965
-171.448  157.507  176.906
-162.231  137.774 -172.851
-165.120  146.461 -165.329
-171.702  145.259  178.641
-169.636  147.090 -179.926
 168.011  147.235  175.420
 169.813  161.077  170.689
-175.424  147.594 -171.736
-173.010  151.261 -168.412
-179.907  137.696  177.226
-173.889  156.309  176.014
 174.764  147.502 -163.550
-167.675  152.240 -164.949
 179.221  159.048 -154.521
-174.310  160.993 -169.411
-170.267  160.912  170.954
-161.640  150.234 -170.024
-170.446  139.737 -176.384
 177.452  148.296 -175.881
-177.606  143.054 -168.692
