  69.713  132.772  174.435
  60.420  135.127 -157.967
  58.651  133.382 -168.240
  74.771  130.577 -153.277
  65.808  143.847 -167.614
  67.484  138.938 -157.151
  60.369  110.918 -174.597
  62.152  132.483 -162.034
  63.095  134.278 -157.493
  54.152  118.011 -166.006
  66.854  115.816 -162.386
  77.460  124.968 -174.607
  86.713  137.995 -174.999
  68.602  137.498 -163.675
  80.671  121.128 -178.225
  73.660  119.361 -169.494
  74.762  130.363  178.235
  71.273  131.526  176.068
  74.215  155.074 -177.735
  72.772  135.883  178.203
  64.681  123.995 -142.447
  67.682  139.762 -177.861
  77.287  135.743 -172.090
  67.689  130.504 -168.684
  78.359  133.723 -177.485
  60.879  137.255 -158.044
  65.095  146.691 -178.277
  71.120  134.363 -161.830
  66.277  138.833 -162.596
  69.447  133.925 -169.474
  70.269  124.131 -168.847
  62.584  119.585 -178.659
  49.460  137.238  176.890
  66.184  124.459 -171.591
  70.901  150.888 -169.828
  69.720  130.276 -162.141
  71.706  138.756 -174.643
  53.975  155.446 -164.756
  59.958  141.112 -170.555
  73.816  125.234  169.088
  69.625  143.248 -174.971
  73.387  116.663 -177.313
  68.221  145.029 -155.054
  71.556  132.840 -165.113
  52.901  135.085 -163.226
  62.348  116.932 -150.796
  80.402  134.942 -168.457
  66.574  135.729 -164.618
  65.165  129.113 -153.414
  67.975  131.033 -172.843
  77.015  138.953 -179.100
  66.980  146.109 -179.420
  61.992  137.495  178.589
  81.124  128.956  179.881
  63.175  128.785 -166.215
  67.666  124.278 -169.083
  72.101  147.784 -162.250
  66.887  149.555 -176.441
  81.283  116.678  179.001
  56.303  123.307 -172.265
  62.639  131.567 -172.709
  62.556  135.112 -166.253
  66.652  152.503 -173.372
  65.686  128.276  177.640
  77.386  117.099  158.947
  66.467  136.208  175.152
  62.176  149.253  177.057
  71.728  138.069 -173.060
  68.877  139.455  179.083
  67.913  138.244 -164.015
  64.589  133.039 -162.728
  65.835  144.910 -170.614
  55.800  135.608 -172.636
  67.681  117.882 -177.544
  50.330  131.532  172.810
  66.270  130.598 -174.924
  43.512  145.669 -162.854
  62.174  137.266 -176.601
  64.367  146.321 -178.772
  71.055  152.365 -177.311
  61.814  142.000 -169.744
  70.479  137.115  169.018
  78.859  126.382 -169.696
  64.317  112.272 -147.219
  63.144  138.503 -157.354
  65.664  132.910  173.784
  58.917  138.191 -160.345
  63.824  144.176 -169.759
  58.808  127.787 -157.836
  70.305  129.320 -162.089
  66.337  135.861 -175.120
  72.068  139.868 -176.359
  76.725  136.956 -171.829
  51.847  139.299 -171.073
  71.621  133.711 -165.637
  63.119  147.121  170.225
  60.105  146.626 -160.465
  69.118  134.707 -146.148
  64.470  139.709 -158.747
  70.384  135.341 -179.222
  60.359  124.091 -167.010
  62.750  128.749 -161.130
  69.131  119.048 -166.202
  54.696  149.753 -154.044
  68.953  136.834 -171.964
  74.385  123.034 -175.233
  81.219  134.282 -171.108
  58.806  119.608 -174.243
  65.096  148.390 -177.268
  51.865  145.614 -141.051
  77.360  108.322 -175.582
  71.473  130.149 -169.912
  63.014  133.316 -171.936
  70.995  133.987 -178.900
  62.854  131.944 -163.152
  67.542  150.351  179.856
  73.503  134.038 -179.427
  61.258  128.474 -163.232
  69.050  131.064 -157.171
  61.915  127.348 -166.918
  58.107  125.055 -161.734
  60.807  128.751 -163.962
  71.402  150.077 -154.328
  65.231  146.743 -165.881
  73.573  141.209 -179.428
  55.886  107.246 -179.830
  53.315  128.668 -174.329
  71.323  138.839 -176.178
  74.101  117.258 -179.088
  75.780  133.176  176.000
  79.963  145.627 -172.801
  73.786  130.331 -176.638
  74.918  144.344  172.448
  63.838  141.373 -157.012
  83.449  143.846  175.925
  49.917  139.003 -140.578
  56.765  128.090 -173.234
  72.074  125.558 -166.244
  61.532  127.770 -165.843
  70.254  133.716 -179.829
  77.477  130.750  167.746
  56.147  143.686 -172.686
  73.687  143.806 -175.450
  69.135  141.021 -162.358
  62.233  158.253 -167.257
  73.482  140.453 -169.970
  62.272  136.006 -173.049
  80.969  134.475  178.880
  68.829  144.970 -175.620
  62.454  139.290 -166.362
  71.700  138.920 -166.217
  59.728  135.197 -174.766
  61.633  137.286 -173.898
  66.110  154.870 -178.500
  73.359  152.801  171.260
  76.403  145.448 -175.149
  78.742  126.460  175.528
  71.900  135.327 -169.397
  72.862  142.205 -172.903
  65.104  145.240 -164.650
  65.356  128.438 -164.380
  55.594  136.569 -157.792
  55.004  136.233 -166.300
  62.170  133.458 -164.775
  61.020  140.199 -175.555
  73.080  134.684 -176.529
  58.776  126.718 -150.200
  61.254  141.835 -169.796
  60.169  126.267 -156.646
  68.030  126.920 -169.685
  60.011  148.989 -154.067
  71.813  138.381  178.569
  78.475  132.915 -176.527
  78.075  136.978  177.482
  67.669  146.890 -175.370
  66.609  122.629 -158.437
  73.717  130.911 -175.597
  69.591  131.674 -172.231
  67.576  140.878  179.046
  63.991  124.711 -151.546
  77.794  140.911  175.319
  71.639  146.181 -174.565
  65.113  134.534 -174.619
  62.304  130.191 -151.147
  62.442  127.063 -156.999
  61.611  144.544 -162.211
  55.438  141.572 -162.243
  72.487  147.924 -175.709
  59.558  135.988 -165.485
  75.728  139.893 -166.129
  74.509  146.956  178.791
  64.661  150.353 -167.892
  66.553  138.553 -163.040
  63.149  121.991 -166.698
  57.985  133.188 -171.624
  68.746  121.033 -171.356
  53.296  143.513 -171.886
  74.788  128.353 -175.022
  75.188  137.742 -159.647
  71.600  145.766 -164.111
  61.987  136.476 -160.680
  67.023  130.287  171.828
  75.731  125.528 -165.773
  59.223  136.360 -162.028
  67.714  143.008 -150.201
  72.350  129.551  178.994
  81.114  143.242 -167.854
  71.180  146.827  179.687
  70.122  139.020 -166.210
  70.480  146.195 -169.675
  67.181  132.031 -178.383
  64.138  139.423 -172.198
  56.230  144.494 -148.684
  72.957  144.502 -160.549
  73.130  144.243 -172.258
  57.357  145.515 -178.924
  67.472  141.243  171.409
  78.829  134.128 -161.286
  69.491  129.598 -162.771
  69.388  139.103 -162.412
  53.543  121.705 -163.384
  63.255  145.708 -172.915
  68.407  135.040 -170.249
  51.380  139.913 -160.490
  80.638  125.984 -169.699
  70.644  147.703  176.191
  75.468  137.356 -174.437
  74.165  140.363 -177.600
  57.345  133.983 -162.979
  63.069  143.713 -172.443
  64.401  133.554 -172.207
  59.735  146.242 -173.139
  65.676  142.522 -164.868
  66.957  135.838 -168.711
  69.199  155.350 -170.417
  83.027  134.360  168.392
  64.951  141.651 -168.862
  70.749  125.135 -178.259
  79.225  131.975  179.320
  73.488  140.322 -169.692
  69.904  139.295  170.423
  70.897  121.380 -166.777
  65.201  126.085 -167.511
  65.840  134.980 -161.155
  70.620  130.588 -170.558
  67.475  141.084 -157.791
  52.291  149.658 -164.701
  67.171  140.969 -164.386
  66.608  145.783  174.362
  72.169  136.717 -176.866
  75.000  135.533 -178.557
  65.646  129.423 -168.048
  74.819  139.746  178.685
  57.110  135.368 -146.039
  59.539  143.846 -172.417
  68.335  127.291 -162.793
  65.059  132.286 -168.953
  74.110  131.823  174.363
  71.662  143.194 -160.623
  72.146  129.127 -178.776
  67.893  131.014 -178.524
  64.506  123.411 -178.670
  71.203  130.903 -173.768
  55.992  131.832 -165.871
  58.570  124.967 -166.825
  68.775  110.703 -174.705
  66.522  130.835 -165.543
  58.028  137.512 -171.819
  61.826  142.670 -156.789
  81.111  135.013  159.230
  55.676  132.649 -160.917
  70.525  148.306  179.931
  79.962  140.188  155.429
  64.641  130.251 -168.073
  66.970  133.206 -158.740
  72.888  146.097 -169.036
  59.435  125.068  172.071
  67.685  123.952 -174.259
  57.787  146.343 -164.377
  70.164  136.100 -163.942
  59.608  142.513 -161.941
  70.996  155.696 -174.283
  68.193  131.635 -164.790
  55.770  129.826 -163.943
  66.925  142.898  175.106
  66.619  132.096  177.568
  67.695  132.298 -163.472
  56.792  135.680 -168.137
  61.237  146.615  166.061
  69.290  141.617 -167.823
  84.904  138.455  172.861
  62.258  144.604 -163.184
  80.099  141.223 -179.507
  56.615  135.092 -168.495
  77.168  134.731  175.319
  62.690  134.330  174.317
  68.899  151.997 -172.073
  63.659  124.441 -151.204
  72.966  132.405 -173.676
  64.547  136.709 -177.200
  58.667  129.160 -172.864
  73.665  144.478 -178.509
  67.130  139.903 -174.706
  69.240  124.603 -161.475
  73.612  131.258 -173.863
  65.654  134.623 -166.098
  54.903  137.182 -177.962
  56.540  118.703 -171.955
  60.247  139.245 -166.010
  66.606  132.805 -166.512
  59.099  139.200  173.401
  76.531  128.228 -160.656
  72.478  136.537 -161.127
  74.323  127.893 -176.363
  67.104  143.581 -161.519
  75.094  140.283 -178.672
  68.546  134.953  178.968
  64.550  143.959 -162.423
  76.048  130.211 -165.262
  58.283  134.859 -173.938
  78.073  138.332  174.242
  65.831  117.071  178.176
  73.102  138.406 -176.591
  59.812  134.017 -178.404
  70.040  132.760 -156.392
  62.495  143.479 -153.962
  80.359  130.695 -176.326
  61.662  138.173  179.815
  63.053  146.454 -168.590
  67.816  137.752 -162.973
  69.557  131.946 -171.605
  70.225  143.483 -173.920
  67.666  134.057 -175.594
  71.119  135.901 -176.601
  80.584  123.703 -168.800
  75.867  143.629 -179.005
  75.761  135.378 -163.824
  67.384  139.362 -148.360
  57.640  134.781 -177.242
  57.852  135.933 -160.044
  68.338  142.121  179.684
  73.147  140.179 -163.145
  70.951  135.641 -169.073
  63.232  138.094 -166.715
  70.212  142.479 -165.911
  77.477  136.554 -178.942
  56.498  138.155 -155.920
  68.169  130.441 -160.777
  58.865  117.729 -152.738
  65.496  148.592 -154.067
  70.672  141.941 -167.986
  68.867  143.869 -178.040
  59.387  131.229 -151.079
  60.391  114.191 -177.901
  62.177  134.367  179.791
  62.667  137.683 -173.513
  57.792  135.624 -166.847
  61.502  136.714 -162.658
  77.752  142.234  169.350
  86.245  135.639  175.658
  70.161  144.612 -153.010
  75.364  139.489 -160.492
  72.891  140.526 -173.309
  72.016  131.257  175.722
  65.458  149.621 -154.223
  58.945  143.322 -174.077
  67.180  132.451 -165.964
  57.062  135.033 -173.915
  83.045  145.951  176.282
  65.477  148.027 -165.139
  69.749  139.102 -175.034
  56.711  139.823 -159.724
  61.989  143.095 -175.688
  62.672  135.549  177.320
  67.075  131.474 -175.469
  71.920  133.930  172.863
  69.146  138.972 -177.288
  70.741  145.691 -166.951
  72.063  137.641 -167.806
  71.977  128.195  179.334
  48.051  139.023 -139.948
  70.242  110.527  168.916
  57.215  125.737 -165.883
  69.408  134.858 -158.143
  66.998  123.552 -179.420
  54.708  130.257 -172.254
  74.424  138.460 -174.125
  51.766  133.644 -149.928
  70.464  136.972 -176.238
  67.083  137.589 -174.762
  77.727  137.659  179.432
  69.546  123.263 -178.861
  71.540  136.108 -163.049
  66.502  150.076 -154.028
  68.923  130.689 -153.700
  63.011  147.761 -173.852
  66.105  143.445  178.679
  61.442  149.853 -170.594
  77.129  130.651  167.114
  74.596  146.675  170.646
  63.582  134.512 -154.055
  65.595  151.842  171.334
  54.531  138.307 -160.777
  74.849  143.529 -176.037
  70.374  131.409 -168.926
  64.020  133.810 -165.233
  72.800  149.922 -176.729
  74.531  135.526 -167.728
  52.116  131.996 -160.674
  60.160  147.167 -177.987
  60.269  144.082 -167.321
  56.344  131.845 -170.223
  72.264  136.211  178.141
  71.986  154.658 -179.316
  66.299  147.743 -174.773
  72.415  138.309  179.370
  68.653  119.995  172.834
  61.734  134.738 -176.167
  64.856  145.470 -167.701
  63.920  115.239 -161.734
  65.023  143.290  179.934
  65.032  144.163 -173.324
  56.806  153.548 -168.710
  67.901  127.532 -175.344
  66.983  135.654 -171.850
  71.336  148.639 -161.206
  68.724  135.342 -163.415
  70.187  131.781 -178.080
  69.470  138.972 -179.718
  56.087  114.308 -161.066
  64.395  140.016 -172.221
  65.330  154.890 -165.183
  74.346  145.408 -169.659
  70.456  134.068 -167.285
  61.147  125.509 -167.777
  65.600  132.729  176.986
  75.317  130.039 -178.231
  65.683  145.362 -169.749
  59.737  131.722 -165.848
  67.880  147.088 -172.147
  64.296  132.817 -171.185
  66.898  132.576 -173.220
  69.491  139.082 -158.843
  64.400  131.545 -159.643
  81.975  129.306  169.717
  65.080  142.963 -160.412
  76.207  140.681  172.961
  71.883  123.962 -158.811
  63.508  139.840 -174.921
  61.199  130.686 -173.512
  60.833  135.283 -171.069
  66.590  126.428 -171.558
  67.510  131.862 -154.426
  76.188  123.500 -165.171
  56.909  139.333 -157.866
  63.595  137.096 -167.224
  60.422  144.121 -175.685
  74.484  123.850  178.478
  66.887  130.461 -175.034
  67.664  131.985  166.756
  62.253  122.064 -159.603
  65.245  141.764 -179.775
  73.618  116.194 -160.914
  73.632  154.861 -167.442
  80.586  122.438 -179.860
  54.686  128.713 -166.511
  70.033  142.101 -161.215
  77.335  143.054 -165.814
  69.017  118.964 -165.550
  90.109  135.622 -177.390
  73.093  139.272  174.027
  67.466  130.153 -162.131
  71.302  137.585  177.065
  56.043  142.622 -174.030
  60.444  134.064 -157.869
  58.262  134.196 -172.835
  66.628  121.800 -163.231
  65.079  158.204 -166.692
  68.803  134.452 -162.988
  58.146  143.791 -169.994
  69.307  146.757 -163.188
  53.945  143.130 -161.036
  71.057  131.632 -177.904
  57.254  125.865  162.617
  70.562  132.480  171.587
  76.670  132.794 -176.585
  76.251  148.656 -176.528
  77.638  156.372 -178.229
  61.425  136.572 -165.087
  82.979  128.589 -175.431
  65.504  136.953 -163.268
  67.433  131.306 -170.661
  74.231  149.496 -152.158
  67.839  129.678  177.936
  80.955  138.766 -175.754
  63.536  150.905 -162.656
  69.012  131.917 -161.698
  68.623  142.091 -174.831
  63.355  134.578 -172.651
  67.190  131.227 -171.157
  65.278  139.609 -172.940
  63.382  134.918 -169.873
  80.255  142.356 -177.202
  76.700  147.585 -179.980
  61.652  147.784 -161.103
  63.476  131.897 -164.981
  72.659  141.403 -167.968
  74.141  144.122 -168.805
  70.513  137.972 -170.993
  74.125  125.984  163.535
  74.045  148.746 -172.993
  58.889  124.862 -170.026
  67.586  133.170 -172.028
  64.912  143.379 -167.942
  62.182  146.668  178.087
  73.021  136.941 -164.552
  69.195  140.793 -165.538
  70.169  130.143 -168.037
  81.317  137.640 -168.015
  79.760  138.222  172.844
  55.466  118.047 -160.885
  63.177  129.925 -164.359
  73.803  140.579 -172.848
  74.244  134.779 -164.621
  68.796  124.585 -169.292
  74.367  131.375 -161.509
  70.608  144.900 -171.095
  59.172  137.712  176.404
  54.935  127.431 -156.533
  77.837  129.517 -167.290
  66.719  151.463 -164.687
  65.322  130.408 -168.162
  71.647  135.496 -168.435
  71.508  126.296  178.210
  76.413  131.971  178.780
  67.528  130.240 -174.779
  78.334  138.775 -177.191
  54.540  122.534  176.899
  67.491  140.466 -162.027
  71.807  145.599 -168.028
  60.452  141.819 -173.594
  72.940  133.345 -161.384
  56.959  126.348 -157.844
  66.858  131.611 -174.265
  67.335  146.669 -160.865
  66.519  143.862 -158.135
  48.687  141.734 -166.569
  67.778  143.438 -177.933
  77.578  138.773 -172.089
  61.971  124.755 -172.662
  63.652  136.237 -178.480
  61.717  132.679 -162.818
  67.413  123.701 -157.083
  61.194  144.850 -166.837
  60.819  138.042 -174.995
  64.720  128.989 -176.087
  71.464  129.268 -175.231
  68.025  108.577 -174.437
  76.478  125.597 -156.218
  66.940  127.480 -165.448
  67.269  124.364 -166.577
  83.009  135.727 -172.802
  63.837  139.300 -175.285
  67.317  125.734 -177.152
  77.039  137.423 -164.723
  72.085  126.233 -164.824
  67.322  144.481 -178.204
  64.149  130.584 -169.771
  70.092  134.747 -172.591
  72.898  148.917 -170.488
  67.346  148.347 -175.259
  65.953  139.117 -165.749
  77.806  140.183 -176.596
  75.520  134.299 -173.454
  62.381  140.196 -156.110
  61.157  133.298 -174.594
  72.474  136.691  179.566
  56.562  120.812 -177.498
  67.712  124.299 -171.267
  61.950  134.230 -172.045
  61.143  144.615 -172.385
  73.648  132.435 -177.090
  65.502  123.279 -164.657
  64.732  162.069  167.173
  69.541  123.636  174.108
  68.856  132.249  177.926
  65.107  134.610 -159.933
  62.913  143.795 -163.756
  55.466  130.307 -167.651
  72.558  145.390 -165.434
  69.528  143.400 -168.575
  67.361  142.990 -174.778
  70.453  138.446 -159.074
  68.571  124.808 -178.684
  60.578  139.082  179.144
  76.396  144.602 -174.692
  59.731  144.535 -157.094
  70.022  134.787 -162.864
  66.007  123.968 -161.968
  67.219  139.777 -166.914
  65.776  123.504 -156.860
  75.656  125.383 -165.949
  81.996  131.360 -163.157
  75.175  143.076 -159.803
  70.719  145.205 -164.821
  72.759  141.261 -164.836
  59.221  144.140 -177.925
  73.268  137.910 -170.772
  64.637  142.505 -171.675
  56.618  135.068 -169.531
  73.103  150.437 -171.942
  70.154  135.529  179.468
  69.286  123.773 -173.554
  54.450  127.251 -155.292
  62.142  132.530 -155.866
  78.743  138.218  168.614
  72.741  137.249 -169.285
  68.826  130.606 -154.344
  65.589  128.949  175.634
  66.257  120.879 -166.570
  66.763  138.164 -175.938
  68.857  121.849  176.180
  72.233  135.816  168.060
  58.976  131.768 -178.034
  61.192  129.892 -168.946
  79.997  130.923 -175.194
  83.475  115.927  178.691
  74.841  140.411  172.071
  59.033  129.004 -174.758
  69.448  131.778 -170.306
  61.361  134.228 -168.550
  59.666  135.191 -159.723
  67.893  111.287 -176.382
  69.532  129.591 -163.314
  68.873  142.810 -176.493
  70.615  145.696 -177.567
  67.208  131.954 -171.491
  65.039  138.913 -172.487
  66.850  133.330  179.905
  75.948  131.725 -164.662
  68.711  145.225 -178.982
  67.239  141.216 -157.586
  71.509  143.800 -168.577
  69.254  139.800 -177.051
  70.539  140.498 -177.366
  59.231  137.277 -167.454
  60.379  134.644 -169.458
  71.185  136.295 -167.853
  54.182  120.891 -159.297
  70.648  144.489 -166.221
  77.118  133.051 -179.552
  64.402  143.979 -157.514
  65.139  152.622 -169.211
  66.346  141.181 -173.854
  72.962  146.934 -176.068
  68.712  134.615 -165.780
  61.446  121.892 -167.334
  71.181  143.624  174.636
  55.066  139.000 -154.542
  83.999  130.436  173.497
  74.735  131.925 -171.903
  61.409  145.266 -165.623
  73.439  152.479 -175.472
  74.189  154.256 -178.802
  64.100  156.793 -172.203
  63.817  151.401 -162.575
  70.302  129.592 -162.085
  71.981  141.459 -166.251
  77.983  133.523 -175.343
  68.143  142.022 -177.216
  63.020  147.755 -161.720
  65.975  138.719 -175.228
  63.135  142.090 -163.276
  74.275  140.107  176.343
  68.472  134.647 -164.717
  65.462  129.232 -175.080
  73.214  127.463 -172.338
  63.657  118.161 -175.423
  68.206  131.641 -163.863
  50.633  143.177 -158.860
  58.860  122.681 -148.583
  60.454  142.223 -171.561
  73.024  144.486 -168.625
  71.541  139.069 -163.639
  62.821  151.003  174.393
  60.029  130.529 -168.404
  65.367  140.918 -167.729
  71.984  134.702 -176.006
  67.533  152.309 -157.337
  67.114  144.905 -163.841
  60.471  147.111 -172.990
  55.358  143.849 -171.228
  82.153  139.586  178.020
  57.647  145.944 -158.629
  75.502  131.784 -173.429
  57.446  145.216 -157.563
  59.449  126.524 -173.716
  72.888  136.716  179.476
  64.166  134.473 -167.533
  74.497  141.063  176.718
  73.977  134.877 -167.254
  55.447  141.543 -161.355
  71.482  145.474 -176.537
  59.202  140.391 -173.812
  58.158  147.668 -172.477
  61.193  138.819 -160.352
  74.025  149.090 -160.593
  68.587  134.875 -167.877
  71.522  144.006 -177.650
  75.310  145.499 -173.410
  73.736  135.309 -167.480
  68.097  140.599  169.389
  63.406  146.718 -177.708
  77.908  145.025  171.062
  59.748  137.789 -157.116
  72.821  144.703 -166.131
  64.179  146.265 -174.783
  81.237  147.060 -171.599
  55.570  138.452 -163.530
  55.934  127.758 -156.742
  79.791  128.179  176.706
  67.765  145.709  179.869
  60.749  134.970 -174.950
  66.803  126.017 -161.374
  70.644  120.956 -171.550
  66.812  115.300 -173.035
  62.840  131.650 -172.925
  69.208  128.875 -156.744
  64.251  128.771 -166.140
  67.836  133.339  179.300
  70.699  153.247  175.171
  72.133  137.726 -177.911
  78.566  122.296 -171.098
  58.326  131.999 -168.599
  71.250  146.921  173.634
  72.929  130.777 -172.257
  72.495  138.010 -173.512
  71.970  137.232 -169.364
  69.680  129.633  172.957
  82.828  136.506 -179.320
  78.385  125.075 -165.688
  68.642  133.533  179.937
  76.683  141.817  168.797
  76.081  129.134  171.175
  70.678  140.191 -169.409
  70.341  136.298 -176.628
  66.319  146.410 -160.832
  72.429  135.492  179.864
  61.757  122.080  178.912
  71.290  141.060 -167.152
  83.907  132.352  177.540
  57.720  138.831 -163.059
  73.515  138.445 -161.057
  58.600  152.397 -166.805
  70.312  127.760 -155.492
  78.160  147.221  179.690
  69.373  147.246 -164.892
  59.170  147.315 -174.288
  64.483  138.762 -174.390
  68.947  131.142 -168.228
  70.762  143.360 -164.633
  73.623  125.798 -167.605
  68.917  144.393 -156.478
  77.547  133.069 -164.065
  80.562  132.341 -179.103
  78.442  140.189  177.469
  71.729  146.362 -166.418
  57.287  128.108 -166.610
  56.061  130.075  178.397
  62.701  136.444 -162.167
  75.391  140.164  172.017
  62.407  132.051 -167.246
  81.114  143.851 -170.904
  73.426  116.183 -170.430
  58.142  128.853 -175.867
  64.502  146.272  177.862
  72.653  135.284 -170.683
  61.398  135.857 -153.324
  65.871  128.396 -157.635
  78.454  123.227 -171.339
  82.793  145.630 -178.756
  71.200  127.875 -156.230
  55.665  143.581 -168.520
  72.455  139.863 -165.669
  64.058  128.023 -160.453
  77.467  132.586  178.610
  60.998  129.321 -168.729
  62.722  125.630 -174.438
  67.984  129.070 -172.542
  76.260  135.817 -172.684
  67.985  136.587 -153.222
  72.031  129.715 -177.297
  59.329   93.201 -174.148
  56.278  108.578 -165.232
  73.270  137.706 -177.360
  68.407  127.477 -163.176
  67.844  140.771 -173.901
  68.600  136.236 -160.148
  77.441  143.769  176.339
  68.491  143.545  179.606
  55.517  145.225 -143.438
  65.297  140.797 -164.066
  68.840  147.003  168.542
  61.334  127.987 -158.052
  77.494  144.768 -174.354
  59.902  138.324 -171.696
  60.560  148.353 -170.324
  72.552  134.696 -174.412
  71.242  128.719  178.086
  76.968  136.998 -175.723
  76.248  136.624 -171.971
  77.044  140.383  179.934
  70.546  129.366 -164.366
  69.952  145.562  175.665
  71.661  136.932 -163.832
  57.026  141.770 -169.361
  56.012  132.656 -152.889
  70.055  135.845 -175.602
  68.551  126.454 -176.586
  68.895  142.627  172.443
  48.981  123.405 -156.732
  75.239  147.074 -175.355
  72.075  136.643 -172.091
  67.211  113.515 -164.014
  63.042  144.100  176.587
  61.739  134.441 -162.336
  67.771  134.149 -166.591
  61.377  133.879  169.854
  65.254  137.921 -174.076
  62.770  132.525 -159.807
  72.878  137.203  167.860
  60.253  127.266 -164.315
  67.471  141.587 -173.334
  66.184  132.506 -171.729
  71.068  113.232 -158.431
  79.374  142.167  172.457
  73.944  143.469 -168.556
  67.274  146.530  177.363
  75.694  138.624  176.075
  74.113  136.037 -162.906
  53.952  143.840 -178.975
  66.442  135.082 -165.426
  62.698  144.491 -161.715
  84.466  137.928 -175.848
  69.315  132.167  176.667
  58.571  130.267 -155.710
  60.145  129.942 -179.714
  67.623  126.705 -160.371
  70.843  121.363 -158.813
  67.759  142.557 -177.580
  70.068  146.222 -170.283
  71.029  142.304 -170.158
  81.663  154.629  179.130
  64.235  138.808 -175.973
  64.063  137.377 -173.317
  72.880  114.716 -170.626
  58.129  109.380 -167.468
  66.329  141.731 -175.228
  59.492  132.045 -153.104
  66.859  136.330 -173.634
  62.983  139.587  177.037
  79.520  133.425  175.809
  80.776  130.843  172.470
  80.352  117.315  171.163
  66.693  132.086 -172.263
  68.746  134.352  172.015
  76.335  132.668  172.578
  72.214  139.882  177.310
  76.351  123.386  172.018
  74.124  135.777 -172.124
  72.877  146.501 -168.577
  72.448  136.455 -170.052
  70.434  139.278 -162.736
  70.299  127.766 -176.116
  72.551  146.996  175.294
  72.706  122.193  177.343
  66.485  147.839 -169.418
  69.311  142.571  163.508
  66.316  121.169  165.411
  75.749  140.925 -168.351
  68.101  146.613 -162.576
  66.794  135.865 -166.757
  70.928  141.272 -173.528
  59.847  139.696 -156.886
  56.574  153.222 -162.103
  76.622  131.758 -170.263
  77.194  141.980 -173.118
  69.165  148.968 -170.561
  67.709  124.969 -167.983
  52.134  110.878 -162.973
  71.764  135.695 -169.567
  77.412  129.117 -161.796
  49.421  136.414 -151.977
  72.369  136.936  178.467
  57.797  142.065 -174.873
  65.804  139.684 -178.797
  71.872  128.730 -164.380
  75.522  139.054 -179.475
  72.897  138.325  177.398
  56.769  125.751 -177.467
  65.412  128.670 -168.905
  55.158  138.864 -160.416
  58.989  143.430 -157.424
  59.718  137.028 -166.394
  75.368  146.141 -175.598
  73.272  142.069 -160.158
  78.598  133.521 -171.461
  55.401  134.989 -174.016
  67.430  129.826 -174.200
  69.917  141.479 -172.171
  69.387  140.556 -174.662
  53.891  136.803 -165.431
  67.209  122.713 -167.427
  64.838  137.114 -167.098
  78.394  143.015 -179.346
  68.044  127.003  178.663
  55.038  155.178 -165.924
  65.590  140.247 -165.692
  58.529  146.014 -170.404
  67.619  146.436  165.000
  59.245  154.591 -177.705
  69.297  140.291 -175.751
  65.575  138.788 -165.481
  74.148  125.847 -167.784
  58.462  145.634 -150.140
  67.491  125.082 -160.095
  66.669  151.244  174.372
  79.101  138.078 -178.292
  57.826  149.699  176.600
  71.644  136.721 -175.341
  65.200  138.424 -177.550
  59.521  136.427  177.794
  72.748  123.249 -168.781
  73.694  133.250 -157.756
  65.754  132.606  169.526
  67.180  132.820 -171.259
  66.302  135.652  171.532
  62.826  130.962 -156.964
  75.835  118.335  175.544
  71.623  142.509  170.298
  71.471  142.554 -170.597
  73.081  146.068 -177.673
  63.088  142.955 -162.021
  61.653  144.076 -167.033
  74.388  144.839  173.423
  68.402  128.985 -174.520
  49.738  128.361 -158.599
  66.041  121.276 -165.854
  63.730  136.474 -149.125
  64.355  142.525 -163.873
  74.868  143.840 -177.787
  74.727  140.211 -163.805
  61.900  145.140 -162.065
  63.258  124.478  165.737
  64.040  128.502 -175.436
  72.452  136.837 -159.333
  61.797  136.389 -160.657
  69.873  140.237 -162.035
  65.431  143.942 -168.080
  66.014  143.675 -171.013
  62.349  128.966 -156.028
  69.007  134.670 -170.028
  77.501  134.472 -170.831
  70.106  130.122 -169.409
  73.004  148.119  169.598
  55.744  136.978 -154.076
  72.414  144.987  166.019
  68.802  138.788 -159.479
  76.833  135.817  179.355
  58.117  147.340 -171.094
  74.035  126.490 -170.493
  64.081  124.437 -158.592
  59.551  150.610 -171.076
  76.861  155.073 -178.079
  69.709  142.097 -165.818
  78.340  137.039 -156.384
  71.244  131.847  178.863
  67.075  136.102 -163.294
  60.360  131.894 -167.829
  68.142  140.214  175.228
  68.834  135.286 -173.228
  63.691  153.494 -160.421
  59.440  133.948 -166.246
  73.584  129.095  170.020
  74.313  121.375  177.597
  74.652  141.904  173.755
  73.006  140.689 -173.982
  64.388  139.199 -165.445
  61.283  146.306 -170.947
  64.644  129.516 -163.313
  62.642  140.808 -164.170
  67.268  133.021 -177.040
  68.093  122.568 -152.811
  52.596  129.581 -150.268
  61.884  122.444 -164.451
  71.782  138.016 -178.175
  76.565  121.990 -173.651
  49.316  131.703 -171.265
  67.130  131.090 -161.717
  58.420  135.255 -164.459
