 -58.202  140.388  171.961
 -61.627  147.148  171.045
 -68.507  152.749  174.423
 -51.058  156.316  171.923
 -53.214  152.412 -179.133
 -57.061  144.311 -176.713
 -53.068  152.443  167.953
 -51.511  130.237  154.993
 -63.525  134.480  179.272
 -63.781  146.241  165.862
 -60.942  149.380  173.646
 -57.604  149.783  171.339
 -59.895  150.417  177.227
 -55.787  142.775  174.287
 -53.490  147.940  178.840
 -43.000  154.157  170.863
 -48.739  140.922 -177.079
 -58.617  146.384  175.318
 -53.386  156.297  169.160
 -57.294  146.413  176.875
 -62.615  153.759 -178.095
 -62.787  146.053  171.096
 -59.407  146.184  177.040
 -77.510  158.747  145.073
 -69.691  133.403  167.289
 -59.794  149.866  178.273
 -53.260  151.699  157.670
 -63.254  152.884  163.012
 -60.211  150.849  165.165
 -66.401  153.342  158.894
 -63.301  152.791  172.133
 -48.742  154.199 -179.037
 -66.302  146.581  172.092
 -71.548  153.580  165.426
 -54.949  147.244  169.712
 -66.308  163.322  174.690
 -57.359  138.412  178.015
 -59.652  153.029  179.592
 -61.723  151.962  164.683
 -62.036  146.467  179.129
 -63.690  146.186  178.056
 -36.922  146.983  173.814
 -70.343  148.872 -178.711
 -70.873  141.997  173.038
 -67.926  138.821  159.825
 -68.570  142.807 -173.450
 -47.522  150.784  173.327
 -62.507  163.267  167.015
 -74.865  148.025  178.153
 -67.732  144.682  174.776
 -60.844  136.670  167.652
 -55.750  143.124  174.746
 -68.931  157.712  168.406
 -63.898  148.504 -179.280
 -68.478  145.798  170.897
 -63.470  150.494 -170.275
 -59.213  133.080  167.269
 -58.089  158.236  177.365
 -68.480  138.516 -179.833
 -54.158  149.824  164.954
 -65.353  155.043  168.144
 -60.745  140.343  164.550
 -57.817  147.779 -177.416
 -55.545  147.484  174.157
 -68.082  148.171 -179.934
 -58.600  145.049  154.664
 -53.057  158.174  169.050
 -68.266  150.504  166.100
 -57.907  156.252 -176.433
 -60.218  138.131  178.752
 -62.053  151.156 -179.866
 -64.144  152.191  166.956
 -66.462  144.106 -178.937
 -53.200  145.329  162.692
 -62.715  152.702  179.577
 -55.599  154.032  160.510
 -48.514  157.348  159.775
 -64.091  167.131  163.730
 -62.210  158.463 -166.937
 -66.775  159.757  178.905
 -57.486  145.658  166.732
 -65.038  150.066  179.195
 -69.535  145.782  172.056
 -57.512  156.522  171.160
 -56.174  134.614  161.084
 -61.499  150.118  165.535
 -44.909  143.475 -173.108
 -64.601  141.885  175.685
 -55.562  141.381 -179.980
 -58.601  157.259 -174.347
 -63.619  145.425  176.499
 -50.342  145.060  174.084
 -60.626  149.654  179.055
 -76.372  153.130 -176.989
 -68.855  139.463  173.682
 -63.853  144.450 -171.097
 -57.129  152.604  172.117
 -61.804  154.776  167.625
 -52.356  148.705  165.781
 -60.091  154.150  167.778
 -67.928  151.785  173.019
 -55.687  145.429  175.102
 -48.502  141.172  176.541
 -57.202  154.707 -173.387
 -58.192  147.553  170.174
 -66.402  139.659  165.767
 -68.235  151.779 -178.321
 -57.682  157.101 -178.778
 -71.746  149.099  159.999
 -58.053  157.315  170.084
 -64.727  144.316  172.830
 -60.719  144.128  166.723
 -62.990  136.033  169.781
 -73.018  137.768  168.221
 -61.565  158.626  176.128
 -59.414  151.327 -179.353
 -69.039  147.418  163.297
 -70.505  144.490  159.238
 -75.802  153.213  175.973
 -53.043  141.795  173.476
 -62.797  140.827  166.736
 -56.044  160.018  149.030
 -45.128  145.463  164.523
 -74.962  153.214  176.304
 -60.208  144.202 -179.676
 -65.390  151.889  171.581
 -69.946  151.115  179.545
 -62.596  158.444  153.182
 -61.655  140.673  177.188
 -74.748  158.784 -172.349
 -48.582  143.944 -178.663
 -63.178  148.112  179.147
 -54.138  141.179  171.713
 -57.785  152.124  176.948
 -65.222  149.257 -175.903
 -53.776  155.943  171.766
 -50.048  154.315 -177.137
 -61.663  147.800 -173.940
 -56.629  152.718  176.431
 -61.836  136.797  179.644
 -63.290  145.857  157.446
 -62.557  145.104  149.750
 -58.565  150.271  173.498
 -61.205  141.742  173.510
 -66.436  158.532  172.165
 -62.324  153.125  165.362
 -60.491  133.982  167.809
 -61.402  143.204  178.757
 -72.881  146.858  161.884
 -57.479  135.307  172.874
 -54.506  155.835  168.698
 -45.772  146.257  178.017
 -64.356  152.861  172.161
 -58.722  144.817  160.299
 -57.813  149.459  176.015
 -55.954  132.480  170.655
 -48.668  150.970  163.976
 -57.630  144.792  166.672
 -47.926  137.288  164.962
 -64.894  139.776  167.588
 -69.466  153.211 -174.026
 -63.645  144.560  161.965
 -60.244  155.263  177.501
 -53.665  149.782  178.441
 -52.482  150.984  164.708
 -54.380  139.503 -179.703
 -47.380  148.489  159.480
 -64.308  148.527  173.082
 -63.725  141.002  165.520
 -64.984  138.396  167.744
 -55.781  150.635  167.265
 -68.960  152.289  161.804
 -69.249  143.375  172.054
 -57.020  143.046  167.272
 -73.865  150.684  178.660
 -59.837  139.635  157.353
 -67.313  138.635  163.987
 -54.605  146.901  167.127
 -63.282  160.244  170.558
 -64.941  143.325 -176.963
 -68.099  144.643  173.163
 -64.845  149.402  163.599
 -59.822  143.748  158.526
 -67.027  147.786  160.427
 -47.933  147.880  171.043
 -69.441  152.003  164.219
 -65.943  144.819  178.747
 -69.947  149.432 -176.078
 -71.851  143.832  177.769
 -68.107  138.389  166.757
 -71.903  144.218  164.456
 -66.534  144.210  176.371
 -57.458  155.790  177.125
 -69.733  147.733  168.732
 -59.727  151.952  166.213
 -48.946  147.190  165.826
 -53.715  146.082 -175.412
 -53.609  136.247  176.771
 -65.798  150.951  170.611
 -64.211  151.046  173.409
 -64.482  155.391  174.356
 -62.852  154.124  151.388
 -72.235  155.879  178.191
 -54.812  141.927  175.887
 -52.938  151.947  164.203
 -57.654  144.309  162.280
 -72.159  141.878 -178.607
 -64.090  140.162  177.392
 -47.948  155.574  154.824
 -62.705  151.031  173.268
 -58.470  143.945  174.220
 -62.494  138.045  178.497
 -52.092  152.364 -175.969
 -60.325  152.009 -179.674
 -58.952  136.304  143.188
 -69.790  145.087 -171.494
 -54.123  148.658  174.708
 -52.129  141.176  172.983
 -69.764  146.849  176.021
 -67.092  128.067  166.487
 -58.539  149.054 -175.125
 -57.375  148.228  162.184
 -61.281  157.153 -170.056
 -58.915  147.608  161.095
 -58.007  138.489 -176.984
 -55.225  142.456  168.482
 -61.896  146.537  160.233
 -68.522  133.087  176.691
 -63.026  151.426  160.748
 -54.203  141.446  166.915
 -72.269  145.016  174.077
 -58.890  151.524 -170.078
 -59.289  149.049  172.055
 -58.643  143.515  167.437
 -61.730  139.563 -178.563
 -56.931  145.700  166.385
 -69.833  159.499  171.503
 -62.101  143.735  162.194
 -61.812  150.945  167.179
 -59.225  141.288  173.419
 -60.624  151.843  173.954
 -47.521  147.195  163.393
 -61.157  159.310 -178.602
 -55.623  150.245 -177.750
 -72.393  143.058  164.486
 -67.031  139.398  174.811
 -74.390  142.504  168.735
 -68.431  149.168  164.139
 -63.234  157.704  163.298
 -72.594  154.871 -175.574
 -52.342  152.202  169.051
 -51.855  146.979  175.531
 -59.849  150.209 -170.586
 -62.582  161.092  173.740
 -63.019  150.447  171.300
 -65.202  149.005  177.550
 -72.331  151.044  171.720
 -77.324  138.611  176.750
 -66.950  141.099  178.068
 -44.288  149.528  172.183
 -52.701  138.670  173.087
 -54.825  134.206  173.577
 -39.462  148.736  173.226
 -55.069  151.380  174.776
 -73.519  148.199  174.041
 -67.863  150.688  173.791
 -59.175  144.110 -174.825
 -61.098  146.466  178.941
 -67.301  148.276  169.999
 -64.179  154.806  171.924
 -62.156  144.163  160.753
 -71.572  149.978  173.863
 -80.956  149.915 -169.673
 -61.705  146.191  175.670
 -63.676  147.439  164.046
 -58.543  151.574  165.217
 -63.312  137.297  160.941
 -54.872  151.810  170.015
 -62.726  147.895  167.932
 -58.885  144.503  159.634
 -64.506  148.539  160.908
 -69.467  144.021 -173.832
 -72.673  143.786 -156.708
 -44.887  145.948  178.897
 -61.565  142.737  173.904
 -63.856  146.682  174.401
 -57.944  145.622 -177.001
 -66.286  140.701  166.162
 -67.542  150.599  171.795
 -76.319  145.690 -178.542
 -59.260  137.729  169.894
 -75.305  155.636 -177.874
 -70.801  151.580  164.707
 -60.807  157.114  176.806
 -52.594  140.776  161.245
 -63.461  154.728 -168.998
 -72.925  151.768 -169.787
 -72.398  137.760 -178.063
 -65.220  140.991  168.970
 -64.743  141.216  169.814
 -60.756  137.863  156.454
 -58.074  165.841 -177.335
 -58.916  145.269  163.677
 -75.663  150.847 -174.089
 -68.417  147.241 -179.356
 -59.036  140.868  158.685
 -66.021  154.100  169.039
 -63.330  148.022  156.760
 -68.644  151.230 -177.197
 -61.112  157.169 -178.055
 -67.007  152.113  176.351
 -55.359  141.912 -178.472
 -60.227  143.665  168.060
 -66.626  148.903  171.758
 -57.607  151.534  168.878
 -53.710  144.588 -179.235
 -63.374  153.110  169.665
 -64.461  148.610 -179.203
 -72.263  158.587 -171.360
 -68.205  155.219  175.865
 -59.223  140.709  171.582
 -70.056  152.954  167.549
 -59.075  148.299 -176.570
 -64.324  155.629  176.821
 -55.084  149.048  173.266
 -57.144  142.405  153.626
 -63.225  144.809  169.891
 -56.005  140.612 -175.212
 -49.035  147.860  161.123
 -69.043  150.962 -178.129
 -52.444  145.419  154.575
 -52.245  142.392  179.324
 -64.346  154.951  165.402
 -64.931  139.476  169.117
 -66.676  145.555 -173.751
 -59.021  145.730  166.781
 -61.141  142.822  159.106
 -61.207  152.230 -167.896
 -50.437  143.222  159.920
 -53.008  155.509  161.144
 -53.457  147.531 -179.966
 -60.380  152.281  175.334
 -59.152  153.999  156.121
 -63.602  140.774  171.067
 -58.511  165.243  173.392
 -68.542  145.618  173.481
 -55.661  146.833  164.454
 -63.932  145.605  171.348
 -57.729  142.346  173.121
 -63.161  139.416 -179.032
 -51.318  140.730  156.139
 -72.851  158.548 -179.264
 -53.635  148.332  161.373
 -49.921  146.694  172.868
 -58.213  154.320  165.983
 -60.004  159.853  164.033
 -73.167  139.506  172.912
 -73.147  151.322  167.620
 -54.121  153.139  172.722
 -65.896  147.628  179.067
 -60.773  151.628  166.389
 -63.794  147.044  173.494
 -49.969  130.386  166.117
 -54.028  156.955  171.665
 -59.172  141.519  177.520
 -53.508  129.602  172.194
 -70.859  154.236 -167.902
 -58.853  143.908  161.665
 -70.333  139.976  170.204
 -62.518  148.438  161.189
 -63.954  140.507  167.536
 -72.399  148.797  174.914
 -67.367  155.042  177.434
 -57.117  165.581  171.789
 -65.564  135.460  170.103
 -62.493  151.661  169.040
 -64.627  146.948 -174.710
 -56.191  150.286  172.961
 -62.297  145.907 -172.221
 -62.498  130.342  176.738
 -70.204  151.796  176.741
 -76.310  143.935  174.571
 -76.957  153.165  161.751
 -57.837  152.609  169.922
 -70.809  154.141  166.927
 -57.982  143.804 -171.681
 -62.323  151.830  172.215
 -58.711  149.010  157.173
 -66.990  144.068 -174.292
 -58.730  153.989  164.426
 -64.910  137.323  171.824
 -58.045  158.016  164.302
 -60.892  144.248 -179.980
 -56.322  149.441  166.273
 -52.134  161.006  169.221
 -71.325  154.300 -179.058
 -54.100  157.602  167.249
 -69.317  162.192 -175.569
 -55.510  156.287  168.407
 -62.068  143.856  173.833
 -50.293  141.741  160.123
 -63.090  162.642 -176.923
 -83.983  157.035  152.715
 -64.382  157.796  175.470
 -44.715  132.483  167.341
 -51.753  148.709  163.045
 -61.745  142.146  178.209
 -73.309  162.057  176.710
 -62.258  152.536  161.221
 -75.792  145.909  155.950
 -70.680  137.903 -172.348
 -57.360  156.524  172.142
 -62.787  140.401  177.852
 -58.514  143.008  174.236
 -55.673  149.786  178.883
 -69.261  154.456 -176.871
 -68.204  144.160  174.081
 -59.375  151.901  170.254
 -61.982  143.086  179.941
 -42.386  147.230  160.594
 -64.947  153.937 -177.738
 -56.979  141.586  168.890
 -63.252  132.920  170.843
 -55.339  157.117  164.168
 -50.383  153.268  162.601
 -43.801  146.649  167.683
 -56.930  147.714  158.941
 -58.843  151.093 -174.898
 -65.625  143.923  177.831
 -66.906  146.033 -174.622
 -73.824  154.587  177.132
 -55.287  147.956  170.193
 -69.029  140.283 -175.362
 -56.432  153.142  160.200
 -63.209  151.401 -157.597
 -57.362  166.177 -179.892
 -57.573  146.049 -167.175
 -68.042  158.268  162.843
 -67.609  139.790 -176.400
 -54.825  147.959 -178.243
 -59.745  145.847 -177.097
 -67.336  162.635 -173.734
 -55.829  142.461  163.305
 -51.174  155.096  169.750
 -51.395  151.963  163.927
 -56.073  149.829  164.603
 -65.770  154.347  175.577
 -55.674  153.375  176.117
 -63.204  144.969  170.363
 -69.803  149.512  179.406
 -68.626  148.535  167.705
 -56.869  157.374  155.467
 -61.147  144.895  178.495
 -60.578  151.647  170.973
 -60.686  151.388  171.349
 -51.261  153.877  167.139
 -64.227  146.786 -177.900
 -55.349  147.870  169.773
 -55.360  147.287  171.538
 -62.147  151.624  163.487
 -56.737  153.688  156.388
 -65.286  154.112  166.983
 -64.117  155.264  164.262
 -66.147  141.813  162.812
 -62.625  160.473 -171.020
 -59.781  148.324  167.117
 -71.261  148.748  166.933
 -54.913  145.531  169.161
 -73.748  143.198  179.520
 -67.848  144.976  156.634
 -62.504  146.898  177.505
 -49.756  138.650  160.451
 -58.595  144.055  177.213
 -69.562  160.908  170.963
 -55.209  161.286  166.813
 -64.395  146.572  173.739
 -67.970  152.012  173.677
 -68.149  151.907  174.294
 -50.633  137.316 -172.684
 -49.580  146.272  161.675
 -64.450  151.504  160.507
 -59.997  151.079 -167.972
 -64.288  150.183  167.174
 -51.197  143.258 -178.843
 -50.746  154.655  161.834
 -73.632  151.376  166.734
 -53.493  145.584  164.813
 -70.596  147.858  175.608
 -61.204  148.989  177.869
 -64.893  151.041  176.955
 -58.732  154.387  170.190
 -50.983  156.055  172.179
 -62.227  146.843  178.527
 -61.050  137.544 -179.622
 -82.974  134.254 -177.910
 -51.438  160.750  163.981
 -52.623  144.380  157.447
 -60.051  160.100 -178.733
 -61.896  156.229  167.268
 -49.665  156.660  179.417
 -60.133  140.893 -172.636
 -63.747  159.982  171.770
 -60.396  149.477  163.927
 -54.012  146.369  171.361
 -48.085  134.824  170.362
 -59.241  155.026  148.932
 -73.408  156.724 -178.134
 -79.644  148.115  163.146
 -72.564  152.786  178.164
 -62.471  160.123  172.742
 -62.741  148.065  171.791
 -62.953  140.426 -177.051
 -60.084  133.875  174.563
 -56.142  138.021  171.485
 -56.330  147.450 -179.745
 -56.587  148.943  179.779
 -64.743  149.485 -178.548
 -64.215  156.664  170.274
 -70.880  148.514 -170.559
 -60.410  146.518  173.014
 -68.104  155.142  178.428
 -58.042  142.671  162.281
 -70.095  134.620 -178.630
 -58.326  142.614  164.498
 -50.222  147.213 -175.179
 -62.535  158.541  158.499
 -59.802  143.003 -177.967
 -78.134  155.521  165.352
 -57.994  160.127 -177.525
 -63.610  147.684  172.210
 -60.647  154.860  176.305
 -61.688  158.640 -173.086
 -59.233  149.669  161.930
 -69.102  155.156  170.542
 -62.282  142.897  160.135
 -57.554  150.098  178.646
 -60.590  147.536  175.309
 -60.066  148.469 -172.166
 -41.938  155.088 -175.360
 -72.727  159.830  177.648
 -63.061  148.505  164.533
 -62.643  148.824  176.448
 -72.933  136.669  163.546
 -63.840  139.211  158.140
 -60.364  151.064  171.672
 -52.847  147.271  171.629
 -67.413  143.303  179.461
 -59.428  144.125 -176.500
 -56.367  150.361  168.162
 -73.423  140.363 -180.000
 -61.151  150.480  154.973
 -51.302  164.118  162.026
 -70.796  153.611  179.751
 -75.276  155.087 -177.261
 -75.283  140.642  166.974
 -57.906  145.734  174.648
 -49.872  137.044  179.751
 -56.970  160.804  171.964
 -76.271  148.105  157.662
 -67.974  141.889 -179.340
 -56.294  157.275  175.969
 -61.814  146.505  176.348
 -60.231  151.676  171.854
 -67.964  135.845 -173.454
 -61.573  145.592  171.665
 -73.590  144.471  171.478
 -63.227  144.820  173.975
 -51.045  137.568  169.097
 -56.734  151.911 -170.660
 -65.229  137.648 -176.173
 -64.454  157.685  169.884
 -61.003  149.079  160.946
 -57.509  150.217  160.929
 -55.418  143.366  175.781
 -62.306  147.212 -177.248
 -67.679  140.832  177.055
 -55.592  138.166  167.089
 -55.353  153.989  160.137
 -68.774  148.254  167.281
 -48.892  151.053  168.742
 -54.130  151.516  169.490
 -73.258  142.367  178.596
 -66.023  163.753  164.239
 -54.641  153.137 -173.082
 -62.394  147.534  166.448
 -55.459  150.382  162.895
 -60.820  137.307 -171.375
 -65.431  145.096  170.271
 -63.284  147.728  168.675
 -41.914  150.654  159.847
 -75.426  144.486 -157.232
 -51.740  145.131  166.232
 -48.435  151.728  171.502
 -67.149  151.221  171.475
 -64.536  150.974  179.328
 -58.185  141.866  165.621
 -44.593  144.385  157.373
 -67.656  142.060  167.053
 -62.265  144.762  165.262
 -59.512  132.957  176.549
 -61.684  151.550 -176.755
 -58.594  148.600 -175.330
 -71.736  151.185 -168.251
 -62.187  143.176  169.374
 -75.115  143.889  173.465
 -52.630  151.170 -162.401
 -60.192  139.471 -178.482
 -54.198  142.360  179.635
 -59.374  148.079  166.420
 -59.559  150.558  163.967
 -54.723  145.001  175.395
 -62.272  152.280  168.754
 -48.345  148.152  171.522
 -63.074  152.564 -166.580
 -47.240  141.715  175.194
 -65.993  139.403  178.057
 -56.060  151.526  173.581
 -49.761  148.695 -176.118
 -53.992  143.188  171.468
 -35.866  152.922  165.969
 -53.798  148.138  174.545
 -58.269  129.141 -166.965
 -68.847  143.409 -168.063
 -68.241  147.036  155.209
 -58.181  133.506  170.565
 -51.090  144.257  171.469
 -62.880  141.711  163.801
 -65.928  154.457  168.386
 -61.323  151.671 -173.315
 -65.545  148.007 -179.800
 -58.575  157.807  178.776
 -65.825  145.333  176.616
 -61.928  140.311 -174.859
 -64.972  154.714  170.278
 -57.566  145.650  170.470
 -55.719  153.162  159.829
 -49.081  149.812  164.208
 -69.728  147.886  169.425
 -53.442  153.209  149.109
 -60.940  150.459  174.537
 -58.971  143.683  173.345
 -61.771  155.947  171.642
 -52.073  154.274 -177.348
 -71.726  152.522  171.495
 -67.582  146.863  169.799
 -68.529  153.019  179.838
 -58.009  158.519  165.809
 -55.144  149.141  175.079
 -49.805  142.758  175.346
 -52.173  146.983  179.567
 -65.669  147.047  175.121
 -68.531  151.033  163.177
 -53.159  149.314  175.803
 -54.739  150.970  173.312
 -56.539  143.239  163.502
 -78.250  157.817  170.571
 -61.563  152.460 -179.836
 -59.407  149.640  172.535
 -68.192  155.623  179.174
 -47.049  155.941  166.615
 -71.867  158.393  160.490
 -60.529  145.120  165.593
 -73.378  153.119 -177.030
 -63.614  159.208  167.391
 -63.853  144.303  168.863
 -69.981  159.846  170.762
 -59.420  143.432  171.885
 -62.396  152.960  172.235
 -80.181  152.246  174.429
 -66.825  143.442  175.532
 -66.398  144.304 -171.489
 -60.282  153.888  173.283
 -67.390  158.266  165.134
 -60.869  135.650  161.319
 -62.880  150.331  173.005
 -55.800  154.967  170.295
 -47.469  152.800  169.449
 -70.410  149.853  166.009
 -59.526  151.299  161.985
 -53.329  166.942  173.982
 -50.105  154.522 -171.189
 -64.032  149.057  175.044
 -49.625  144.943  173.791
 -61.717  141.616 -179.153
 -60.515  150.087  170.343
 -79.512  148.970 -177.755
 -56.903  148.344  169.420
 -65.808  150.984  169.828
 -63.036  151.851  177.418
 -52.541  151.089  165.257
 -61.535  139.317 -179.473
 -51.332  134.105  169.256
 -41.945  138.384  174.458
 -66.760  145.194  173.550
 -70.460  140.223  174.484
 -58.770  147.406  159.137
 -70.175  149.278  159.228
 -64.552  144.532  171.046
 -65.048  150.653  179.619
 -54.075  148.687  167.113
 -43.608  153.008  172.309
 -67.247  140.869 -172.659
 -69.259  157.303  177.547
 -49.022  147.711  175.185
 -62.884  140.666  176.046
 -61.832  149.677  175.461
 -52.552  149.082  170.894
 -59.378  147.269  154.001
 -56.029  161.178  155.751
 -55.725  153.308  173.532
 -60.252  149.705  155.085
 -78.482  158.652  160.246
 -63.508  154.958 -173.927
 -60.247  143.652  157.925
 -55.665  146.481  170.486
 -75.956  146.035  169.619
 -60.428  145.299  175.152
 -70.856  142.466  179.286
 -56.426  139.798  176.612
 -65.503  151.100 -177.611
 -65.944  152.685  178.514
 -70.793  155.728  171.366
 -65.158  153.409  173.526
 -52.646  142.003  164.502
 -61.125  144.167 -179.015
 -59.279  157.256  157.257
 -59.379  142.235 -179.680
 -62.866  147.149  173.872
 -50.010  142.113  169.837
 -72.487  167.959  173.556
 -63.007  140.953  168.115
 -46.487  152.813  161.295
 -54.983  152.697  162.064
 -70.989  160.996 -173.538
 -63.530  157.577 -176.383
 -77.302  142.140  172.468
 -44.254  153.784  176.768
 -74.929  154.411 -173.005
 -58.531  148.933  161.164
 -48.461  149.311  160.610
 -69.478  145.845 -172.502
 -59.927  146.973  164.628
 -60.823  141.228 -172.062
 -55.118  128.849  161.200
 -69.290  153.345  160.571
 -64.753  149.548  170.361
 -59.329  148.829  166.852
 -53.495  147.283  178.144
 -62.965  140.869  176.667
 -67.711  147.984 -178.447
 -70.310  138.760  176.288
 -65.537  131.135  176.090
 -54.956  127.637 -171.796
 -58.146  158.836  163.703
 -35.851  144.815  164.759
 -55.545  164.515  165.822
 -58.876  136.437  175.695
 -62.490  146.350 -179.239
 -51.714  150.526  160.503
 -76.217  140.770  174.301
 -49.101  138.337 -170.322
 -65.087  141.735  176.609
 -55.674  152.690 -169.039
 -68.454  141.263  174.929
 -66.373  155.237  171.031
 -59.697  155.562  163.979
 -61.576  142.050 -172.185
 -60.368  159.563  176.604
 -59.164  146.367  179.246
 -52.410  149.807  169.217
 -64.620  142.166  174.356
 -50.375  153.882 -169.060
 -78.015  149.892  172.884
 -50.655  147.723  171.026
 -77.479  156.189 -178.553
 -58.723  133.577  169.761
 -49.379  158.113  151.957
 -59.355  152.474  159.850
 -57.031  156.488  148.179
 -54.540  156.090  175.171
 -63.450  159.377  164.556
 -71.192  150.371  162.976
 -55.109  155.254  176.480
 -50.638  137.563  173.376
 -58.247  142.459  179.181
 -50.208  145.527 -164.674
 -57.618  149.570  174.481
 -53.199  154.771 -178.900
 -60.028  136.311  163.091
 -50.571  150.728  168.528
 -65.947  146.820  166.209
 -78.335  151.887  170.760
 -57.929  154.201  167.626
 -61.064  143.011  164.862
 -51.614  148.376 -169.947
 -65.321  153.964  175.102
 -69.824  144.403 -167.460
 -66.870  141.489  167.149
 -71.572  150.567  170.002
 -73.147  142.258  167.126
 -71.131  136.209  163.307
 -65.623  152.429 -172.454
 -47.555  153.027  162.023
 -67.261  144.340  168.293
 -67.607  149.870 -178.988
 -61.384  154.769  178.873
 -58.266  145.511  166.375
 -53.777  144.688  173.537
 -50.559  148.367  165.514
 -66.245  148.339  162.674
 -52.768  154.454  172.185
 -59.052  149.789  169.783
 -65.129  143.463  177.308
 -71.695  147.441 -178.200
 -67.288  144.088  172.365
 -80.378  146.895  179.893
 -66.332  150.276  171.584
 -67.117  155.527  154.764
 -64.078  149.957  166.902
 -49.252  144.790  164.063
 -52.707  154.579 -178.794
 -59.083  143.891 -179.102
 -55.222  146.997  177.813
 -53.690  145.416  171.339
 -73.083  150.960  169.308
 -56.388  145.198  162.788
 -51.546  156.073  163.206
 -64.855  143.957  177.245
 -58.194  133.504  170.815
 -75.036  147.602  175.355
 -56.441  139.032  166.167
 -71.489  143.708  173.368
 -62.672  157.170  172.804
 -66.147  146.038 -173.933
 -54.022  157.429  165.282
 -70.827  153.539 -165.798
 -61.739  143.490  168.427
 -57.739  152.971 -179.610
 -59.481  159.742  166.799
 -57.620  140.524  163.919
 -79.952  150.430  168.294
 -59.751  144.768  165.487
 -65.810  148.588  156.231
 -54.706  144.678  164.768
 -53.329  138.441  179.342
 -64.724  145.454  166.173
 -69.649  150.863  174.823
 -62.641  156.224  167.776
 -56.785  148.767  172.472
 -56.091  149.943 -179.578
 -57.829  139.256  176.280
 -63.308  140.837 -178.912
 -58.929  160.065  170.963
 -62.157  153.891  169.911
 -69.437  143.457 -179.526
 -58.113  164.215 -175.951
 -63.723  158.931  176.896
 -55.360  154.904  177.743
 -58.751  145.105  168.431
 -64.546  155.602  159.085
 -57.304  146.772 -176.842
 -83.253  159.122  178.152
 -61.397  146.543 -173.668
 -62.850  158.293  172.434
 -60.809  140.800  176.226
 -65.447  161.478  168.485
 -62.538  154.943 -174.953
 -59.581  148.941  176.137
 -64.316  157.928 -175.607
 -58.514  162.860  171.044
 -57.385  141.391  179.866
 -61.532  145.550  170.033
 -61.863  159.255  158.206
 -67.939  134.014  168.027
 -62.264  149.447  171.217
 -60.229  152.066  160.791
 -62.205  154.350  164.827
 -65.825  144.230  176.056
 -67.006  142.173  164.542
 -56.130  151.234  162.339
 -59.044  148.337  162.477
 -53.261  153.431  167.158
 -73.753  162.573 -174.850
 -66.361  152.099 -177.902
 -57.585  159.952  168.668
 -56.984  165.868  178.673
 -64.857  151.896 -176.232
 -67.805  148.852  162.139
 -67.942  148.137  161.602
 -61.400  138.871  179.720
 -69.755  144.113  173.459
 -71.027  149.487  167.592
 -63.398  144.173  169.811
 -51.372  155.599  158.811
 -62.990  140.748  170.466
 -75.731  153.621  172.772
 -59.530  140.788  168.985
 -70.297  138.819  178.915
 -67.056  158.269  179.972
 -51.526  134.699  174.359
 -57.308  163.524  162.836
 -58.703  163.303  164.380
 -67.432  150.262  177.653
 -58.701  151.196  174.200
 -71.139  158.171  168.474
 -60.595  146.744  166.967
 -61.471  148.651  177.044
 -65.774  148.440  178.802
 -59.364  146.949 -171.246
 -58.791  141.269  174.749
 -69.794  147.113  178.353
 -63.702  156.077  175.068
 -56.617  145.295  178.508
 -58.237  149.132  165.639
 -57.621  145.543  166.141
 -49.505  150.889 -172.320
 -66.045  160.478  174.400
 -53.902  149.231  175.923
 -63.508  150.882  177.346
 -59.029  146.683  168.473
 -54.523  146.836  171.397
 -57.749  151.578  167.461
 -63.614  155.639  171.946
 -61.244  151.090 -175.890
 -48.882  142.055  172.858
 -68.776  157.757 -176.463
 -70.749  161.219 -165.394
 -64.518  153.357  173.948
 -63.939  147.920  178.149
 -66.527  154.362  174.012
 -67.423  147.812  152.425
 -54.186  159.629  176.071
 -48.539  142.847  158.959
 -60.977  153.569 -177.981
 -77.169  151.737  172.683
 -64.105  160.367  165.342
 -48.739  143.821  160.583
 -70.398  137.141 -177.541
 -66.257  149.771  176.629
 -64.855  150.892  174.912
 -52.086  154.586  159.174
 -51.031  163.853  160.452
 -63.506  151.273  165.471
 -59.070  141.112  172.540
 -63.484  146.573  137.688
 -70.444  151.848  178.992
 -72.782  133.092 -179.715
 -54.254  147.264  163.067
 -55.600  153.638  179.118
 -70.621  149.858 -175.132
 -64.739  152.182 -179.747
 -70.631  153.887  165.629
 -59.830  149.828  167.858
 -58.622  156.756 -178.962
 -65.400  138.410 -179.053
 -58.616  144.193  179.542
 -49.857  147.517  160.074
 -66.751  135.581  171.265
 -65.971  142.508  170.370
 -59.347  159.710 -175.309
 -53.888  149.826  171.856
 -50.330  150.230  171.984
 -51.239  149.828  175.489
 -65.391  149.379  177.715
 -54.106  152.555  155.216
 -58.062  148.825  164.630
 -67.985  142.859  179.334
 -50.206  144.276  158.346
 -50.974  148.299  170.758
 -64.133  151.150  164.157
 -62.419  145.085  175.610
 -59.246  145.707  164.593
 -55.586  135.501  162.392
 -57.959  153.804 -178.878
 -58.699  165.203  169.298
 -57.995  151.414 -167.689
 -60.771  155.264  170.623
 -58.120  150.672 -177.604
 -55.174  151.275  157.791
 -62.944  142.877  172.650
 -69.311  147.530 -179.684
 -71.346  145.464  174.221
 -66.560  141.892  175.156
 -49.676  146.839  163.933
 -64.776  142.743  160.508
 -55.339  159.684  153.172
 -61.364  156.035  177.868
 -50.386  151.856  162.534
 -55.344  151.422 -175.557
 -59.908  154.158  167.441
 -59.247  147.436  167.068
 -63.281  136.648  160.694
 -59.888  140.134  161.467
 -50.521  149.639  163.229
 -51.054  147.048  161.014
 -63.093  153.347 -178.777
 -63.565  146.512  168.708
 -49.032  146.230  170.793
 -64.486  137.335  176.497
 -61.919  156.644  175.577
