 112.476  137.626   -4.027
  96.877  157.614   -6.018
 110.650  142.814    2.209
  97.956  152.773   -9.630
  90.837  139.019    2.876
  99.111  150.383  -14.262
 101.752  153.161   -5.252
 101.914  157.163    0.950
  97.462  145.125  -11.274
  93.372  147.733    1.822
  82.597  142.750    9.641
  82.594  142.230    0.448
 104.187  149.794   15.138
  97.344  148.722   -5.568
 102.419  142.540    4.346
  99.702  144.708   -3.613
  96.601  151.153    7.452
  89.207  135.562   13.247
  96.262  162.725   14.734
  99.037  148.727   -4.218
  94.363  135.682    0.384
  95.019  144.127   -2.793
 107.387  137.798  -15.080
  98.216  160.329  -11.334
  93.088  145.069  -10.676
  92.024  150.623   -0.605
 112.085  158.169    8.705
  89.536  156.019  -10.311
  77.050  148.242   -2.599
  93.433  151.928   14.220
 103.375  157.419   -1.803
  93.511  151.806   -3.732
 106.584  150.217   -0.371
 106.009  145.073  -11.490
  98.513  139.545  -36.501
 104.924  142.711   -3.345
 110.161  153.503   -2.229
 103.735  144.053    9.417
  98.121  162.102   -3.931
  88.673  149.291    3.107
  91.310  149.708    6.500
 109.625  156.611    1.063
  95.418  151.631  -14.986
  89.209  137.111  -14.764
 104.673  151.120   -8.021
  99.039  148.945    8.822
 115.292  154.849  -23.534
 101.686  150.026   -2.484
 107.586  147.277   -2.351
 100.149  152.675    1.512
  97.587  157.370   -7.510
 105.402  133.600  -20.923
  83.921  143.544   15.971
  97.323  151.866   20.584
  93.526  132.759   -1.005
 103.748  159.462  -16.574
  93.701  149.990   -0.307
  98.307  153.906  -11.907
  94.019  153.332  -11.425
 101.867  147.947  -10.014
  95.856  150.709  -11.823
 107.237  154.196   -3.551
  99.433  153.326    3.409
  89.487  152.851   -4.178
  91.661  156.930   -7.774
  96.855  144.028  -11.965
  88.198  164.416  -10.791
 106.663  140.351   -1.014
 113.336  164.220   10.578
 105.113  153.591  -16.423
  93.844  144.913    3.860
  96.052  143.091   -0.507
 110.129  143.229    4.106
 101.654  157.236    2.511
  89.451  146.768   -6.664
  86.263  151.313    1.766
  94.681  148.895   -5.899
 107.460  136.884   -1.340
 102.349  139.842   -3.905
 115.493  145.466    7.893
 104.501  154.413    4.061
  99.566  145.060   -7.334
 112.728  150.561    1.066
 100.205  145.058   23.874
 105.966  139.129    0.137
 101.439  153.825  -15.803
 102.992  138.371   -5.336
 101.182  164.036    2.389
  97.213  149.654   19.404
  99.065  141.942    2.356
 104.051  146.748  -10.971
  86.594  154.485    4.146
  94.523  141.682    1.945
 104.842  146.213    2.542
  97.027  151.439   -7.552
 103.973  157.032   -6.907
 101.523  154.941   -2.790
 101.499  140.273   -2.633
  97.505  159.046    0.973
 119.440  135.600   -2.555
  97.356  147.254   -6.500
 103.550  151.507    6.693
  92.698  147.257   13.069
  98.014  148.298   -0.796
  91.875  155.728    8.474
  93.483  149.382  -19.811
  96.278  139.234  -10.394
  96.894  146.959   -1.241
 102.417  146.700  -15.803
  89.597  154.706   -2.899
  98.812  153.303   13.259
 100.174  136.633   -2.098
  89.290  143.543   14.341
 108.086  147.523    1.504
  98.807  155.039   -5.550
  88.700  142.644   27.739
  99.854  159.481    4.367
 110.798  148.320   -2.090
 101.731  156.090  -11.187
 102.973  155.906  -10.697
  97.584  143.275   17.678
  97.922  139.648   -7.089
  94.945  161.765   11.994
 101.032  148.417  -15.925
 106.551  156.154   -7.149
 101.456  157.093    5.772
  88.932  157.327   12.472
  99.678  150.380    2.641
 100.042  140.018  -21.863
 107.037  147.302    7.445
 110.135  160.731    3.382
  98.886  148.414   -0.754
  92.845  152.893   -8.150
 127.445  148.059   15.915
 108.093  143.295    8.927
 107.487  137.259   -7.137
 111.345  137.113   -1.047
 108.183  136.366    4.634
 111.462  153.457   -1.437
 106.247  150.232  -18.504
  88.350  145.812    7.322
  94.226  160.016    5.044
  93.278  146.225    3.690
  99.478  143.325  -20.196
  94.449  150.038    5.720
  99.962  142.061    1.456
 108.764  150.589    9.265
 103.806  145.452  -14.204
  92.888  153.443   -4.808
  99.316  148.447    7.194
  98.120  157.649   -4.187
 114.486  150.549   18.721
  99.015  143.666    3.958
  88.353  144.220    5.840
  93.282  146.077  -12.763
  95.197  152.075  -14.600
  94.433  138.377   -2.261
  98.787  145.619    0.034
  97.079  154.183   -7.860
  90.858  151.825    0.648
 100.672  138.542   13.551
  96.996  149.059   18.446
 100.231  153.897   14.706
  95.091  151.481   -9.280
  97.926  145.906   -7.616
  99.261  131.780   -4.555
  95.145  150.384  -11.776
  96.963  154.622    6.060
 101.022  154.728   -0.168
 104.583  142.241    0.834
 104.788  136.990    0.519
  84.370  142.835   -2.837
 116.936  148.926  -21.463
 103.110  148.349    7.381
  94.598  163.135   -3.676
 103.220  143.060  -19.027
 104.032  160.020   10.888
  95.062  141.909   11.291
 111.226  153.060  -12.975
 104.061  145.608    7.769
 103.100  154.674   -7.582
 121.837  139.369    7.716
 119.519  154.889   23.588
 100.101  141.144    5.686
 100.627  152.050    6.547
  95.698  148.013   -8.584
 113.164  144.928  -12.378
  87.295  139.466   -3.831
 102.817  157.352   -3.328
  94.879  145.831   -3.063
  94.839  127.317  -18.999
  95.504  132.560    8.038
 102.431  142.625   -4.536
 103.459  141.403   -6.704
  90.966  148.238   -2.332
  88.198  152.617    3.444
  95.476  148.501  -14.680
 103.286  149.026   -8.090
 100.315  143.874   -3.645
 102.256  144.871  -11.451
  87.676  139.492   -2.335
 103.530  141.984    6.248
  92.875  146.717   -7.654
 103.477  150.112    4.457
 106.503  153.353   -3.950
  92.365  140.122   13.535
 101.299  148.410    7.547
 112.981  146.810    7.656
  98.714  144.902    6.435
 111.267  138.936  -24.454
  98.273  151.722   -7.214
 116.789  151.452  -11.725
  99.308  145.655   -3.383
  99.342  138.036    1.373
  93.365  146.337    0.602
  98.188  149.211   11.953
  94.796  152.542    8.334
 104.995  154.306    0.664
  98.841  149.202  -10.681
  90.202  141.208  -10.741
  90.658  160.932   -2.298
  85.494  162.174    1.976
  95.933  153.045  -15.357
  92.010  139.084   -3.921
 100.071  150.296    2.004
 103.356  142.499   11.306
  96.199  155.396   14.319
 112.819  138.992    8.976
 107.353  137.987   -7.354
  94.781  144.008   -5.231
  97.997  137.251    5.420
 100.628  150.036   -3.504
 103.443  143.592  -19.307
 100.252  150.460  -11.221
  94.885  144.645    8.561
 101.869  141.945   -8.895
 113.130  152.671   14.912
  98.572  136.000   -1.655
  92.842  145.571    1.455
  94.250  157.380    4.446
  93.297  159.119   -2.080
  89.781  150.980   11.588
  94.680  150.595  -14.360
 105.935  140.345   12.807
 101.721  151.458  -10.543
  84.169  144.261    7.536
  92.719  154.475  -11.856
 102.605  155.206   -3.612
 100.711  143.153  -10.568
 113.217  148.959  -17.473
 115.895  160.544   -7.171
  96.508  154.260  -13.170
 106.484  144.746    0.976
  93.603  145.461    5.546
  92.990  146.058    9.411
  95.837  157.905   -2.688
 103.408  155.684   -2.638
  87.192  145.577   13.019
  92.398  138.708   -8.077
  82.730  152.816   -2.487
  89.470  149.220   -7.357
 102.926  156.461  -11.496
 108.109  155.472   -7.655
  95.316  155.369  -19.867
 101.055  146.080   -3.540
  99.323  152.775   -7.656
  96.943  147.190    5.258
 103.322  156.541   -6.039
 107.810  147.871   -0.200
  92.428  150.667    6.234
  99.130  158.609   -3.061
 104.182  141.423    8.068
  93.234  138.194    0.486
  88.939  152.670   -3.890
  93.590  143.057   -2.778
  95.854  157.680    1.803
  89.966  154.071  -11.525
 104.584  141.558   -6.382
 106.954  151.715   -1.362
  96.583  142.407  -15.545
  99.874  146.438    4.588
 117.684  155.300    4.268
  89.919  141.780   -5.532
  88.436  139.459    2.184
  98.019  149.968  -10.686
 100.321  159.208    3.111
  98.089  147.673  -12.399
  97.545  149.368   -2.322
 101.171  153.223   -2.254
 109.546  163.178   -3.713
 102.712  156.393    5.957
  99.578  160.430    4.045
  92.937  149.853    5.337
  95.677  146.740   -8.532
  95.978  150.123    3.922
 104.791  163.248    7.136
  99.403  149.769    5.921
  97.625  150.259    7.271
  94.128  148.159    2.376
  96.916  150.488  -10.775
  95.645  152.091    9.155
 106.199  140.049    9.071
 110.043  141.704   -0.644
 107.338  135.322   -0.874
  96.345  150.175   -1.358
 100.519  149.646   -3.239
  98.930  146.340  -30.142
  91.675  147.889  -11.096
  99.297  145.977   -2.767
  93.543  157.695   -3.024
 101.358  142.156   -5.519
  95.373  142.631    4.102
  98.292  137.080    5.373
  96.835  156.299    1.393
  83.921  152.865   -5.547
 106.751  148.848   -1.192
 103.563  154.912   -2.143
 104.803  154.398   11.016
  93.326  141.432   -6.439
  99.707  148.378    8.103
  98.135  157.563   -0.069
  99.759  160.579   -6.837
  96.924  151.963    0.664
  95.532  154.811   13.346
 116.393  148.879   16.173
 100.955  145.483   17.847
 104.539  132.994   -6.951
 106.757  135.272    0.768
 107.020  145.352   -8.665
  97.565  142.843   11.484
 107.382  140.621  -10.998
  98.040  158.750   -6.091
 101.527  147.323  -18.616
  91.709  150.082  -10.743
 104.778  139.502   12.854
 100.308  149.097   -7.074
  97.475  144.062   21.316
 106.176  153.548   23.899
  84.365  154.927  -23.789
 105.989  148.249  -27.131
  95.714  141.044    8.748
  93.267  146.612  -12.164
 100.182  146.944  -14.354
  87.561  159.479  -13.200
  96.096  132.077   -7.814
 106.204  149.954   11.621
  94.046  152.698   -9.152
 102.489  143.100    4.083
 104.501  146.667   -0.285
 116.399  151.549  -15.368
  85.785  161.610   -3.861
 108.793  155.437   -3.367
 103.102  145.296    5.251
  99.909  158.685   -3.865
  88.989  156.323  -25.075
 122.678  143.963  -10.942
 103.146  150.243   15.134
  99.566  146.768    3.796
  92.797  140.315   -6.060
  98.082  152.866   14.139
  98.835  144.223   -1.084
 105.954  146.321    1.680
 104.790  141.852   -0.136
  91.280  148.661    8.612
  84.368  153.300    9.080
 100.098  155.802   17.312
 104.644  147.450    1.966
 109.567  145.912   10.240
  96.187  152.569   -8.729
 103.291  148.093  -18.065
 103.189  152.553   -2.800
 112.842  139.754    7.746
 109.450  151.559   -4.384
  98.155  136.616    3.144
  98.846  149.062   -7.291
 102.616  152.686    6.323
  98.195  143.610    0.335
 107.203  155.412  -13.954
 102.327  139.719   -4.948
 100.912  149.049   12.119
 106.219  142.382    1.254
 113.423  146.183   -5.563
  93.475  146.081   -0.166
 121.377  151.539    5.631
 111.978  144.318    1.071
 105.288  144.564   10.932
  94.915  151.141    5.492
  88.527  151.498   -2.405
 124.666  145.677    4.650
  97.677  157.092    3.376
 109.259  147.288   -7.825
  96.768  158.629    3.993
  98.831  150.655  -13.676
 104.863  153.917  -15.991
  93.451  153.994   -4.637
 100.019  159.786   18.151
 108.196  153.600    8.947
  88.125  154.289   -1.044
  96.109  145.061    3.098
  89.453  152.399   -4.953
  86.178  145.566   -0.168
  92.769  154.726   -9.207
 102.625  138.874   -5.803
 106.596  155.885  -13.694
  85.714  153.651  -12.874
 106.605  155.420    1.965
 106.432  152.876  -14.906
  95.817  138.318  -18.664
 100.247  150.047  -16.207
 115.238  142.914   -0.764
 106.580  150.976    0.827
  87.804  152.601   -5.844
  98.232  139.348    0.765
  95.484  146.979    0.827
  99.096  159.966  -12.238
  93.530  154.685   20.066
 100.526  139.330   -8.889
  98.843  162.855   18.140
  95.064  147.630   -8.548
  93.172  152.823  -20.638
  89.658  162.460  -12.909
  91.622  145.980    1.827
  97.512  154.644    0.052
 107.890  156.858   -7.432
  94.071  143.631  -17.869
  91.060  151.195  -23.999
 106.889  155.034  -16.039
 109.418  149.836   11.209
  92.537  140.135   11.681
  96.372  149.402  -15.453
 103.202  149.512  -10.774
  90.404  153.774    5.704
 104.221  137.179   -7.359
  92.210  143.999  -12.818
 115.582  155.480   -6.208
  85.950  144.160   -7.160
  90.342  156.787   -7.918
 113.398  148.147  -30.884
  90.369  153.980   -0.103
 101.369  145.274   -1.260
 102.072  141.629  -12.934
  96.970  139.668   14.029
 102.481  148.140    1.182
 105.927  136.379   13.809
  95.914  135.881  -10.683
 123.972  154.179    7.800
 106.499  151.092   13.459
 102.351  135.677   -8.230
 107.638  154.253  -11.701
  93.125  149.696    0.389
  87.010  144.879  -15.768
  94.604  152.586   -3.786
 105.372  156.297    5.865
  93.866  152.188  -16.937
  97.349  142.464    5.943
 104.973  134.489    0.028
 101.703  149.003   -3.153
 108.814  151.230   -6.756
  82.671  144.932   11.256
  95.599  140.418    8.030
 105.570  139.465    8.282
 108.778  152.212  -15.211
 101.856  148.291   12.927
  93.534  155.530    4.979
  91.343  154.759   -3.408
  87.195  156.463   -3.764
 126.595  152.511   -2.315
  88.144  162.840   -0.028
 109.258  159.548    1.217
  95.761  144.724    0.987
 105.220  156.230  -26.455
  94.079  147.733   -3.727
  98.264  144.924    7.881
 104.213  157.819  -14.774
 104.887  147.173  -12.098
  91.385  155.658   -0.463
 104.594  139.691  -22.729
 113.131  144.628    3.944
 106.553  145.839   -5.578
 100.020  161.398  -17.319
  97.413  148.780  -18.412
  96.634  133.403    6.117
  93.752  139.382  -17.094
 105.966  152.024    4.749
  95.392  145.644   -8.705
  97.043  149.662   12.405
 115.256  136.132   -4.403
 102.868  153.114  -18.020
  86.383  157.053   10.239
  93.077  160.694   -6.990
  93.604  159.109  -12.208
 104.265  151.874   -1.366
 101.252  154.662  -12.777
  97.348  142.883  -15.078
  83.030  155.139   -6.060
  97.915  139.102   13.091
  83.718  157.679    5.797
 103.343  159.454  -19.780
  89.869  148.666   -9.379
  93.311  148.783    3.740
 104.723  151.730   10.249
  93.537  158.293   -7.707
 115.403  153.423    7.003
  97.591  155.940   25.509
 106.950  149.677   -0.920
  94.628  156.624   -1.846
  99.114  152.347   -4.247
  93.981  139.210   11.040
 107.670  145.891    1.219
  95.278  152.649    2.874
 109.740  155.366    4.910
 103.225  146.538    0.975
  99.779  143.873  -18.259
 100.489  146.866   -6.771
  89.066  153.771   -3.109
 109.334  156.940    2.403
 102.753  144.785    3.294
  97.129  139.962   22.383
 101.175  157.834    0.925
  95.315  160.125  -10.531
 100.915  149.084   16.748
 123.320  145.915   23.613
 105.604  138.461  -29.107
 105.568  123.412   10.436
 117.360  139.435   -0.603
 104.272  142.121   -7.432
  83.839  152.841   -9.061
  97.576  138.252    5.640
  98.006  158.308    2.984
  96.236  147.644    7.874
 114.300  153.644   -9.904
  91.021  130.432  -10.016
 108.039  145.265   18.693
 104.949  148.944   -7.824
  94.114  157.681   -0.767
 111.389  145.589    1.393
 107.399  148.503    0.119
  99.928  140.384    3.272
  94.451  148.014   11.200
 101.519  146.584    3.364
 105.476  146.177    3.696
 110.287  145.863   -6.164
  99.624  144.927    9.280
  97.177  149.358  -13.591
 100.688  152.099  -13.896
 112.363  142.315  -15.014
  99.644  147.741   -8.212
  89.563  154.664   -9.227
 105.436  142.406    1.383
  98.661  150.371  -23.694
  89.460  139.448   13.730
  93.154  143.515   -1.856
  95.582  155.420    5.024
 107.349  148.402  -14.267
 107.272  150.145   -4.073
 102.582  164.618   -4.634
 111.020  164.496   -3.631
  95.638  146.207  -10.673
 107.663  143.525   -9.979
 101.469  151.512   -4.700
  92.499  149.258   -8.262
 102.292  147.313  -18.419
  95.581  151.776    5.771
 115.371  155.477  -12.154
 113.595  147.137  -11.990
  97.562  141.471    1.165
 108.639  156.063   -6.533
  91.643  152.413  -33.106
  97.110  144.430  -26.188
 117.387  141.659   -4.160
  93.211  142.660   -6.124
 101.240  139.747   -7.960
  95.957  143.212   -5.664
  95.731  135.508    9.052
 107.092  145.701   -3.068
 104.703  147.993   12.610
 100.238  155.414  -11.538
 104.058  146.255   15.868
 103.082  145.739    0.920
 103.052  145.671  -16.722
  89.451  162.029   -8.017
  90.196  131.346    1.091
 108.402  136.896    3.485
 107.041  146.644   -8.241
  81.279  140.138    5.256
  91.366  138.128   -5.087
  99.047  154.836  -10.558
  91.980  149.669  -23.511
  99.028  144.072  -17.478
 110.809  155.070    6.401
  84.767  145.830    1.233
  94.090  152.100   -8.917
 104.441  144.609   -1.508
 101.327  147.723    0.810
 111.202  147.523  -19.302
  98.881  149.358   -4.604
  99.877  147.167   -1.448
 111.060  136.819    6.753
  85.975  143.879    0.114
 106.554  134.074   10.140
 102.665  154.592    4.441
 108.238  160.113   10.012
  92.342  153.939   -1.105
  96.347  149.016    1.413
  95.148  157.635   -6.708
  87.762  151.065   -7.554
 101.680  136.976  -10.338
  98.014  163.379    4.282
 108.710  164.040    8.296
  87.020  143.031    4.557
 107.451  143.736    9.737
  85.638  152.734  -12.000
  99.041  152.558   -2.419
  97.945  140.348  -13.371
 102.763  143.002  -15.018
 102.968  140.692  -14.882
  90.228  128.448  -11.447
  90.200  141.778  -10.056
  99.539  141.275   -5.395
  98.321  142.230   -2.759
  97.285  141.203   -4.020
 103.281  149.852   -8.050
 102.303  147.560    6.452
 111.237  153.389  -14.972
 101.865  147.469   -0.500
  97.025  154.060    1.995
 109.099  146.101   -4.483
 110.625  150.826  -12.977
 101.508  154.116    1.138
  88.278  147.209    0.620
 109.016  160.080   -4.620
 106.523  153.066   -6.222
  94.082  154.223  -13.118
  90.072  159.650    0.840
 101.007  137.057   -8.265
  82.286  155.310   -5.629
  93.588  149.245  -14.694
  97.156  143.015    9.581
 102.083  148.292    0.537
  94.170  137.883   12.102
  95.169  143.305    0.157
  96.241  140.992    1.288
  96.339  155.677   20.578
  89.761  150.428    7.345
 101.968  140.329    5.244
  96.845  175.571  -24.054
  92.826  149.660   -5.651
  93.430  154.608   -2.612
  85.736  156.703   -7.306
 105.796  139.232   -6.397
 106.099  150.482  -14.021
 129.663  157.700    9.265
  92.840  149.453   -8.195
  83.496  148.034    9.247
  97.692  153.293    3.299
 106.370  139.819    9.359
 103.805  144.176   -7.558
  89.641  143.725    0.739
  92.130  140.688   -1.697
  93.103  155.565    4.399
  99.679  155.600  -14.955
 109.410  138.987   -6.753
 108.108  133.746  -16.970
  99.135  148.428   -0.514
  83.708  158.236  -13.087
 113.423  159.135   -7.324
  81.627  148.987    1.926
  93.687  151.181   -7.154
  92.144  173.795   -4.381
  98.819  145.395    0.728
  95.388  158.345  -10.405
 106.775  159.085   -0.546
 102.530  147.994   -5.893
  94.204  145.023   -0.671
  97.191  148.200    5.373
 102.347  139.023    0.182
 100.611  147.544   -2.429
  93.912  141.963    0.762
  91.596  145.659  -13.275
 105.557  155.385   -2.838
  89.521  159.166  -12.464
  81.338  156.928   -5.295
  98.202  146.487  -20.439
  95.836  141.701   -8.556
  90.724  137.369   14.268
  96.422  154.529   -3.263
 106.986  152.093  -33.224
 115.603  140.119   -8.851
 104.918  163.012    3.131
  96.508  150.363  -15.234
 103.482  155.893    6.424
 107.970  149.988    8.340
 103.902  146.467   14.396
 105.496  140.684   -4.904
  95.531  152.459    9.634
 102.351  160.318  -13.816
  92.842  147.814   -5.132
  96.384  147.147   -5.989
  87.426  146.755   -9.443
  98.049  159.065   -0.205
 111.475  148.021   11.848
 103.321  154.335   12.499
  93.947  148.471   -4.215
 102.228  156.407    7.030
 105.432  150.180    5.285
  98.928  144.824  -10.357
  96.200  153.247   11.013
  95.116  152.816    5.594
 118.536  157.595    9.929
 104.913  152.014  -10.014
  88.837  136.626    6.492
  98.442  144.386   -7.542
  93.269  151.105   -0.125
 101.286  138.509  -12.588
  96.648  133.921   -2.966
  93.659  122.266   -8.339
 103.147  145.986    1.105
  98.589  142.588   18.181
 101.754  149.761    0.955
  96.010  159.389  -13.775
  81.554  147.850   17.718
  99.096  142.866    7.952
 121.512  145.731   -7.382
 112.573  146.592   16.400
 113.044  150.686  -23.718
 104.784  150.650   -9.878
 108.393  153.746   -9.158
  98.244  138.650  -11.551
  94.970  164.533   13.528
  92.357  155.443   -5.986
  85.505  151.741    5.132
  91.319  144.648    1.133
  98.214  154.044   -3.623
 100.999  150.654    0.266
  97.970  150.878   -6.462
 108.090  155.433    5.187
  98.914  155.399   24.101
  96.641  141.762  -13.336
  99.161  145.253   12.964
 100.814  154.132   -0.028
  99.085  146.345   16.069
  98.173  149.834   -1.987
  97.978  143.781    0.179
 121.422  146.032  -15.803
  93.700  148.089   -3.486
 110.317  150.869   -0.145
  85.744  156.012   11.516
 113.299  140.681    6.852
 101.433  153.467    7.131
  82.910  146.458    0.417
  93.780  147.826    2.735
  93.247  158.986   -5.989
 104.968  156.471    9.186
  97.366  153.455    0.467
  92.860  145.630   -3.847
  99.368  139.877  -11.807
 103.293  141.789   -1.453
 102.520  147.584   -8.028
 104.599  136.952    6.172
  98.866  146.245   -4.401
 103.158  157.849   -2.955
 100.290  145.693   24.080
  99.574  150.015   -7.596
  86.617  137.852   17.259
 100.798  140.769   -6.382
 106.538  156.220    1.219
  99.541  146.440   14.911
  88.775  144.847    4.250
  99.805  138.974   25.380
  98.801  145.685  -13.036
 102.496  154.405    1.136
 103.334  150.855   -4.954
 101.469  150.945   -1.977
  94.713  157.442    3.211
 108.323  145.922    7.681
 107.395  145.910   10.635
 110.807  147.691   -1.475
 119.702  148.455  -10.802
  97.865  150.923    4.158
 112.830  143.778  -11.704
 110.962  147.221   11.803
 102.024  135.844    9.622
 105.794  148.645   15.264
  97.007  141.483   -3.590
 110.407  146.105   -7.825
  85.113  159.844   -8.255
 117.701  144.230   -4.985
 107.410  147.151   -5.938
 113.861  149.331  -14.434
 106.295  150.097    2.663
  98.511  149.753   20.397
  96.103  156.791   10.715
 105.220  146.184    1.899
  90.748  153.166  -12.831
  97.027  144.978    0.556
 116.723  149.404   -0.242
  92.428  144.447    5.955
 111.706  141.787  -12.231
  96.936  150.226   -5.717
  92.275  160.590    3.988
  98.607  145.676  -18.227
  84.047  148.583   -3.754
  89.027  145.253   -5.829
  91.751  124.096    9.266
  92.421  155.072    4.145
  99.670  140.275  -15.386
 103.218  151.594   -7.708
  84.902  143.458   -7.421
  95.938  148.148   -3.483
  98.065  164.469   -4.082
  97.682  158.225   -4.190
  91.605  152.758  -17.355
 105.461  143.431   18.780
 112.153  145.684   -4.360
  99.649  141.683  -19.235
  91.439  148.651    3.160
 104.660  155.241   -1.825
 109.992  148.180    4.143
 102.005  144.245   -3.125
  91.148  161.575    1.659
 104.336  138.909    8.368
 101.744  157.863   -7.447
 101.836  140.482    5.217
  95.585  146.253    5.058
  89.760  149.349  -18.483
  86.614  133.998   11.110
  96.023  146.066   -8.502
  92.253  146.059    4.516
 100.906  155.117    4.123
  94.545  144.451   -2.060
  96.205  128.796   -3.625
 110.167  146.673    1.339
  98.002  129.422   -8.914
  93.534  165.550   -6.945
 101.812  145.970   18.856
  99.998  144.546    3.028
 106.820  141.361   18.706
 110.228  159.995   12.219
 112.973  145.307   -2.760
  98.598  142.663    6.123
  97.830  157.173   -6.665
  93.671  149.975   -2.646
 101.887  136.159   11.614
 105.659  145.112    2.545
 107.340  150.170   11.185
  94.856  154.491   -3.322
 102.308  138.453    0.408
  88.336  148.724    1.128
  95.115  135.309   13.079
  97.416  162.195    7.406
 116.249  144.268    7.937
 113.615  161.841    4.726
  97.028  152.123   13.670
 102.201  138.265    3.102
 109.119  157.676    2.272
  94.538  150.837   -6.039
 103.325  143.634    7.354
  95.637  157.255  -10.819
  94.393  146.258   10.618
 105.475  150.932  -12.296
 103.517  148.920   -3.073
 107.930  149.081  -15.372
 109.478  147.404  -13.395
  98.734  161.569   -4.019
  99.907  141.889    0.778
  88.272  147.817   -5.754
  99.970  148.525   -0.593
  97.319  147.668    2.048
  95.043  139.797   -1.987
 109.248  141.981   -2.157
 101.654  148.622   -1.275
 113.507  154.652    5.959
  86.538  150.497  -11.780
 116.619  149.607   11.382
  91.223  158.317   11.302
  84.475  142.104   -9.772
 102.070  144.586   -2.398
  98.681  147.033   -7.159
  89.339  143.533    6.979
 105.711  151.139   -4.489
  92.615  154.287   -4.913
 113.149  145.645   -1.354
 117.221  143.027  -10.206
  96.863  148.112    5.110
 105.963  150.133    0.389
 116.679  141.325  -10.243
  87.068  152.240  -19.764
 106.041  147.419   -9.845
  92.030  150.814  -17.356
 105.356  137.066   14.618
  94.645  143.457  -19.348
  92.429  149.577  -14.311
 104.476  140.553   -8.687
  92.951  144.447   -4.622
  91.775  139.748   -8.015
 105.666  146.384  -11.381
  94.299  130.730    0.410
 102.576  148.885   -6.379
  97.597  160.637  -12.762
  97.906  146.663  -12.268
  87.382  149.245  -13.565
  96.088  150.501  -10.679
 101.367  147.747  -19.152
  93.617  155.904   -0.972
  96.761  158.305   -6.621
 107.475  139.236   -4.030
  96.195  143.893   -9.664
  99.154  136.098   14.294
 107.787  143.057   -0.140
 101.085  154.901    7.328
  97.177  148.099   13.533
  95.008  156.660   -4.411
  98.257  146.236   -9.246
 103.093  154.684   -4.058
  99.613  151.049    3.806
  96.883  134.967   -0.207
 109.846  152.600  -11.972
 121.947  131.918    1.269
 102.994  145.304  -11.203
 101.522  151.337  -18.241
 101.386  136.319   26.257
 100.524  151.631   15.947
  87.832  140.502   -0.571
  97.691  152.572   -5.458
  91.854  142.235    8.898
 108.001  149.384   -2.335
  93.236  145.997    1.806
 103.579  154.336    1.903
  98.530  139.580   15.093
  94.640  143.276   -8.657
  92.426  138.677   -0.097
  89.031  155.167    2.247
 108.240  150.877   12.738
  84.684  149.614   -8.718
 102.666  145.704  -23.456
 104.544  145.568    4.235
 100.290  149.834   -3.188
  96.007  153.303   21.868
 103.735  141.996   10.112
 100.130  154.728    7.726
 102.918  146.009    1.355
  98.530  137.947    8.182
  94.440  154.107   10.354
  98.623  147.796   -8.268
  90.232  152.337   -3.297
  87.942  148.458  -15.642
 115.399  150.886    0.962
 107.680  146.351    1.171
 102.391  153.341    3.591
  98.461  144.849   -7.924
 108.030  142.424   -5.281
  95.609  140.245    0.890
 111.674  144.850   -7.493
 103.548  153.411   -7.503
 104.006  150.315   -4.374
 107.295  154.734    2.923
 102.665  138.739    0.806
  93.174  143.728   -5.734
  89.806  146.273   -1.543
  96.083  148.597   -0.579
  92.744  141.595  -11.006
  96.737  148.064   -2.009
 102.025  149.429    7.272
 102.564  158.488    9.806
 103.204  140.990   11.880
 106.041  157.717   19.907
 106.257  156.525   16.578
 101.585  152.248   -6.120
  94.807  144.340  -14.066
  98.867  157.224    2.540
  97.876  161.156   22.229
 103.174  143.871  -22.326
  90.945  155.039   13.833
  94.118  142.014  -17.467
  90.197  144.358    9.683
  99.661  135.918    8.022
 105.407  150.234   -7.797
  98.618  148.342  -19.752
 109.087  149.548  -12.849
  97.162  152.148  -21.140
  90.966  148.144   -0.955
 105.675  152.845  -14.762
 107.785  143.330   -4.356
  99.414  154.031   14.480
  86.555  141.223   -5.431
 109.056  156.371    9.575
 100.482  153.984    8.536
 114.715  145.219   22.115
  99.508  141.756    3.137
  98.647  169.451  -10.311
 100.943  139.712   -7.615
 105.792  147.539   -1.490
  94.498  157.208   -4.778
  97.352  149.365   -2.906
  87.315  137.462   -0.052
  92.944  157.274  -12.054
 111.554  152.059   10.872
 105.755  137.752  -26.382
  94.572  146.959   -0.579
  98.344  135.130  -19.995
