-100.179  153.115  176.896
 -66.706  152.305  162.377
 -75.057  158.620  169.007
 -89.703  152.805 -165.761
 -84.748  145.839  175.040
 -96.326  153.630 -176.367
 -97.915  152.078  173.548
 -97.686  142.600  175.608
 -93.528  161.661 -175.022
 -78.882  140.646  173.211
 -87.106  132.874  171.143
 -92.166  145.606  170.545
 -77.440  149.978  178.247
 -84.848  158.424  168.701
 -91.199  153.086  179.845
 -81.886  146.515 -161.546
 -76.331  150.419  179.192
 -89.467  157.240  169.413
 -95.003  165.399  174.657
-101.851  175.650  165.108
 -89.742  142.008 -166.919
 -80.426  146.496  174.043
 -93.821  157.076 -178.591
 -89.828  138.566  176.951
 -90.839  155.837  177.955
 -96.420  148.592 -178.983
-105.604  146.246  170.900
 -90.053  143.514  170.683
 -85.368  144.725 -173.765
 -91.157  139.927  163.612
 -94.579  152.779 -174.779
 -99.587  149.371 -171.515
 -91.101  150.613  173.022
 -89.564  139.554 -177.028
 -89.810  148.011  172.646
 -74.822  153.823  167.553
 -93.390  154.045 -171.601
 -83.094  156.943  163.133
 -85.878  139.745  173.669
 -88.865  147.896  165.538
 -93.136  142.803  153.080
 -84.684  152.353  177.109
 -90.212  156.569  177.331
 -93.145  144.418  171.158
 -85.232  153.202  162.587
 -88.329  152.616  175.919
 -83.228  152.216  174.437
 -80.952  143.634 -171.052
 -91.020  142.245  152.074
-100.565  142.508  168.077
 -87.667  143.334 -169.459
 -84.893  136.677  177.561
 -86.705  144.108  177.611
 -79.503  164.964  166.875
 -87.075  144.191  167.371
 -92.169  149.469 -165.688
 -94.769  150.300  162.394
 -97.249  152.344 -176.684
 -82.228  131.445 -169.007
-104.835  142.262  173.908
 -84.818  146.939  170.927
 -90.844  150.995  176.502
 -73.104  138.387  163.876
 -90.908  149.879  179.739
 -94.239  147.538 -173.359
-101.691  149.341 -175.564
 -83.960  142.438 -168.492
-103.674  138.238 -173.932
 -73.713  140.452 -176.486
 -86.873  143.221  174.359
-107.637  170.417 -165.493
 -79.764  153.835 -177.517
 -89.962  163.259  170.721
 -82.899  142.749  170.809
 -93.324  157.790  178.674
 -93.236  142.579  178.509
 -79.943  155.637  166.957
 -82.470  155.177  171.140
 -79.172  163.283  158.107
 -84.534  142.062  169.566
 -89.079  151.984  164.369
 -97.001  152.069 -170.628
 -88.677  149.840 -179.667
 -87.933  155.980 -178.976
 -92.207  166.575  167.676
 -89.290  154.942  166.310
 -88.387  139.616  158.491
 -92.303  138.553  177.204
 -81.180  153.364 -179.671
 -93.798  146.250 -170.050
 -82.639  162.695  176.043
 -92.056  161.684  174.215
 -92.523  166.101 -171.222
 -78.899  147.872  159.473
 -85.839  142.649 -167.243
 -81.326  137.422  174.718
 -89.586  146.144  163.885
 -92.955  133.374  158.089
 -80.646  146.607 -178.179
 -92.854  153.124  164.309
 -89.198  143.696  172.644
 -92.301  150.314  170.522
 -86.501  143.266 -179.661
 -97.533  157.327  161.580
 -75.739  151.277  163.120
 -99.594  147.556 -176.627
 -93.771  139.475  173.503
 -83.151  150.512 -179.399
 -99.941  150.203  174.344
 -91.733  140.600  172.125
 -85.593  153.856  151.109
 -87.357  159.747  163.280
 -81.617  147.511  176.666
 -86.164  153.878  179.500
 -90.869  128.701  173.970
 -92.128  139.587 -171.171
 -82.247  155.146  170.433
 -88.748  155.551  174.141
 -92.703  148.391  179.613
 -91.836  170.810  176.459
 -86.925  149.399  179.247
 -80.024  149.602  174.181
 -98.072  154.210 -177.071
 -86.786  143.377  168.811
 -92.451  155.516  173.922
 -89.994  148.776  167.767
 -81.822  157.976  176.368
 -93.134  140.828 -166.453
 -82.448  136.824 -160.833
 -83.946  130.603  178.208
 -84.368  153.534  170.097
 -90.343  145.958 -169.004
 -86.453  148.077  173.711
 -87.455  153.627  173.932
 -91.944  148.243  172.240
 -84.541  142.977  175.471
 -96.370  155.544 -174.253
 -97.851  158.030 -172.006
 -85.737  152.328  179.266
 -86.814  153.539 -168.875
 -94.288  146.606  176.944
 -87.800  148.785  179.793
 -79.955  146.359  174.123
 -92.100  150.738 -170.648
 -98.180  155.035 -161.318
 -89.316  143.202  173.307
 -92.698  137.250  178.176
 -85.371  144.884  177.260
 -82.117  164.198 -179.521
 -86.585  153.528 -167.440
 -87.925  144.653  173.796
 -94.110  136.246 -178.641
 -97.349  141.056 -158.986
 -77.483  159.750  168.221
 -98.220  147.677 -173.794
 -84.804  146.873 -179.209
-101.535  150.902  179.027
 -90.777  154.694  179.181
 -86.442  146.984  168.748
 -86.258  153.605  177.941
 -85.171  151.779 -174.286
 -70.144  150.846  164.755
-107.693  139.840  179.972
 -88.652  164.744 -175.566
 -92.201  146.427  177.328
 -94.137  153.207  178.583
 -83.805  146.049  157.074
 -82.898  140.264  178.187
 -83.818  157.147 -172.571
 -81.767  149.925  174.738
 -86.774  151.287 -170.447
 -88.355  143.122  177.566
 -97.694  152.209 -177.305
 -84.981  152.899 -170.668
 -88.397  135.600 -171.165
 -86.756  139.474  171.696
 -98.509  151.072 -172.226
 -82.982  151.739 -175.526
 -83.915  149.259  169.475
-103.941  143.616 -162.628
 -96.835  145.533  170.046
 -90.428  141.507  175.120
 -99.560  143.984 -159.062
 -83.912  133.733  177.124
 -86.501  146.875 -173.427
 -88.286  158.424 -169.649
 -86.169  145.969 -173.410
 -88.444  139.424  172.274
 -82.838  147.813  171.904
 -77.609  150.598  177.745
 -81.433  143.825  171.708
 -92.377  155.654  167.808
 -85.547  157.392  164.608
 -97.917  143.487  161.945
 -85.546  151.566 -176.628
-103.331  151.825  179.711
 -86.682  135.189  172.861
 -89.450  146.257  179.960
 -82.118  143.235 -170.923
 -84.993  152.964  172.365
 -86.107  152.996 -175.597
 -75.671  145.006  173.857
 -83.397  134.896  172.739
 -77.368  150.901 -178.307
 -85.162  135.842 -166.320
 -85.932  162.650  173.886
 -77.410  144.606 -170.915
 -78.720  142.072  160.752
 -91.752  148.727  165.020
 -89.956  143.481  174.073
 -99.674  146.575  179.132
 -97.049  154.663 -172.084
 -74.195  141.983  166.033
 -93.602  154.208 -179.923
 -88.203  138.955  172.718
-110.402  149.148  169.060
 -87.337  152.611 -175.009
 -79.236  135.802  169.803
 -92.171  142.092 -178.646
 -92.812  151.890  169.908
-105.454  147.204 -171.276
 -81.634  147.452  171.383
 -78.228  151.704  179.099
 -94.448  151.886 -162.037
 -77.361  157.209  175.733
 -93.892  155.544 -165.462
 -86.615  141.203  177.402
 -89.756  154.341  167.936
 -91.045  151.805 -178.929
 -82.647  155.983  169.750
 -81.611  146.498 -179.337
 -84.568  147.302  167.954
 -95.969  140.863  170.268
 -89.440  152.552 -171.848
 -84.924  154.179 -164.750
 -94.661  156.137 -170.820
 -99.407  157.022  167.054
 -93.336  143.693 -176.643
 -78.743  150.837  171.105
 -94.173  152.556  175.527
 -86.105  154.320  166.559
 -82.588  146.261 -178.216
 -77.166  138.523  177.878
 -90.075  146.425 -178.183
 -77.359  156.095  166.326
-102.112  154.541 -175.907
 -90.873  134.497  176.953
 -92.196  152.566  175.693
 -91.700  152.566 -176.443
 -93.661  153.826 -172.572
-102.485  161.660  165.450
 -84.690  137.538 -173.920
 -89.041  145.207 -173.646
 -79.216  148.525  177.463
 -86.454  158.019  170.047
 -80.554  152.806 -166.003
 -92.669  152.334  176.514
 -92.517  144.696  179.118
 -85.995  151.834  171.643
 -88.331  161.010 -173.351
 -86.812  143.172  165.300
 -82.064  153.577  170.688
 -84.588  167.208  170.143
 -83.769  141.333  169.946
 -83.595  132.752  178.896
 -90.092  145.223 -178.478
 -88.790  152.796  174.546
 -95.705  150.307  169.907
 -88.129  145.102  173.382
 -65.061  157.543  171.618
 -80.524  147.410 -179.555
 -86.994  139.680 -164.160
 -84.010  143.320 -177.350
 -79.496  152.770 -179.603
 -73.984  141.246 -169.513
-101.355  152.482  166.365
 -84.018  149.176 -176.484
 -92.065  139.348 -179.980
 -92.847  139.659 -164.536
 -85.229  150.085  174.998
 -81.615  152.253 -177.886
 -93.506  147.012  173.651
 -91.641  143.832  177.208
 -85.682  157.183  178.098
 -80.480  148.384 -168.252
 -81.427  151.136  174.098
 -79.015  154.573 -178.980
 -82.623  156.434 -173.106
 -80.798  152.665  179.638
 -96.995  157.537 -167.637
 -92.400  156.058  174.500
 -84.219  155.309  171.245
 -80.192  151.236  179.495
 -97.280  159.105  171.854
 -90.125  145.116 -173.622
 -83.394  142.920 -173.807
 -78.099  147.627 -176.605
 -86.679  141.565  175.113
 -83.610  151.898  178.255
 -88.979  137.827  177.522
 -89.262  162.154 -169.143
 -86.862  146.056 -167.191
 -87.032  147.270 -174.750
 -77.833  150.253 -178.272
 -78.504  145.553  178.771
 -83.106  142.748  161.115
 -85.150  148.436 -175.644
 -87.702  149.054  179.001
 -95.173  162.290  178.765
 -86.983  147.709  164.514
 -82.666  144.586  163.229
 -74.880  144.519  175.428
 -93.489  143.257 -164.941
 -89.881  151.121 -172.739
 -84.157  147.389  178.310
 -78.245  140.415 -163.120
 -83.032  158.560  178.983
 -87.121  150.591 -170.317
 -77.611  144.203  172.644
 -94.082  141.559  165.725
 -83.610  151.475  175.819
 -99.633  154.965 -177.374
 -99.725  148.137 -174.542
 -98.882  152.997  168.241
 -94.841  152.334 -167.665
 -91.765  142.047  177.142
 -87.755  155.497 -163.710
 -85.230  153.501 -178.341
 -83.102  150.558  176.302
 -99.164  165.654 -176.704
 -96.623  151.207 -168.350
 -85.523  135.732  158.487
 -97.403  155.741  168.349
 -82.717  145.098  158.496
 -85.967  139.439  179.655
 -80.152  149.595 -178.389
 -95.482  147.684  177.593
 -77.120  160.450  172.176
 -91.953  152.661  170.115
 -80.632  148.363 -168.470
 -99.362  150.372  165.492
 -86.178  163.641  172.088
 -88.349  149.821 -179.585
 -80.805  129.597  174.799
 -97.047  153.720  179.252
 -90.689  157.325  179.354
 -81.244  160.506  175.871
 -75.742  148.919 -171.284
 -86.467  153.419  179.059
 -86.975  145.489  163.856
 -82.130  133.550  175.578
 -71.518  152.284 -176.960
 -81.580  155.834  177.000
 -93.014  149.117  177.927
 -84.691  153.384 -161.367
 -89.247  141.796 -178.972
 -89.280  148.781  173.853
 -92.606  149.027 -160.137
 -84.786  152.151  173.598
 -89.569  141.243  169.715
 -84.473  155.333 -176.002
-101.414  144.089 -176.512
 -72.686  152.259 -175.573
 -85.682  145.832  177.874
 -85.276  157.160  178.660
 -82.838  148.786  156.416
 -94.759  157.252 -171.736
 -94.798  150.466 -178.038
 -97.734  160.986 -166.737
 -92.695  159.842  179.885
 -98.728  147.025 -169.582
 -98.960  158.472  179.163
 -75.189  144.876 -169.687
 -86.439  141.881 -160.460
 -86.706  147.095  176.345
 -79.498  129.549  160.330
 -90.660  140.231  169.519
 -85.965  157.651 -176.982
 -79.840  151.448  171.737
 -93.592  145.902  172.982
 -92.907  143.233 -172.208
 -79.892  151.133  179.028
 -92.172  147.580  174.823
 -84.066  146.992  174.679
 -92.183  144.743 -178.654
 -82.056  150.171 -163.308
 -91.147  149.689 -165.324
 -88.400  151.426 -163.237
 -91.646  140.526 -172.945
 -89.507  152.648  175.938
 -96.678  146.369 -172.779
-102.499  152.149  175.203
 -88.278  150.286  174.108
 -75.952  152.251  171.972
 -93.851  135.341  170.379
 -75.037  155.096  162.614
 -85.420  142.484  173.934
 -88.173  156.046  178.844
 -85.608  141.329  168.416
 -95.304  142.252  178.122
 -86.092  145.816 -173.341
 -88.677  159.805  177.559
 -97.605  147.187 -171.133
-109.924  161.109  171.251
-103.833  139.723  171.219
 -89.887  157.799 -179.651
 -96.432  138.608 -170.202
 -87.874  151.703  179.956
 -93.232  145.050  168.746
 -94.614  149.717 -169.815
 -87.212  151.824  171.589
 -78.794  155.993  177.105
 -81.319  148.790  172.431
 -76.786  156.906  160.921
 -84.392  150.006 -177.062
 -92.346  140.679  150.834
 -95.861  147.818 -174.931
 -85.365  156.894 -177.355
 -96.887  143.197  175.124
 -95.070  147.092  175.109
 -95.952  144.826  178.204
 -80.919  146.912  177.005
 -83.885  150.871  166.567
 -97.029  138.229  177.638
 -83.071  156.980 -162.712
 -81.953  157.820 -163.047
 -86.129  134.591  171.609
 -82.084  148.414 -179.794
 -86.059  147.731  177.133
 -77.234  155.790  169.360
 -94.921  162.481 -167.837
 -89.433  153.411  169.964
 -95.363  148.175  171.200
 -91.731  149.123  178.593
 -81.545  151.081 -176.776
 -84.724  150.129 -165.439
 -80.972  142.888 -178.367
 -91.612  147.165  177.408
 -82.766  154.448  162.745
 -88.593  152.484 -178.260
 -91.998  145.845 -178.790
 -76.723  158.015  175.942
 -91.329  150.952  165.710
 -84.056  155.056 -172.935
 -88.306  154.180 -175.963
 -86.412  144.504  173.743
 -94.859  149.055 -176.390
-100.037  156.332 -178.320
 -94.905  165.654  174.308
 -87.033  153.432 -170.749
-102.497  163.865  170.306
-101.065  149.632  176.628
 -99.487  157.065  176.281
 -91.263  159.876 -176.886
 -85.887  160.337  179.006
 -84.689  147.653  167.679
 -88.641  145.565 -178.329
 -86.142  145.540 -168.745
 -94.662  144.291  170.618
 -87.821  147.278  172.530
 -94.658  163.070 -178.009
 -85.637  165.060  173.233
 -71.396  160.279 -163.946
 -80.762  151.249  178.215
 -86.584  158.132 -171.133
 -81.323  137.414 -161.139
 -94.957  148.878 -172.630
 -90.922  151.120 -163.287
 -85.667  145.289 -165.880
 -88.591  155.007  171.770
 -85.009  141.752  178.013
 -86.328  151.633  173.296
 -87.749  140.073 -177.348
 -83.860  141.456  168.440
-100.749  139.633  173.903
 -99.000  147.886  174.236
 -78.757  144.046  169.902
 -69.383  150.062  160.146
 -74.249  156.167  160.105
 -89.784  147.235  176.723
 -84.726  142.810  175.724
-103.032  156.755  179.668
 -85.712  157.705  166.201
 -92.298  155.895  173.099
 -92.273  141.404  169.756
 -80.431  152.024  170.818
 -91.086  156.706  174.639
 -76.746  145.996 -170.906
 -85.974  145.496  175.178
 -82.259  147.110  173.707
 -92.543  146.253  179.980
 -90.462  128.604  160.223
 -93.340  154.264  176.673
 -77.046  148.730  171.873
 -78.772  155.073  168.242
 -74.661  153.966 -177.713
 -91.853  147.541 -169.890
 -93.182  152.041 -175.636
 -74.844  146.739  179.586
 -80.510  145.016 -180.000
 -88.138  153.889 -172.405
 -85.756  147.429  171.731
-102.230  153.615 -179.082
 -75.713  141.920  161.224
 -92.275  156.786  172.836
-103.292  154.799  157.949
 -86.895  151.969  169.222
 -87.011  138.782  175.757
 -79.456  146.865  162.278
 -86.070  157.667  173.761
 -83.099  140.250 -154.976
 -88.938  149.603  175.778
 -82.522  148.470 -173.964
 -76.826  164.211 -174.217
 -89.975  145.907 -174.241
 -86.459  140.377  177.766
 -74.523  151.142  168.065
 -95.687  136.040 -168.410
-100.051  143.685  173.977
 -90.622  145.497 -169.537
 -80.090  152.435 -171.475
 -82.869  146.443  176.701
 -84.017  149.919  168.678
 -90.144  132.871  168.476
 -74.539  145.419 -177.838
 -81.936  146.371  179.242
 -82.654  163.793  173.827
 -95.623  158.396 -167.760
 -80.740  155.235  156.964
 -99.455  134.218  158.389
-102.789  145.416  177.565
 -88.788  170.450  178.323
 -78.703  150.215  168.800
 -91.453  159.640  178.774
 -87.136  149.000 -177.546
 -79.726  154.978 -174.610
 -95.175  152.174 -178.649
 -76.154  149.819  169.489
 -96.142  156.264  179.941
 -84.167  157.876  167.624
 -91.404  154.970  175.982
 -79.449  145.285  174.109
-102.713  147.864  167.048
 -86.860  153.477  177.112
 -78.419  148.401 -174.450
 -92.625  159.569 -174.488
 -94.603  148.256 -179.414
 -87.574  152.989  178.711
 -85.254  143.595  167.408
 -85.132  141.279  177.725
 -80.731  157.596  175.894
 -99.607  160.068  179.972
 -91.189  155.966  169.169
 -93.443  149.206 -172.777
 -87.427  145.458  169.928
 -82.574  144.107  165.205
 -77.382  147.801 -171.058
 -75.779  152.373 -164.948
 -96.583  149.158 -175.624
 -89.861  146.109 -176.734
 -82.219  141.114  173.016
 -79.692  138.772  169.982
 -78.870  152.153  155.413
 -82.915  156.024 -172.858
 -91.899  151.694 -178.509
-101.203  153.197 -165.728
 -70.426  148.102 -179.476
 -91.748  141.696  174.739
 -96.236  157.067 -162.673
 -86.145  159.985 -176.629
 -98.122  153.842 -176.936
-101.502  142.167 -173.399
 -82.041  152.232  169.653
 -86.295  137.142  164.644
 -91.440  142.938 -161.300
 -84.878  154.338 -165.031
 -75.946  145.062  167.025
 -88.611  150.674 -173.749
 -75.206  145.143 -172.216
 -91.515  149.010 -170.977
 -90.080  152.757  169.202
-100.204  153.375  179.291
 -91.932  163.412  173.866
 -92.679  137.730 -177.940
 -86.342  152.345  169.872
 -83.232  152.975  176.302
 -87.414  141.113 -176.405
 -95.798  143.124 -173.581
 -89.695  155.531 -170.767
 -90.292  148.023 -175.785
 -80.812  142.537  178.807
 -97.429  160.636  166.141
 -88.274  151.898  171.690
 -90.075  159.191  167.257
 -84.910  148.338  163.007
 -84.992  146.513 -173.089
 -83.158  147.407  175.977
 -70.658  153.917 -174.413
 -88.776  134.379  167.638
 -91.515  139.414 -171.890
 -93.287  140.353 -164.080
 -85.345  145.687 -166.782
 -87.333  135.972 -176.398
 -86.329  171.803  178.919
 -80.457  148.313  153.005
 -83.023  156.980  160.607
 -88.647  146.603  171.793
 -84.984  147.163  176.199
 -76.428  147.936  163.476
 -76.465  152.410 -173.698
 -81.718  152.317 -170.312
 -88.071  163.637  174.829
 -97.432  152.746 -165.391
 -85.223  149.033  179.415
 -87.579  151.474  170.322
 -82.503  154.002  166.380
 -81.492  161.244  171.441
 -91.374  149.480  167.798
 -90.889  161.549  170.561
 -95.578  141.361  171.635
 -94.084  151.206 -164.064
 -77.695  144.746 -172.449
 -83.029  156.902 -179.683
 -82.260  138.797 -169.872
 -95.019  152.887  179.561
 -83.277  152.679  167.826
 -98.097  148.398  155.506
 -67.372  158.837  179.633
 -87.596  137.238 -178.144
 -83.581  141.034  169.931
 -87.257  163.982  167.115
 -96.530  150.205  165.940
 -77.449  140.914  171.388
 -79.608  140.452  172.565
 -93.246  155.315 -178.681
 -96.622  152.085  174.074
 -90.590  141.830  168.905
 -78.003  158.702 -172.235
 -91.427  148.872 -177.869
 -89.350  154.562  171.902
 -95.146  154.423 -164.969
 -84.951  164.117  173.443
 -88.878  136.893 -166.127
 -79.891  157.822  177.118
 -89.612  162.773 -169.740
 -92.052  154.923  177.640
 -81.732  152.528  173.706
 -82.087  144.112 -173.976
 -85.918  171.305 -176.011
 -89.205  159.927  166.020
 -95.497  158.874  179.350
 -91.903  156.671  177.176
 -86.694  157.250 -179.596
 -98.678  151.570 -169.878
 -90.331  161.584 -173.803
 -78.577  148.407 -177.985
 -81.691  158.662  177.817
 -89.010  141.025  170.752
 -89.899  154.387 -173.738
 -87.595  145.642  175.339
 -95.476  148.664  171.749
 -81.630  145.467  176.942
 -89.192  149.446  177.536
 -94.227  143.170 -176.442
 -81.893  139.529  172.346
 -79.201  150.723  172.182
 -88.834  153.034 -172.509
 -81.754  142.176 -180.000
 -87.519  148.507 -154.339
 -84.939  136.991 -177.226
 -76.695  149.256  173.274
 -86.869  143.430  172.784
 -84.916  151.294 -179.856
 -98.398  148.444 -178.721
 -80.654  158.590  174.180
 -81.058  136.428  171.896
 -86.796  141.482  172.163
 -74.442  157.889  152.208
 -95.681  146.259  177.551
 -76.605  143.496  179.905
 -90.624  157.994 -176.344
 -91.734  149.588 -176.044
 -86.320  149.622  157.141
 -89.762  163.176  166.628
 -88.111  148.717 -161.835
 -94.594  166.817  177.044
 -73.787  149.002  178.282
 -84.772  138.201  168.793
 -80.339  148.071  175.958
 -85.499  144.652  178.776
 -78.538  158.554  166.862
 -71.623  157.375  167.803
 -75.346  147.904 -157.900
 -84.702  157.614  164.810
 -93.263  160.600  163.816
 -98.961  151.982  172.850
 -87.354  162.400  178.673
 -97.258  147.812 -179.087
 -87.584  144.410  176.309
 -74.375  155.777 -177.034
 -81.276  161.127  175.434
 -96.978  148.471  179.019
 -90.699  149.095 -159.747
 -99.688  165.455 -159.423
 -74.352  142.298 -174.296
 -94.096  152.070  177.484
 -91.505  156.661 -177.762
 -88.873  153.838  170.941
 -91.731  153.126  175.275
 -84.742  151.261  155.346
 -95.214  154.723  178.771
 -88.515  140.173  162.824
 -93.821  154.259  171.664
 -86.376  146.533  165.726
 -99.438  149.468 -171.538
 -74.024  160.800  169.985
 -80.332  145.731  174.259
 -83.908  151.263  176.006
 -81.426  156.493 -179.937
 -93.216  129.133 -176.293
 -79.063  161.355  161.970
 -86.462  151.748  167.132
 -91.629  147.308  168.823
 -74.377  146.024 -179.399
-102.229  143.466  178.483
 -84.788  145.176  178.129
 -94.286  154.228  177.518
 -79.476  160.862 -177.739
 -86.926  152.856  174.679
 -84.308  140.921 -177.327
 -71.006  154.499 -176.428
 -90.245  148.933  171.101
 -80.184  146.759 -169.372
 -96.018  149.441 -169.687
 -87.651  142.840  176.849
 -92.887  152.103  167.469
 -77.871  134.040  159.503
 -94.423  148.326  169.382
-106.145  141.923 -176.694
 -95.085  148.398  169.388
 -88.642  142.134  171.480
 -80.869  154.765  175.978
 -91.213  144.477  169.831
 -95.088  155.716 -153.356
 -82.258  149.170 -177.076
 -82.865  147.627  163.603
 -80.449  143.956  167.059
 -85.167  157.732 -167.613
 -88.096  154.217 -179.296
 -82.356  151.529 -178.092
 -86.731  152.214  161.410
 -87.396  134.803  165.092
 -96.058  149.556  166.170
 -99.456  138.861  175.294
 -88.326  147.873 -169.153
 -91.491  143.303  168.058
 -78.351  145.018  178.903
 -93.449  140.699  169.563
 -77.128  161.151 -179.731
 -84.169  150.168  169.881
 -92.691  140.983 -172.571
 -82.430  142.645  173.976
 -88.838  137.544 -178.188
 -92.164  143.511 -174.617
 -72.531  138.644 -176.545
 -82.098  146.808  153.270
 -90.995  156.588  166.890
 -96.239  141.011  168.995
 -86.152  151.670 -167.246
-100.328  151.013 -176.188
 -96.412  151.729  169.552
 -91.083  154.699 -165.669
 -85.604  153.093 -176.512
 -88.798  153.507 -163.982
-102.310  140.629  170.672
 -86.486  147.499 -169.376
-108.511  149.855 -167.336
 -93.058  162.857  169.594
 -74.849  149.033  173.572
-102.380  142.872  173.317
 -84.514  131.394 -179.506
 -86.451  148.602 -172.744
 -81.848  151.259 -169.537
-107.793  153.358  172.660
 -97.801  145.411  174.669
 -79.336  147.151 -175.408
 -91.307  157.563  171.360
 -91.939  146.287  175.300
 -85.170  148.055 -166.980
 -84.679  142.383 -172.583
-100.499  140.552 -179.000
-101.322  152.832  155.144
 -81.291  160.718 -176.157
 -79.820  134.225  170.106
 -89.802  152.251  172.661
 -88.712  151.731 -170.853
 -80.601  149.675 -177.929
 -84.101  154.088 -169.754
 -91.055  138.599  170.155
-106.478  141.689 -163.857
 -81.224  145.360  174.561
 -86.527  148.464  162.824
 -91.316  147.243  164.362
 -96.746  153.244 -179.579
 -88.949  137.281  168.398
 -82.892  157.452  174.926
 -87.360  137.789  167.700
 -97.011  150.737 -175.553
 -88.097  144.981  170.210
 -88.525  146.147  172.647
-105.006  149.201 -175.210
 -93.743  147.522  171.280
 -82.249  143.170  174.610
 -87.351  149.937 -173.855
 -95.797  143.579 -178.152
-110.050  155.624  175.676
 -83.180  147.974  178.213
 -94.060  154.458  175.910
 -89.611  155.074 -166.610
 -86.280  155.154  179.972
 -99.856  143.942  167.833
 -80.955  144.952  173.499
 -86.910  162.183 -176.898
 -81.345  148.665 -155.567
 -94.830  153.287  171.090
 -97.628  148.481 -173.629
 -73.654  143.888  172.924
 -84.267  136.170 -173.006
 -81.518  151.525  177.455
 -90.384  147.283  169.405
 -78.843  151.713  164.346
 -87.577  154.685 -162.635
 -72.296  149.900 -177.657
 -88.040  145.115  172.115
 -75.833  159.958  175.976
 -89.228  146.308 -170.994
 -79.787  151.663 -178.300
 -94.044  158.149  179.759
 -91.380  133.591  173.196
 -72.566  156.482 -164.346
 -80.141  154.548  174.453
 -90.193  139.624 -178.998
 -85.733  161.438  158.162
 -76.979  141.578  169.165
 -91.968  153.491 -178.364
 -91.705  146.570 -167.917
 -79.983  149.089 -169.193
 -82.073  156.856  173.242
-104.256  146.353  168.982
 -79.650  159.342  172.600
 -91.222  136.840  163.066
 -82.726  160.561  174.486
 -92.872  142.996 -166.585
 -91.734  153.903  175.423
 -79.297  146.121  174.321
 -84.735  145.592  172.681
 -80.631  155.715 -173.845
 -84.120  150.390  171.102
 -86.864  153.739 -161.491
 -87.586  153.405 -177.263
 -87.815  149.166  176.275
 -83.803  141.082  175.599
 -79.620  155.022  170.573
-101.529  150.134 -157.536
 -96.110  147.683  162.485
 -79.296  146.694  170.174
 -85.215  150.947  176.623
 -86.311  145.071 -179.054
 -77.343  149.885 -171.275
 -99.517  146.708  166.198
 -83.985  148.341 -169.120
 -93.769  147.784  176.612
 -69.735  143.963 -179.116
 -93.285  146.604  169.910
 -97.510  147.366  168.720
 -82.565  139.224  175.796
 -77.248  146.867  171.139
 -81.430  147.953 -171.169
 -98.115  167.903 -179.078
 -83.088  150.378  169.373
 -84.938  151.970 -172.209
 -83.224  162.069 -173.283
 -82.865  147.971 -164.402
 -83.656  151.497 -179.972
 -84.432  156.189  172.115
 -85.722  158.856 -168.594
 -83.980  151.708  176.310
 -97.414  144.914 -177.101
 -81.058  158.466  170.895
 -86.806  162.230  169.797
 -86.213  152.456  171.245
-100.496  142.924 -178.863
 -77.678  153.729  176.205
 -78.507  147.177 -175.535
 -90.161  153.478  176.871
 -81.121  133.386  172.374
 -90.749  149.483 -176.007
 -84.307  131.316 -170.851
 -79.844  151.706  178.630
 -78.795  152.932  179.465
 -81.459  161.323  173.640
 -89.990  138.332 -173.313
 -76.243  149.742  166.449
 -89.148  150.145 -172.744
 -83.078  144.668 -178.272
 -92.560  154.600  174.159
 -83.572  140.993  168.603
 -81.302  151.554 -171.367
 -85.772  156.231  172.560
 -80.454  149.905  165.766
 -83.014  152.750 -173.245
 -85.716  138.141  167.624
 -78.103  143.117  162.962
 -93.617  136.049  171.428
-107.550  149.962 -179.671
 -77.709  153.614 -173.641
 -94.820  154.442  175.875
 -95.839  162.013  172.844
 -95.658  139.575  179.444
 -70.751  150.458  173.704
 -68.978  159.538  177.625
 -91.269  149.231 -163.837
 -96.720  155.375  174.031
 -86.354  146.919  168.778
 -97.580  141.773  150.925
 -82.290  134.641  170.998
 -78.324  162.016  171.008
 -88.968  140.934  164.833
 -82.692  139.152 -176.807
-103.994  146.166  165.796
 -94.534  151.544  174.406
 -79.101  149.522 -178.276
 -86.195  145.580  177.751
 -89.604  152.592  179.533
 -91.304  155.538  175.287
 -85.650  155.800  179.676
 -89.699  158.801 -166.407
 -79.919  155.757 -171.881
 -65.904  148.540 -178.131
 -92.767  144.726  162.233
-101.272  146.755 -179.613
 -85.338  143.748  179.451
 -94.167  147.816 -177.600
 -81.345  159.551  166.598
 -88.915  156.537 -178.203
-100.259  158.881  177.081
 -88.433  160.594 -164.865
 -84.022  151.241  179.688
 -83.949  130.861 -172.376
 -98.034  134.498  177.518
 -73.280  141.347  171.361
 -91.689  141.493 -167.196
 -86.442  130.080  170.124
 -82.688  145.778 -166.243
 -89.041  142.951  169.904
 -94.921  158.161 -178.491
 -97.569  146.039  157.305
-107.089  140.507  172.860
 -85.017  147.874  164.607
 -82.912  147.433  179.785
 -90.257  148.614 -179.456
 -80.320  146.958  163.927
 -79.789  136.109  165.968
 -86.851  139.050  168.407
 -79.659  148.935  176.992
 -90.699  159.825  170.545
 -90.108  154.164  166.089
 -90.987  149.678  173.865
 -85.808  137.994  179.665
 -83.857  162.193  178.963
 -89.366  149.850  167.759
 -80.286  156.001 -174.852
 -96.945  156.162 -179.135
 -95.907  146.192 -168.352
 -95.500  163.317  173.627
 -88.132  141.337 -158.192
 -84.423  156.370  173.590
 -86.339  147.587  172.157
 -87.097  149.657  168.579
 -77.836  146.662  166.513
 -73.389  141.108 -170.185
 -90.456  138.851  166.990
-100.038  134.831 -174.602
 -80.676  140.623 -176.856
 -83.868  152.690  173.106
 -87.921  152.599  179.843
 -82.696  161.983 -178.806
-101.391  151.662 -158.642
 -87.440  156.844 -171.850
 -85.543  136.817  177.397
 -89.778  143.909  178.144
 -92.454  145.772  175.923
 -77.185  143.571  172.014
 -74.608  147.097  173.220
 -85.985  148.544  175.870
 -83.534  144.155  176.439
 -89.496  150.688 -172.700
 -79.725  153.588 -177.468
 -88.679  156.944  171.793
 -88.444  138.676 -175.591
