 163.215  136.883 -173.414
 142.918  141.090 -179.573
 145.409  141.458 -152.414
 177.036  134.118 -169.156
 165.515  129.895 -159.356
 166.655  144.794 -155.243
 175.012  124.786 -157.862
 171.905  126.906 -171.145
 155.135  139.276 -160.058
 155.558  124.254 -168.965
 155.105  124.673 -172.871
 164.132  141.282 -164.272
-176.222  134.779 -172.017
 168.462  139.960 -140.816
 164.435  135.961 -153.278
 150.027  140.274 -170.744
 159.092  122.258 -165.470
 157.183  134.770 -162.053
 157.862  117.907 -168.102
 171.872  137.781 -161.670
 161.443  138.724 -154.697
 159.282  125.810 -175.238
-175.115  140.698 -173.039
 173.151  134.225 -171.509
 167.441  148.895 -156.820
 169.643  132.885 -169.969
 167.409  140.465 -165.216
 179.921  137.893  174.589
 173.182  130.651 -155.602
 167.149  128.054  179.151
 149.077  136.822 -157.603
 162.838  133.514 -169.357
 170.429  142.657 -168.767
 168.975  129.120 -168.756
 158.404  137.895 -164.193
 161.595  147.209 -179.252
 151.602  133.457 -167.950
 161.703  126.557 -171.693
 166.883  130.367 -162.668
 137.623  125.498 -179.492
 174.057  130.867  160.561
 156.414  150.587 -161.140
 175.143  146.259  173.756
 173.362  135.645 -177.781
 171.680  141.356 -165.183
 149.179  137.651 -158.168
 159.841  135.490  177.070
 156.309  133.295 -163.920
 162.726  128.864 -178.182
 172.457  138.717 -176.451
 164.976  133.152  177.372
 162.994  125.642  172.228
 172.440  140.320 -176.092
 165.235  123.841 -160.920
 147.799  131.953 -159.482
 162.710  128.881 -165.869
 171.420  136.690 -173.693
 167.628  134.370 -169.946
-176.817  123.791  179.111
 168.565  138.780 -173.184
 152.770  130.114 -160.707
 169.177  132.177 -169.280
 165.071  129.243 -172.265
 157.133  129.266 -167.544
 159.560  143.044 -145.781
-173.410  136.074 -177.464
 167.572  146.810 -169.362
 167.817  146.964 -174.941
 171.642  148.856 -163.569
 179.205  135.497 -163.938
 170.050  139.475  178.012
 162.768  152.956 -152.609
 163.986  129.159 -173.059
 169.288  142.071 -160.770
 152.974  128.098 -162.166
 159.412  127.931 -167.842
 170.722  146.872  170.396
 170.585  124.633 -162.400
 172.339  130.688 -174.487
 167.465  139.824 -178.388
 167.331  146.951  176.174
 161.102  132.743 -152.440
 160.469  147.070  173.212
 162.856  136.340 -163.936
 158.313  140.680 -165.755
 156.436  143.786 -176.458
 160.362  140.630 -153.690
 158.418  125.404 -162.190
 156.893  129.969 -166.961
 159.349  147.104 -165.741
 169.118  146.283 -167.047
-179.305  137.283 -161.807
 164.420  131.928 -174.338
 177.402  128.971  177.337
 173.797  141.341  172.091
 164.856  138.537 -156.779
 161.776  139.136 -165.692
 166.921  132.552 -163.937
 179.599  147.534 -167.127
 167.622  133.666 -163.652
 156.183  139.419 -164.552
 168.086  141.894 -171.239
 163.690  126.607 -166.608
 162.444  136.582 -151.418
 164.986  134.608  166.244
 177.384  144.592 -174.785
 177.925  130.211 -169.817
 156.432  130.025  169.941
 168.411  133.231 -175.173
 171.711  149.511 -153.405
 168.678  141.474  174.821
 160.049  133.123 -175.053
 159.726  139.012  179.273
 167.442  127.775 -162.634
 158.238  128.114 -174.854
 162.433  129.546  175.815
 164.436  133.816 -165.534
 177.163  137.821 -171.891
 164.871  136.350 -152.725
 169.419  133.073 -174.711
 168.339  111.789 -172.425
 176.905  136.501 -176.673
 166.851  127.230  177.296
 152.146  137.793 -164.433
 167.344  132.585 -170.133
 158.626  130.917 -161.630
 156.167  135.690 -179.905
 167.299  132.710 -173.963
 173.461  131.446 -159.291
 175.768  116.648 -152.985
 158.849  125.969  178.737
 171.513  134.781  179.635
 172.901  146.386 -176.172
 173.344  143.523 -175.364
 160.619  144.261 -164.013
 157.350  122.018 -171.339
 172.802  130.711 -179.909
-174.191  149.195 -166.226
 177.996  138.528  178.489
 163.556  139.997 -165.723
 169.564  148.311 -162.049
 159.204  123.267 -148.478
 158.965  127.622 -165.860
 172.005  129.827 -164.452
 171.027  137.180 -172.305
 168.907  129.955 -176.931
 170.283  139.390 -170.880
 150.641  131.313 -149.421
 153.841  138.292 -165.697
 168.406  126.185  176.507
 171.267  128.334 -163.392
 156.913  133.840 -167.280
 154.092  121.651 -132.520
 158.796  134.291 -160.445
 156.014  117.487 -163.012
 178.558  128.760 -177.920
 159.937  130.556 -168.516
 178.397  140.915 -178.379
 170.510  130.280 -158.970
 177.388  127.083 -179.071
 168.161  148.528 -166.238
 162.117  136.409 -163.406
 176.118  140.406 -167.538
 169.643  131.134 -165.895
 150.140  131.481 -164.265
 163.702  124.520  174.884
 170.916  148.107  178.446
 169.705  143.659 -156.507
 168.553  134.796  179.980
 176.215  137.547 -179.459
 176.681  144.815  168.308
 168.892  133.230 -159.944
 156.205  138.472 -159.511
 172.541  124.139 -172.965
 164.514  133.802 -149.409
 166.579  123.172 -147.445
 161.772  146.240 -157.010
 166.955  134.479 -178.987
 174.481  131.957 -178.372
 157.674  141.532 -147.429
 147.834  133.739 -156.483
 159.472  141.053  176.096
 172.407  131.712 -160.730
 152.574  135.262 -161.487
 165.466  148.714 -162.314
-175.604  124.760  179.859
 168.646  133.420 -175.413
 170.228  129.981  176.476
 157.202  150.201 -149.885
 172.322  140.656 -168.594
 158.040  132.707 -153.481
 165.197  131.269 -173.158
 164.177  137.968 -172.528
 178.382  137.600 -165.512
 163.531  136.692 -174.671
 150.935  136.843 -165.172
 175.151  141.542 -179.569
 172.274  133.026 -164.981
 153.374  142.768 -170.135
 168.886  144.041 -172.941
 163.740  122.607  170.092
 170.353  125.615 -172.638
 170.524  128.895 -179.016
 157.622  131.171 -169.958
 155.497  137.141 -151.335
 163.259  122.964 -164.383
-178.070  143.687 -171.750
 168.976  148.821 -165.712
 163.943  135.841 -175.824
 158.695  136.645 -153.594
 170.033  137.998 -162.664
 152.822  126.131 -168.743
 165.305  125.713 -170.926
 153.554  146.400 -172.283
 175.545  133.290  179.574
 164.702  136.631 -175.061
 165.663  129.867 -148.849
 175.746  138.380 -165.720
 156.985  135.430  178.075
 166.257  146.239 -152.642
 161.234  122.602 -176.906
 158.581  135.185 -174.060
 171.875  150.017 -167.818
 167.963  146.798 -164.100
 160.363  123.506 -166.736
 160.979  128.675 -167.142
 178.785  138.989 -173.446
 165.069  135.830 -157.310
 154.073  138.868 -164.097
 164.380  136.469 -160.009
 164.771  135.055 -164.159
-179.611  144.020 -173.498
-176.718  140.052 -172.759
 169.471  136.393 -156.781
 155.057  134.333 -176.461
 166.706  128.211 -174.089
 165.241  136.885 -170.824
 151.868  141.786 -178.005
 168.676  143.507 -173.819
 168.995  134.458 -173.084
 152.482  144.366 -161.754
 168.789  145.441 -172.342
 162.072  137.079  174.142
 158.272  132.750 -159.008
 171.171  139.597 -170.700
 168.098  132.180 -172.847
 160.686  139.972 -176.122
 168.239  134.422 -173.696
 172.447  147.593 -164.859
 163.439  146.444 -173.258
 161.978  137.309 -172.898
 159.450  148.186 -164.210
 173.688  131.893 -170.411
 164.660  143.693 -169.242
 156.604  140.263 -169.720
 177.074  138.026 -177.747
 165.299  133.383 -172.791
 161.673  143.545 -173.278
 162.057  135.694 -152.356
 170.312  152.514 -172.313
 174.556  147.657  175.622
 162.155  145.303 -164.650
 153.409  142.633 -178.289
 157.826  131.020  173.090
 166.800  142.935 -165.161
 162.698  142.199 -159.595
 175.410  135.719 -166.661
 173.539  140.126  173.995
 169.094  133.068 -158.255
 152.052  124.171 -170.688
 176.360  128.659 -168.750
 169.398  120.464 -171.498
 158.161  138.587 -172.990
 168.355  131.149 -168.764
 162.173  138.851  175.970
 173.832  137.384 -163.175
 169.797  136.992  175.868
 166.903  125.033  176.974
 163.681  139.871 -164.145
 156.690  144.617 -170.438
 172.424  123.137 -166.715
 168.832  129.205  173.299
-176.297  142.250 -167.930
 162.717  131.774  174.063
 156.257  126.725 -166.772
 167.182  128.636 -150.954
-176.827  136.558  168.486
 172.395  141.873 -154.522
 170.421  141.855 -153.078
 168.249  123.624 -174.116
 174.310  141.854 -166.695
 161.476  114.250 -167.483
 170.439  145.887  177.556
 170.728  137.632 -171.690
 162.173  141.252 -167.615
 165.003  145.779 -172.350
 173.961  137.755  172.377
 157.757  116.404 -158.577
 164.559  137.960 -151.372
 157.056  142.065 -168.871
 159.550  139.058 -169.988
-164.825  141.815 -173.795
-178.695  147.029 -168.778
 146.509  141.113 -179.916
 153.797  143.686 -164.390
 163.030  125.029 -168.949
 164.562  137.621 -166.346
 166.686  126.933 -173.377
 173.541  139.570 -170.801
 160.848  129.554 -161.483
 177.518  143.682 -179.344
 173.399  138.709 -167.332
 174.958  128.924 -161.241
 153.446  141.854 -171.292
 169.065  143.140 -170.809
 161.735  124.039 -167.419
 162.884  136.629 -176.501
 163.380  145.694 -158.566
 163.323  147.811 -160.792
-174.587  132.076  170.187
 173.875  140.432 -169.153
 164.575  134.746 -167.078
 172.267  147.532 -176.582
 158.499  138.161 -152.993
 163.669  136.911 -169.326
 173.339  134.014 -161.080
 171.542  126.715 -165.597
 165.600  146.213 -178.607
 159.932  128.738 -163.625
-178.161  131.608 -170.932
 165.241  122.294 -163.810
 176.937  139.146 -163.458
-173.306  129.113 -173.007
 160.495  130.580 -175.239
 174.767  146.682 -172.181
 177.700  130.704  168.764
 171.293  144.845 -166.446
 163.267  128.251  179.023
 163.705  134.297 -172.835
 174.778  129.550  169.720
 154.496  133.013 -153.254
-173.250  143.497 -174.014
 155.767  129.808 -159.912
 178.677  134.513 -172.459
 156.235  122.366 -167.006
 163.396  136.570 -157.312
 166.871  143.792 -173.937
 171.372  148.582 -163.839
 157.773  143.904 -156.592
 168.334  131.340 -174.319
 160.872  126.177 -174.286
 170.696  125.862 -173.238
-177.479  148.607 -175.527
 174.428  132.468 -175.068
 167.613  140.311 -176.959
 166.815  148.816 -175.711
 178.087  127.814 -161.195
 152.438  134.039 -164.890
 174.947  137.133 -163.651
 159.289  120.076 -166.982
 165.932  127.245  173.982
 156.376  143.698 -171.182
 150.325  141.384 -170.199
 156.561  135.955 -175.817
 163.600  157.172 -152.949
 164.260  138.911 -172.112
 168.035  141.383 -179.270
 167.398  124.092 -177.324
 165.101  140.215 -160.652
 163.587  127.991 -167.952
 162.336  145.271 -176.683
 164.643  125.573 -149.879
 158.315  138.248 -174.004
-175.905  144.783 -176.367
 161.749  134.556 -168.662
 169.248  145.494 -161.354
 173.241  133.578  171.306
 158.742  143.731  170.836
 155.224  136.359  178.201
 169.142  152.874 -175.779
 173.708  146.239 -171.063
 176.444  148.004 -164.039
 165.333  142.267 -179.719
 165.869  126.853  176.856
 176.364  134.043 -167.299
 159.052  146.025 -168.813
 176.964  144.719 -169.558
 164.187  129.158 -177.305
 158.623  112.631 -165.147
 167.136  132.395 -176.307
 162.980  151.301 -159.966
 175.704  130.391 -179.336
 168.323  137.931 -176.187
 154.125  129.514 -177.543
 172.846  116.908 -176.941
 156.612  125.430 -166.353
 162.903  138.583 -164.113
-172.591  141.537 -172.300
 179.044  119.428 -175.402
 162.611  152.250  179.948
 150.899  134.068 -166.411
 155.397  149.469 -160.693
 162.208  135.558 -171.352
 177.152  127.716 -176.096
 166.667  127.466 -170.729
 171.137  128.285 -173.258
 173.937  134.618 -174.982
 168.476  123.705 -167.569
 165.149  135.211  171.604
 167.401  124.536 -175.101
 151.811  145.308 -172.858
 167.685  123.471 -178.015
 164.053  138.326 -178.325
 163.995  145.199 -176.442
 178.018  125.519  178.831
 158.994  145.282 -168.396
 171.925  138.310  170.550
 174.184  136.091 -172.732
 170.401  138.798 -173.123
 161.306  148.926 -172.067
 152.055  138.651 -175.446
 169.181  126.174 -170.777
 155.142  140.555  174.142
 173.746  140.872 -165.722
 172.711  137.619 -168.432
 160.681  135.269 -159.838
 159.956  149.486 -162.018
 170.155  135.061 -147.107
 161.690  136.953 -148.331
 160.121  125.702 -144.834
 164.235  144.855 -155.981
 166.616  132.611 -159.465
-179.372  137.603 -167.947
 156.962  150.379 -153.937
 166.001  144.240 -171.854
 161.312  137.360 -159.115
 162.323  141.013 -178.453
 165.353  148.860 -177.313
 169.596  141.240 -170.232
 161.244  135.034 -162.555
 168.807  137.540  178.728
 148.553  134.240 -175.921
 166.038  145.770 -172.918
 165.680  125.014 -155.537
 165.205  132.528 -176.668
 166.291  138.479  176.407
 175.253  127.459 -166.245
 166.864  125.694 -171.208
 160.226  141.811 -170.790
 170.242  145.827 -160.929
 160.001  142.739 -175.502
 172.457  130.501 -164.902
 166.699  133.725 -168.731
 168.315  142.396 -160.646
 170.957  139.272 -167.840
 164.515  130.796 -168.118
 156.730  133.274 -164.524
 166.346  133.116  174.110
 156.129  132.351 -154.532
 172.805  132.060 -177.391
 177.743  127.101 -178.244
 164.878  132.180 -170.891
 165.746  130.555 -163.085
 169.785  137.032 -167.103
 166.947  139.857 -172.583
 156.398  134.684 -173.430
 169.602  140.725  177.475
 161.888  139.884 -160.290
 158.022  145.645 -139.904
 161.082  136.132 -170.868
 167.029  128.518 -164.791
 156.337  131.005 -167.676
 160.509  147.801 -173.307
 165.850  139.873 -170.155
-176.231  126.818  172.456
 165.953  140.930 -156.213
 158.095  128.012 -151.402
 170.884  134.261 -174.869
 179.201  132.046  178.863
 171.076  132.054 -165.057
 172.263  134.925 -159.876
 166.518  134.979 -171.318
 172.014  141.794 -165.445
 164.244  152.356 -150.258
 151.952  139.619 -158.232
 161.057  126.809 -154.473
 179.319  137.817  176.860
 161.174  137.642 -174.182
 172.452  126.408 -173.208
 161.710  132.297 -176.613
 153.695  119.803 -157.073
 162.766  127.840  179.709
 166.232  150.626 -163.264
 170.793  124.368 -161.577
 163.208  137.619 -178.570
 176.055  139.965  176.032
 171.984  125.787 -176.858
 165.237  136.927 -178.095
 178.047  136.471 -159.375
 164.789  139.526 -166.853
 167.927  138.173 -166.119
 172.802  138.315 -171.169
 170.044  131.472 -161.379
 163.704  133.137 -174.688
 169.376  131.270 -178.012
 153.047  139.957 -178.224
 164.796  146.428 -179.061
 169.617  148.756 -166.442
 160.299  122.425 -172.777
 164.379  149.607 -170.265
 165.033  127.793 -178.618
 168.378  130.573 -167.251
 158.636  119.659 -162.198
 162.773  133.453 -158.295
 165.354  140.158 -169.946
 153.032  137.961 -164.711
 168.344  143.263 -168.258
 174.116  150.937 -167.337
 163.479  143.044  179.111
 171.444  140.057 -168.075
 171.511  150.190 -161.442
 168.810  129.976 -169.053
 176.276  136.784 -166.029
 163.313  145.976 -174.726
 170.315  133.714 -178.690
 157.295  146.341 -166.350
 162.339  125.877 -164.367
 161.759  139.280 -166.267
-174.716  140.027 -171.480
 173.348  134.678 -156.546
 156.994  129.389 -154.377
 153.836  143.132  178.049
 174.292  118.259 -160.329
 176.039  142.744 -146.050
 158.776  126.975  174.023
-177.748  150.378 -172.728
 171.714  143.467 -171.958
 152.658  130.892 -172.600
 164.733  140.656  174.087
 170.672  147.982  177.471
 164.597  138.046 -149.976
 162.052  141.605 -155.927
 163.682  121.745 -175.990
 172.990  130.095  170.224
 176.151  143.116 -177.350
 155.603  129.684 -153.357
 168.040  134.736 -179.763
 159.522  124.904 -175.036
 170.618  132.032 -167.084
 166.036  126.896 -144.045
 166.094  137.655 -143.100
 164.582  137.014 -168.139
 162.077  140.589 -173.166
 151.208  140.673 -174.629
-179.063  144.225 -160.030
 172.663  142.635  179.346
 157.112  124.990 -173.278
 159.873  142.945 -174.792
 161.578  138.089 -167.297
 163.394  144.861 -170.767
 165.180  132.243 -171.417
 176.512  138.334 -165.159
 163.066  122.029  177.583
 171.995  134.529 -152.384
 163.880  131.075 -160.795
 170.765  140.240 -151.676
 156.516  128.760 -150.040
 170.585  141.762 -171.571
 157.741  136.580 -162.612
 162.339  122.579 -167.444
 176.042  124.484 -160.164
 161.257  139.698 -162.422
 160.542  154.298 -164.307
 178.268  150.580  177.489
 174.295  144.883 -174.491
 163.875  141.005 -154.339
 158.129  133.536 -162.921
 161.814  146.840 -175.189
 176.157  150.751 -142.602
 167.864  137.351  178.928
-177.472  140.692 -169.218
 162.004  144.254 -172.300
 170.040  128.466 -167.970
 170.332  147.430 -177.769
 159.746  147.193 -179.407
 173.137  131.197 -178.601
-178.377  146.986  170.904
 171.176  121.749 -160.926
 163.210  124.709 -173.621
 164.386  134.481 -173.500
 153.862  129.325  175.074
 152.379  116.021 -171.737
 155.250  145.321 -155.344
 157.670  127.971 -178.024
 157.463  145.303 -146.810
 167.960  144.965 -177.857
 159.944  138.805 -169.056
 165.848  133.695 -174.969
 173.452  141.646 -171.670
 166.718  137.204 -179.668
 174.346  127.073 -162.374
 161.908  135.109 -171.145
 167.489  140.054 -171.083
 168.463  126.089 -178.408
 151.868  139.027 -178.425
 175.679  125.358 -179.326
 172.409  133.432 -172.603
 153.036  116.986 -172.464
 168.172  134.445 -178.203
 154.927  133.679 -176.919
 173.782  129.372 -170.868
 166.318  140.022 -156.659
 161.585  137.059 -162.184
 162.915  142.461 -148.952
 167.510  128.428 -172.594
 164.045  142.824 -160.650
 156.127  119.841 -154.080
 172.140  142.416 -160.283
 156.787  137.713  175.536
 163.576  144.427 -177.122
 164.272  142.792 -168.334
 167.586  126.302 -159.478
 166.794  121.323 -163.592
 164.998  118.289 -161.609
 166.587  154.283 -167.680
 169.859  142.917 -160.605
 164.496  137.895 -170.319
 169.552  150.867 -165.380
 172.176  137.509 -163.294
 155.926  139.503 -164.909
 162.314  118.575  177.033
 177.215  138.371 -175.336
 168.031  128.328 -169.266
 169.694  133.890 -161.495
 162.418  125.975 -165.556
 152.410  128.137 -171.418
 155.637  137.668 -170.881
-165.646  142.209 -179.568
 167.419  134.863 -156.448
 174.977  131.276 -170.411
 161.518  142.078 -161.051
 172.692  149.711 -175.823
 165.152  149.299 -161.175
-178.077  124.371 -167.390
 164.067  139.367 -150.160
 171.416  148.661 -161.306
 171.533  136.545 -164.542
 158.247  146.081 -174.112
 161.162  126.760  177.018
 165.629  144.206 -166.200
 164.720  130.872 -164.554
 158.865  151.380 -167.802
 152.287  130.198 -154.357
 170.122  126.157 -159.666
 170.842  145.428  178.721
 157.514  136.526 -167.061
 162.456  135.590 -155.461
 169.778  138.153 -169.173
 168.256  132.591 -178.737
 165.186  147.681 -173.176
 177.335  131.254 -178.848
 172.726  146.604  175.853
 178.553  141.019 -174.479
 167.560  137.569 -138.401
 174.032  136.753  175.277
 163.443  132.375 -160.815
 172.670  133.255 -152.391
 167.597  143.359 -164.394
 171.048  136.088 -171.837
 177.859  137.228  165.526
 151.521  131.625 -173.531
 170.345  140.355 -176.750
 173.957  139.280 -176.396
 168.218  146.528 -172.296
 165.193  133.829 -168.115
 169.250  120.441 -165.790
 163.160  146.891 -177.627
 163.038  143.012 -174.744
 150.737  143.656 -165.896
-179.838  147.836 -171.589
 160.013  111.790 -165.074
 163.856  146.034 -166.082
 176.921  147.330 -169.624
 159.524  133.458 -161.828
 160.506  145.188 -167.081
 157.159  136.488 -160.973
 164.869  134.210 -173.424
 169.088  151.039 -174.686
 162.741  131.695 -169.012
 173.656  133.164 -169.381
 173.326  142.043 -172.611
 159.137  133.338 -179.500
 160.287  121.741 -168.624
 160.990  140.600 -170.486
 174.564  141.596 -172.795
-179.712  114.932 -179.145
 173.024  141.713 -161.022
 163.622  141.920 -172.273
 172.135  124.012 -155.597
 167.504  125.934 -161.635
 178.604  138.785  157.552
 150.095  139.064 -178.557
 164.238  130.827 -159.615
 167.360  129.341 -167.874
 172.577  131.879  168.680
 160.659  139.053  177.846
 171.850  136.686 -171.351
 155.469  140.962 -174.255
 166.271  132.732 -172.084
 170.867  150.363  177.535
 165.110  130.662 -171.236
-179.686  140.383 -161.577
 179.829  142.723 -161.661
 156.711  121.732 -160.178
 168.871  134.716 -161.248
 157.963  121.899 -170.500
 169.806  129.457 -175.896
 168.192  126.848 -168.297
 157.615  145.827 -174.938
 165.579  124.575 -169.709
 163.099  149.409  174.900
 158.701  139.338 -175.532
 162.388  146.419  178.975
 166.896  140.341 -160.358
 157.045  132.350 -171.069
 171.108  139.129  178.783
 159.137  130.938  178.808
 178.350  135.503 -157.467
 170.350  138.332 -172.741
 177.854  129.331 -170.154
 162.286  144.354 -167.312
 165.948  143.457 -172.619
 170.035  135.171 -171.865
 165.206  139.953 -169.614
 170.697  126.773  177.508
 166.413  120.976 -176.455
 169.854  132.650  169.889
 164.759  126.478 -175.239
 165.677  134.687 -158.712
 170.639  125.041 -169.522
 168.338  134.521 -168.672
 164.891  123.375 -148.121
 166.497  138.177 -161.825
 167.634  131.435 -169.792
 156.823  135.006 -178.514
 164.960  128.969 -171.684
 164.477  137.586  176.628
 161.438  133.552  178.418
 160.248  141.163 -164.327
 151.920  118.720 -154.802
 177.435  140.304 -179.247
 156.042  145.227  177.160
-175.682  135.697  170.485
 156.238  140.039  171.915
 176.970  143.225 -168.855
-178.686  140.187  175.948
-179.245  133.021  168.017
 169.378  129.302 -160.899
 153.860  144.732 -170.360
 169.379  130.353 -149.245
 167.695  142.276 -175.786
 168.667  128.862  177.933
 173.370  128.273 -137.099
 169.482  128.944  175.699
 168.632  140.162 -174.081
 171.233  136.909 -163.357
 167.287  119.791 -175.665
 153.927  117.749 -165.786
 154.164  142.091 -174.710
 174.263  144.397  171.680
 171.629  128.447  165.542
 150.611  131.793  179.244
 155.861  125.564 -157.720
 164.396  129.719 -172.324
-173.603  145.566  178.525
 162.381  135.301 -176.135
 168.136  145.483 -172.738
 164.859  144.657 -173.229
 163.881  127.268  178.877
 167.882  143.645 -156.629
 168.387  138.527 -161.440
 157.063  137.003 -162.641
 163.577  143.707 -170.176
 154.870  132.054 -175.386
 162.043  134.454 -167.163
 165.975  150.982 -176.545
 172.263  121.785 -162.893
 169.428  137.350 -177.071
 163.160  134.792  178.309
 162.132  115.129 -162.169
 160.251  135.078 -173.379
 170.006  135.276 -173.875
 171.812  115.627 -161.328
 157.358  129.026 -171.122
 160.511  132.924 -166.619
 172.123  129.096 -175.741
 169.668  138.560 -156.527
 155.334  123.778 -159.426
 146.580  140.640 -165.653
 178.487  147.261 -166.088
 154.497  134.267 -159.916
 173.608  146.850 -162.129
 168.047  129.356  178.147
 168.782  128.101 -159.297
 174.990  127.908 -169.843
 165.029  145.549 -167.988
 177.739  137.829 -169.666
 169.395  136.244 -172.941
 168.926  141.488 -178.817
 173.032  140.330 -168.877
 171.791  126.585 -164.420
 158.647  143.019 -158.123
-179.326  134.976 -170.395
 170.006  134.471 -165.759
-174.604  139.988  178.916
 159.174  130.349  177.086
 167.264  135.082 -157.240
 165.030  135.537 -159.939
 171.392  138.820  177.745
 166.611  137.605  168.591
 149.867  125.267 -167.157
 170.120  122.895 -172.507
 164.032  142.594  175.288
 171.213  130.759 -170.435
 143.439  130.842 -178.185
 172.374  122.625 -157.722
 168.484  127.552 -178.244
 172.550  125.159 -162.826
 156.240  144.836  170.229
-175.256  138.583 -170.278
 168.561  137.642 -169.666
 161.985  149.114 -159.117
 157.375  139.523 -165.723
 159.343  135.337 -166.329
 175.476  125.954 -169.730
 168.164  144.367 -163.841
 168.857  119.403 -173.360
 167.260  127.386 -176.891
 163.993  141.930 -164.285
 169.160  134.293 -155.280
 172.948  137.056 -173.753
 173.455  145.026 -157.959
 163.356  133.673  177.505
 165.642  138.410 -176.317
 169.645  153.036 -163.985
 154.212  120.715 -176.625
 163.167  138.958 -169.220
 167.978  131.298 -174.529
 165.552  134.516 -172.229
 161.735  135.448 -162.684
 159.878  141.684 -167.639
 160.135  127.199 -171.246
-178.502  130.850 -176.842
-177.045  150.975 -176.398
 177.861  128.466 -171.280
 169.399  132.783  173.857
 165.409  146.660 -157.635
 160.998  128.620 -165.635
 153.584  139.172 -164.557
 176.150  126.404 -179.815
 173.378  139.421  179.737
 157.088  145.383 -164.666
 164.829  121.190 -167.569
 163.108  143.213 -150.316
 161.633  142.894 -174.988
 157.538  135.030 -168.826
 165.181  140.239 -161.703
 172.543  134.744 -177.122
 156.751  133.141 -159.739
 156.385  118.744 -152.820
 164.049  128.478 -168.747
 174.381  124.072 -175.354
 154.586  131.361 -159.118
 165.135  140.255 -165.293
 168.263  134.908 -167.047
 165.068  131.509 -154.858
 164.808  128.180  162.370
 175.738  124.526 -161.859
 157.839  131.710 -165.077
-179.568  143.458  175.633
-179.856  144.361 -165.183
 168.603  140.919 -149.979
 154.671  125.537 -162.667
 164.542  131.712 -173.353
 151.695  142.958 -168.470
 157.709  131.032 -172.972
 158.114  147.771 -162.476
 168.926  133.783 -174.463
 155.107  139.844 -158.689
 157.464  141.534 -161.120
 166.260  142.168 -173.955
 167.908  137.289 -168.991
 172.868  134.766  179.516
 178.089  133.143 -173.084
 169.199  135.858 -173.149
 165.568  128.627 -157.046
 158.581  132.607 -169.560
 153.559  127.905 -173.261
 165.117  135.729 -174.774
 168.759  142.461 -176.523
 160.135  126.859 -165.460
 154.716  126.131 -161.164
 161.969  153.379 -168.469
 162.061  132.879 -169.814
 164.771  149.581 -158.291
 155.510  116.135 -169.480
 173.767  132.846 -162.671
 153.244  130.372 -175.511
 176.159  139.556  178.785
 164.530  147.832 -153.251
 165.675  151.103 -161.115
 169.727  133.584 -158.811
-174.533  141.507  167.303
 157.202  135.451 -150.760
 158.983  145.970 -149.682
 166.454  134.767 -166.902
 173.405  143.191 -176.829
 165.095  138.310 -178.926
 162.990  140.410  174.768
 173.069  146.697 -157.747
 157.912  141.385 -163.786
 153.157  130.414 -173.340
 167.862  114.402 -163.740
 153.365  118.332 -172.367
 156.048  132.956 -173.867
 175.636  148.904 -152.529
 166.149  130.663 -178.763
 164.207  141.925 -161.164
 166.136  142.431 -168.013
 164.450  145.240 -179.781
 177.796  131.231  166.320
 143.947  137.418 -173.462
 148.926  133.346  169.193
 169.846  131.686 -173.725
 159.752  133.756 -168.270
 165.418  144.023 -167.669
 167.876  126.739 -162.320
 158.043  135.018 -178.240
 144.867  132.563 -166.674
 174.097  120.367 -176.034
 173.039  131.201 -153.193
 160.363  129.039 -171.514
 151.933  135.148 -168.360
 175.892  140.823 -166.213
 172.023  133.140 -165.708
 177.844  133.175  173.081
 161.643  143.659 -165.950
 165.087  143.193 -171.328
 167.200  123.827 -172.134
 152.688  132.898 -165.232
 147.263  130.198 -171.838
 150.538  148.911 -156.728
 163.612  139.636 -164.774
 176.115  145.136 -169.721
 171.942  128.584 -179.944
 165.076  134.342 -166.143
 156.024  141.727  171.524
 167.027  123.674 -167.784
 160.371  156.489 -171.230
 161.246  146.382 -153.831
 163.328  135.188 -163.168
 175.121  142.650  173.068
 161.092  140.488 -150.830
 163.547  129.730 -174.904
 160.011  144.712  177.036
 166.256  135.995 -179.649
 178.300  145.626 -179.758
-175.863  136.860 -177.197
 173.073  141.543 -161.103
 162.911  135.865 -165.995
-179.508  122.836 -172.036
 173.827  144.433 -155.307
 160.075  142.377 -166.054
 163.621  138.779 -167.361
 169.592  127.179 -156.255
 162.708  132.182 -175.505
 163.213  134.070 -177.281
-177.006  136.172 -167.835
 172.175  131.279 -172.330
 167.057  124.873 -171.506
 172.295  141.437 -159.486
 172.142  126.399 -175.407
 159.044  147.184 -152.338
 171.979  137.411 -156.222
 156.065  140.392  173.813
 165.331  137.159 -174.520
 151.922  150.781 -160.800
 174.090  130.480 -165.715
 164.252  139.676 -178.724
 170.218  136.426  179.885
 159.526  148.000 -153.881
 168.947  139.069  166.156
-175.682  162.363 -175.608
 164.518  126.340 -155.778
 169.657  133.837 -172.497
 162.184  134.334 -171.906
 158.277  137.165 -172.158
 169.153  155.629 -170.010
 154.311  150.190  175.542
 160.761  136.127 -177.021
