 -72.300  146.338 -174.353
 -70.499  155.680  161.730
 -70.273  156.474  164.889
 -71.047  147.894 -178.100
 -84.443  165.616  175.089
 -79.903  150.321  177.197
 -77.754  144.135 -165.320
 -80.575  143.479  168.164
 -67.567  142.445 -169.386
 -76.162  150.835 -176.521
 -60.763  152.335 -175.531
 -87.413  144.888 -177.493
 -69.433  154.637  177.796
 -66.815  148.943 -172.260
 -68.817  147.261  163.096
 -81.403  138.603 -176.893
 -70.107  148.018  167.746
 -68.098  141.011  170.286
 -67.457  142.553  167.660
 -72.257  158.826  176.545
 -71.343  156.384 -173.736
 -79.258  150.486  164.444
 -77.353  156.791  169.773
 -78.209  149.627  174.004
 -74.186  157.176  168.541
 -83.139  155.014 -179.542
 -80.960  128.492  170.421
 -75.994  145.086  168.636
 -79.231  149.738  169.638
 -70.231  141.358 -170.446
 -77.419  130.093 -168.636
 -81.115  146.338  177.466
 -70.628  146.929  165.931
 -66.533  152.001  174.877
 -79.646  160.236  174.153
 -69.147  141.393  174.646
 -90.363  148.826  173.813
 -69.188  144.177  177.322
 -75.248  148.048  165.674
 -70.828  151.708 -171.257
 -69.637  152.463  164.556
 -68.365  151.000  159.705
 -72.828  144.684 -176.736
 -84.952  156.105  169.089
 -71.870  160.073  169.567
 -80.399  143.412  179.608
 -67.389  146.717  163.863
 -70.594  155.823  173.191
 -70.513  142.948  178.508
 -71.519  141.361  177.375
 -79.676  147.192  157.745
 -75.400  148.923 -170.304
 -77.100  145.737 -178.429
 -73.349  146.739  171.278
 -73.893  144.948  172.050
 -71.422  156.886  167.522
 -81.514  149.244  175.672
 -58.646  147.939  167.647
 -85.422  148.925 -178.986
 -76.522  150.235  177.035
 -75.312  156.209 -178.011
 -74.315  145.655 -179.916
 -80.813  152.840  174.272
 -89.656  153.871 -171.695
 -75.391  153.862 -170.517
 -84.491  159.179  174.753
 -69.755  143.443  168.165
 -68.722  147.601  174.451
 -78.529  155.280 -156.389
 -78.778  139.277 -170.249
 -82.541  146.627 -168.844
 -68.164  148.460  170.027
 -79.842  142.541 -179.367
 -73.905  158.086  178.523
 -80.500  151.703  178.477
 -76.461  148.363  172.010
 -60.236  146.730  155.336
 -73.897  149.882 -176.519
 -72.153  150.057  168.569
 -64.112  142.794  173.035
 -73.633  137.362  170.733
 -90.891  155.076  175.607
 -71.140  145.410  171.176
 -71.370  150.850  172.342
 -75.572  152.455 -174.548
 -67.608  145.475  179.467
 -68.788  147.435  170.002
 -71.812  140.969 -175.377
 -68.940  155.646 -179.956
 -66.738  148.531  177.439
 -71.162  148.354  168.970
 -72.097  159.516  172.306
 -64.553  146.838  155.688
 -60.584  140.379 -177.000
 -82.017  141.800  178.412
 -76.340  156.134 -179.833
 -73.929  145.399  167.825
 -74.796  143.583  153.843
 -57.983  159.596  176.430
 -87.364  142.665  157.725
 -81.737  164.844  175.355
 -77.087  153.558 -173.166
 -67.724  151.638 -178.046
 -80.390  139.868  173.024
 -82.367  152.935  177.354
 -71.511  158.958  170.866
 -81.648  150.694  179.588
 -67.137  140.249  164.889
 -73.905  143.735  179.512
 -68.776  153.116 -178.989
 -77.682  151.042  175.956
 -73.837  140.417  173.148
 -75.042  129.211  158.604
 -82.241  139.609  172.774
 -67.187  131.699  179.475
 -57.215  145.210  159.636
 -84.233  143.948  168.486
 -64.013  157.055 -174.197
 -70.406  145.576  172.908
 -70.006  153.962  172.601
 -66.778  153.928 -173.341
 -72.460  149.417 -156.093
 -67.282  147.491  169.249
 -68.171  146.287  179.244
 -76.694  146.829 -178.534
 -61.673  151.791 -173.166
 -83.705  142.740  179.545
 -67.478  151.585  148.279
 -73.711  157.152 -174.417
 -66.561  164.118 -174.881
 -77.846  142.682  177.192
 -75.689  152.629  176.351
 -67.095  146.142  169.475
 -76.947  139.565  172.265
 -81.741  164.963  171.214
 -73.946  154.528  168.093
 -73.300  144.344 -170.232
 -74.110  140.169 -175.062
 -72.447  153.346 -173.574
 -74.070  154.750  167.055
 -89.884  152.771  169.800
 -71.834  140.885  165.019
 -77.223  143.917 -165.743
 -68.292  132.331  161.594
 -76.835  153.067 -178.379
 -58.051  135.094  165.595
 -70.890  155.868  166.566
 -88.739  146.437  171.164
 -67.096  146.362  174.425
 -66.337  145.789  158.124
 -71.558  145.135  178.829
 -62.703  139.556  169.577
 -65.458  141.512 -173.373
 -81.664  145.586 -177.463
 -72.408  146.490 -175.472
 -75.208  149.865  170.321
 -67.601  151.989  175.502
 -68.685  154.584 -160.459
 -73.977  130.332  166.412
 -71.472  149.287  172.296
 -65.535  153.086  159.619
 -74.518  148.282  179.582
 -64.933  143.780 -178.216
 -83.471  142.063  169.299
 -77.402  156.510  165.065
 -65.360  131.368 -166.527
 -78.801  153.487 -178.221
 -73.037  143.580  173.119
 -91.644  156.820  179.432
 -64.892  144.541  168.719
 -71.033  151.030  173.462
 -75.115  154.645  176.373
 -80.962  157.532  171.997
 -78.113  143.178 -175.792
 -77.756  143.679 -178.552
 -66.301  141.736  169.647
 -72.641  145.975 -172.493
 -59.526  146.394  179.229
 -62.705  168.341  166.316
 -65.546  130.902  161.113
 -55.694  166.313  168.975
 -73.967  165.961 -178.291
 -61.073  152.551  178.160
 -76.418  155.094  176.152
 -76.709  138.831  179.641
 -64.525  140.652 -172.438
 -71.165  148.000 -171.307
 -75.011  139.035  167.815
 -79.004  141.568  177.455
 -72.017  146.645  169.120
 -76.850  148.422 -173.376
 -77.595  151.189 -178.033
 -77.578  138.319  164.232
 -74.882  155.453  158.504
 -67.858  135.596 -179.921
 -74.447  146.219 -172.809
 -77.151  150.075  176.419
 -63.202  145.579  162.808
 -73.481  152.510  173.268
 -74.311  145.642  178.647
 -80.936  152.748 -178.121
 -71.030  147.859  175.059
 -78.172  147.457  177.569
 -69.983  152.059  175.295
 -65.486  149.852 -179.136
 -78.521  153.820  179.151
 -75.934  143.798 -177.075
 -68.737  155.725  175.200
 -61.154  149.290  172.764
 -59.796  146.991 -172.409
 -68.961  163.262  172.942
 -82.834  138.155 -159.235
 -82.262  150.615 -172.854
 -67.953  155.870 -178.236
 -83.762  132.726  176.345
 -82.083  151.676  164.494
 -72.483  144.655 -167.938
 -67.302  138.071  175.443
 -68.725  141.216  178.225
 -72.484  165.268 -177.669
 -60.373  148.910  166.849
 -76.564  155.840 -168.763
 -68.837  146.490  173.082
 -66.857  156.091 -176.676
 -94.266  163.337 -167.479
 -63.843  137.670 -173.325
 -89.710  143.641 -168.992
 -61.070  142.260  158.613
 -72.550  157.522 -176.449
 -75.375  150.287  176.598
 -69.853  150.065  175.541
 -85.258  157.881  169.284
 -71.754  152.098 -167.948
 -76.736  144.406  167.463
 -85.825  157.638 -177.090
 -73.010  144.109  167.618
 -70.820  150.309  177.795
 -80.323  158.036  165.909
 -85.108  153.973  174.255
 -58.856  161.072 -178.804
 -75.748  140.221 -174.208
 -79.714  148.558  166.626
 -74.204  149.940 -164.697
 -68.690  157.630 -174.866
 -85.437  151.187 -179.660
 -75.554  149.300  175.214
 -73.438  151.156  179.470
 -75.368  155.624  171.555
 -60.012  142.965  177.529
 -78.778  145.917 -169.497
 -80.549  143.084 -169.713
 -80.743  157.557  170.716
 -67.028  151.593  173.368
 -79.442  148.604 -175.117
 -77.587  166.952  169.115
 -78.014  145.443  178.370
 -72.608  142.780  179.814
 -69.806  150.591 -179.860
 -58.263  147.344  176.104
 -69.604  153.693 -168.016
 -67.592  143.155  157.570
 -85.981  167.179 -175.305
 -86.671  144.858 -171.336
 -59.851  149.781  165.071
 -72.528  136.669 -172.124
 -79.870  135.374 -166.533
 -66.705  151.858  164.804
 -77.730  149.736  173.594
 -70.683  148.995  157.138
 -73.444  149.869 -173.231
 -79.232  133.068 -159.917
 -67.910  145.336  173.459
 -76.638  158.025  178.626
 -85.622  152.178 -179.934
 -63.199  142.705  172.140
 -81.984  135.244  172.989
 -72.651  130.407  171.388
 -77.729  155.248 -173.504
 -78.489  150.176 -179.914
 -65.339  135.250 -173.714
 -77.491  152.726 -178.118
 -73.695  151.558 -175.755
 -61.603  146.331 -176.573
 -80.568  138.326  167.995
 -79.592  146.397  174.969
 -76.686  150.155  173.396
 -84.297  147.365  169.961
 -82.701  156.891 -168.724
 -73.203  147.453  161.454
 -66.181  159.820  167.847
 -85.505  157.392  177.686
 -80.121  162.869  178.411
 -50.711  155.599  156.406
 -66.239  132.121  175.809
 -71.175  156.219  173.637
 -80.118  148.338 -176.499
 -80.698  149.657  169.682
 -77.515  159.461  176.280
 -72.613  143.786  172.243
 -67.344  149.782  170.877
 -61.773  148.876  157.004
 -79.160  158.029  168.166
 -75.534  147.558  156.013
 -79.003  139.660  179.606
 -67.497  148.163 -170.447
 -90.329  150.603 -172.743
 -74.733  165.586  170.342
 -70.960  143.529 -175.718
 -83.320  154.228 -168.826
 -67.493  157.646  166.743
 -80.547  144.009 -173.550
 -76.391  136.265  172.537
 -72.322  149.208 -167.406
 -71.077  152.354 -174.719
 -64.684  151.719  175.486
 -80.470  143.859  170.701
 -70.436  149.192 -177.659
 -65.751  148.897  160.529
 -79.139  145.419 -178.659
 -74.994  135.801 -179.815
 -79.295  146.624 -176.185
 -71.426  154.342 -172.239
 -79.752  148.244 -159.692
 -71.976  145.785  176.405
 -74.389  144.698 -169.849
 -66.403  165.224 -174.578
 -65.172  146.109 -178.568
 -72.548  148.532  173.725
 -78.997  148.412  170.423
 -86.334  160.379 -170.181
 -75.808  153.016  168.721
 -85.016  160.875  169.411
 -72.712  140.738 -170.041
 -73.111  153.524  166.185
 -77.385  157.134  176.540
 -57.428  151.037  165.259
 -68.361  161.986  162.266
 -73.157  147.730 -176.606
 -80.459  159.971  170.587
 -67.677  148.196 -176.228
 -80.006  145.659  179.893
 -65.498  151.949 -177.329
 -66.758  148.020  166.320
 -77.429  154.561 -177.125
 -77.182  154.006 -175.978
 -81.550  145.648 -179.897
 -77.348  154.458 -172.035
 -82.561  155.269 -175.362
 -71.747  139.277 -178.723
 -75.749  154.104 -176.420
 -79.741  163.153 -177.608
 -74.495  153.809  170.177
 -82.660  147.455  161.318
 -80.411  140.583  167.084
 -71.282  154.743  164.171
 -73.438  147.315 -173.657
 -80.678  157.414 -176.516
 -75.279  141.019  168.927
 -83.542  148.372 -179.017
 -62.905  154.870 -169.430
 -78.809  140.862 -174.589
 -75.095  155.862  163.830
 -72.592  150.643 -165.587
 -75.949  144.088 -174.492
 -83.840  155.811  173.497
 -69.439  149.657  179.966
 -84.038  153.838 -179.692
 -69.994  144.481  173.043
 -68.215  144.953  173.618
 -65.836  140.194  170.761
 -70.524  135.508  162.382
 -73.703  140.096  166.781
 -84.468  150.222  166.506
 -67.730  142.905  153.907
 -65.658  155.344  167.040
 -63.977  158.698  166.628
 -71.020  140.009 -172.903
 -71.169  155.315  164.259
 -79.459  144.670 -168.213
 -70.023  145.506  173.254
 -77.460  143.246  152.202
 -82.003  147.818 -173.166
 -75.107  150.779  179.237
 -67.356  142.613  178.484
 -83.102  136.861 -176.410
 -74.058  152.302  155.962
 -70.912  147.312  162.883
 -67.073  139.903 -166.787
 -69.869  151.377  179.588
 -81.418  150.273 -169.694
 -65.051  165.876  167.869
 -76.046  148.298 -171.697
 -73.072  142.754 -168.690
 -68.238  149.613 -177.262
 -78.669  164.121  173.876
 -76.253  146.017  169.659
 -77.648  147.089  175.557
 -65.615  140.089  177.648
 -67.354  152.817  169.753
 -63.255  135.939  157.945
 -78.642  137.673 -166.434
 -79.313  150.606 -170.774
 -74.687  144.753  169.182
 -75.913  149.551 -176.176
 -73.393  144.194 -177.499
 -66.654  145.902  167.981
 -75.487  151.535 -178.881
 -84.973  145.282  164.876
 -61.046  141.591  170.393
 -69.652  153.245  179.756
 -68.327  144.037  175.499
 -80.848  169.834  164.138
 -70.114  159.145 -177.111
 -61.319  160.751  178.324
 -76.562  156.056  176.365
 -75.261  135.584  173.722
 -78.617  152.777  161.721
 -87.519  156.069 -177.965
 -63.208  159.008  168.065
 -79.497  152.858  157.527
 -69.642  139.908 -179.764
 -71.821  146.346  174.442
 -89.470  131.691  170.846
 -80.599  156.782 -174.844
 -64.911  152.783  163.932
 -71.583  147.599  177.057
 -69.510  142.464  178.143
 -75.351  161.506 -179.493
 -89.115  157.741  171.587
 -76.144  141.289 -177.473
 -85.834  157.139 -168.318
 -82.557  155.763 -175.796
 -87.470  147.292 -166.533
 -70.854  147.757  174.265
 -68.454  154.818  176.605
 -72.603  154.680  166.309
 -70.449  159.796  172.595
 -76.578  161.733 -172.531
 -68.337  140.485  179.554
 -81.826  138.455  174.065
 -78.467  144.906  171.625
 -79.082  147.175 -175.195
 -80.342  150.094  162.097
 -80.183  151.342 -173.684
 -60.021  146.647  165.797
 -89.489  147.440 -172.227
 -78.569  154.121  171.378
 -77.342  155.176  159.452
 -72.970  144.121 -177.333
 -78.284  149.499 -175.607
 -64.647  147.982  172.925
 -83.776  157.027  176.040
 -69.307  146.596  160.354
 -65.530  150.036 -175.658
 -77.041  161.938 -179.529
 -80.005  155.367  171.971
 -75.635  138.851  169.354
 -74.314  141.879  174.746
 -74.035  146.930  173.433
 -80.407  152.828 -174.863
 -67.077  149.219 -158.691
 -68.145  150.298  169.584
 -73.857  160.009  178.737
 -76.753  155.658  178.970
 -78.333  150.597  176.347
 -65.986  143.293 -175.052
 -76.885  145.781 -179.446
 -77.921  157.333  176.821
 -71.255  134.472  174.951
 -73.365  163.886 -177.552
 -69.534  152.926  178.678
 -62.409  152.749  168.929
 -66.153  147.667  170.885
 -50.386  129.967  164.953
 -81.538  166.533 -173.216
 -87.670  149.979  178.702
 -71.861  146.402  166.033
 -74.114  137.438 -179.044
 -65.136  161.706 -173.561
 -78.277  149.334  171.695
 -76.369  147.592  169.565
 -70.621  154.318  168.662
 -74.078  140.797 -178.655
 -76.105  150.618  172.678
 -80.494  147.296  178.827
 -67.874  140.512  177.525
 -66.194  146.762  173.320
 -73.439  152.306  156.488
 -75.895  154.122  178.473
 -81.425  155.262 -179.366
 -63.929  145.815 -178.723
 -74.834  141.496  172.754
 -81.292  143.002  172.893
 -62.434  154.136  175.757
 -61.378  144.664  175.843
 -72.351  158.865  170.378
 -81.966  148.436 -160.088
 -74.260  137.547  179.197
 -71.025  152.284  170.249
 -72.628  139.537 -174.301
 -89.657  143.476  173.620
 -69.845  157.152  165.811
 -76.570  138.605  169.460
 -82.384  146.118 -176.300
 -66.742  141.624 -170.057
 -65.981  149.667  170.034
 -85.265  142.928  168.624
 -78.321  148.073  176.543
 -71.947  139.154 -168.727
 -68.268  155.964  173.306
 -69.849  138.078  176.537
 -67.120  154.579  173.353
 -79.000  141.811  176.836
 -72.962  148.494  179.410
 -69.928  162.212  176.898
 -70.115  143.647  174.411
 -90.967  136.220 -178.890
 -80.039  155.178  178.777
 -79.101  157.690  169.267
 -77.768  142.701  162.652
 -67.980  146.968 -179.784
 -72.814  141.953  174.868
 -73.265  140.691 -178.843
 -73.256  151.140  174.100
 -79.056  158.741  175.806
 -65.899  157.657  174.492
 -73.960  147.052  173.147
 -74.544  143.803 -165.642
 -78.566  154.222  168.450
 -82.518  148.752  178.824
 -72.220  161.278  179.444
 -69.944  154.446 -179.433
 -75.722  149.540  179.732
 -78.984  147.756 -166.780
 -71.572  150.080  172.224
 -71.667  152.302  168.169
 -76.626  158.036  179.824
 -88.060  141.285  165.660
 -59.786  142.859  169.258
 -60.178  139.507  162.688
 -71.807  141.756  177.019
 -62.279  145.052  164.858
 -72.346  143.741 -162.929
 -76.991  145.205 -173.395
 -79.669  143.370  173.886
 -76.091  138.638 -178.049
 -83.557  146.947  159.487
 -70.127  155.415  173.193
 -81.930  154.336  162.752
 -61.933  153.461  157.655
 -81.447  154.271 -175.685
 -69.221  168.174  178.441
 -68.216  153.190 -170.855
 -80.794  161.058  168.565
 -62.189  147.742  179.131
 -71.235  153.371 -174.666
 -68.255  153.330 -178.279
 -78.841  144.142 -175.406
 -75.200  148.878  152.377
 -73.386  149.863  160.773
 -77.819  153.715 -176.069
 -59.250  153.685  173.619
 -59.164  148.779  172.561
 -72.306  139.110  164.470
 -86.908  151.902  177.685
 -73.860  142.469 -177.612
 -70.269  152.652  176.005
 -80.798  143.810  174.081
 -69.631  142.354  175.095
 -79.263  147.899  179.326
 -74.967  138.881  179.785
 -80.073  152.500 -162.573
 -87.967  146.023 -171.545
 -72.625  143.366  179.819
 -70.452  148.365  176.948
 -81.629  157.399  165.017
 -66.660  146.761  163.953
 -86.045  155.650  158.400
 -62.391  138.088  171.694
 -79.136  154.629  169.512
 -70.294  151.335 -179.905
 -71.845  148.337  171.801
 -71.812  152.302 -176.630
 -85.404  143.863  172.641
-100.270  143.654 -170.545
 -76.978  148.535  164.464
 -68.271  154.164  170.742
 -76.592  153.094  174.989
 -72.123  158.849  172.700
 -68.450  150.585  163.696
 -93.533  157.149 -169.888
 -67.518  144.873  171.316
 -72.580  141.656 -170.630
 -78.689  143.704 -179.372
 -76.142  160.744  173.474
 -98.187  154.965 -167.667
 -62.966  146.759  177.444
 -74.108  155.994 -179.864
 -78.737  150.673 -179.202
 -78.649  152.600  168.101
 -75.190  152.011  174.629
 -73.347  151.861 -177.817
 -67.485  155.866  154.748
 -72.791  149.898  161.392
 -73.861  156.284 -179.753
 -65.170  154.408  175.902
 -77.076  148.405 -177.736
 -69.028  152.230 -179.599
 -53.689  138.154  157.869
 -71.227  143.785 -174.867
 -81.532  154.931 -174.350
 -64.775  147.225  166.231
 -75.625  149.264  178.038
 -81.772  147.443 -161.438
 -90.186  162.704  172.241
 -72.815  146.217 -172.539
 -70.441  161.594  176.977
 -67.441  146.303  173.216
 -72.572  142.222 -176.535
 -56.471  158.303  160.190
 -81.891  153.516  168.559
 -68.284  154.060  178.867
 -77.618  148.694  164.077
 -70.020  146.014 -179.139
 -65.707  147.909  173.125
 -78.648  157.972  176.751
 -72.542  151.687 -175.808
 -83.715  157.409  156.824
 -78.857  156.112  163.060
 -72.992  139.268  179.454
 -74.175  145.904  174.081
 -71.670  156.144 -172.980
 -72.496  150.555  171.967
 -61.435  158.619  159.247
 -71.345  148.578  160.507
 -70.283  155.298  164.504
 -79.133  150.675  178.083
 -69.471  140.453  165.119
 -65.884  134.499 -172.524
 -74.288  155.475 -167.645
 -75.944  145.133  179.226
 -73.199  139.571  175.085
 -84.354  144.969  162.795
 -71.509  152.578  164.349
 -88.243  142.681 -169.140
 -79.939  146.515  179.500
 -78.531  146.201  173.788
 -83.118  138.996 -151.629
 -78.090  138.593  153.725
 -70.510  131.555  177.074
 -76.021  141.659  179.547
 -70.204  151.885  164.776
 -75.092  147.174  170.206
 -68.516  156.756 -174.591
 -85.176  150.407 -175.085
 -76.116  156.716  160.462
 -66.492  155.207  150.711
 -58.547  147.805  166.953
 -66.978  152.394  179.201
 -70.256  145.140  172.456
 -73.942  155.133  166.547
 -74.722  150.233  166.993
 -73.216  140.461 -179.129
 -63.001  143.869 -174.192
 -70.054  148.967  165.144
 -57.932  144.537 -176.140
 -62.398  159.030 -166.620
 -76.190  148.553 -175.097
 -76.247  146.349  172.855
 -74.519  146.526  154.729
 -70.440  149.389  167.145
 -68.991  154.257 -175.885
 -59.710  149.537  161.101
 -69.773  138.619  174.730
 -73.848  157.981 -174.172
 -82.127  159.299  171.495
 -83.099  157.200 -179.040
 -73.136  160.008  168.513
 -85.009  148.323 -177.669
 -74.160  152.593  179.523
 -79.207  136.056  176.195
 -76.547  143.992 -177.436
 -71.589  155.044 -178.442
 -75.201  163.672  171.759
 -70.176  162.560  174.242
 -71.033  148.350  166.958
 -70.294  162.227  177.359
 -73.342  159.525  171.322
 -76.523  142.280  178.337
 -73.745  154.312  178.526
 -68.693  137.698  169.189
 -75.526  159.151  170.235
 -75.536  143.201  173.595
 -69.707  139.107  173.058
 -76.331  155.200  170.582
 -85.583  153.962  167.549
 -74.874  150.967  177.377
 -67.254  154.998 -178.860
 -76.855  145.462 -159.396
 -78.959  146.273  172.538
 -73.334  149.841 -176.666
 -62.810  156.317  169.694
 -68.650  155.814 -179.524
 -70.947  133.919  174.174
 -80.969  159.118  175.191
 -65.599  168.373  154.545
 -81.347  147.848  179.419
 -67.136  163.780  172.070
 -77.487  158.826  172.189
 -70.360  139.770  169.263
 -76.348  142.073  160.489
 -79.791  142.706  160.465
 -72.865  152.031  166.614
 -65.646  149.140  171.424
 -71.254  155.268 -175.184
 -80.282  158.755  165.013
 -77.111  136.458  170.214
 -65.920  143.238  172.700
 -65.894  156.030  164.327
 -80.261  154.222 -179.203
 -60.640  144.138  176.726
 -74.233  143.187 -173.753
 -83.366  154.014  178.654
 -60.783  160.686 -177.337
 -73.044  145.104  179.156
 -81.769  157.239  170.137
 -68.077  152.613  168.955
 -72.998  150.943  154.881
 -84.980  136.695  174.975
 -67.343  149.817 -175.624
 -82.028  151.632  173.950
 -75.049  152.813  172.038
 -71.754  132.837  174.904
 -73.434  149.888  169.895
 -93.053  134.732  177.805
 -76.612  153.849  172.893
 -84.851  155.126  158.210
 -61.011  137.888  170.195
 -76.119  150.401  171.571
 -83.136  157.017  163.712
 -79.330  150.325 -176.454
 -82.493  149.177  161.283
 -72.291  145.963  154.645
 -68.216  152.162  166.939
 -82.441  149.253  171.544
 -62.304  134.496 -178.102
 -67.996  141.331 -173.012
 -75.445  140.255 -171.435
 -80.072  151.226  171.272
 -77.844  141.394  170.257
 -70.259  145.629 -177.048
 -73.090  143.510 -175.998
 -83.953  167.257 -177.166
 -74.187  157.239  172.539
 -78.217  148.482 -174.379
 -61.889  145.876  178.673
 -67.890  155.737 -176.514
 -94.578  145.569  166.712
 -58.773  151.779 -176.214
 -77.480  148.616  167.178
 -73.956  153.266  172.344
 -69.435  149.542  170.774
 -74.255  156.506  170.373
 -70.958  151.398 -179.393
 -81.704  148.679  173.017
 -67.564  147.604  179.864
 -72.220  154.473 -177.089
 -75.399  147.337 -178.246
 -77.419  149.483  169.650
 -66.370  138.267  179.830
 -67.205  145.038 -179.966
 -60.800  155.850  169.300
 -81.677  148.355 -177.591
 -69.529  149.375 -174.551
 -63.736  152.634  175.037
 -72.170  154.619  177.680
 -78.018  147.862  175.275
 -73.434  157.340 -160.483
 -69.701  143.111  178.110
 -71.036  142.220 -172.608
 -78.080  141.090 -179.866
 -67.675  146.951  168.392
 -62.582  163.084  164.972
 -78.595  157.133  173.408
 -69.805  147.028  179.368
 -73.791  158.227  174.205
 -86.867  146.695  163.116
 -77.846  147.478  165.894
 -74.802  152.273  167.450
 -78.662  143.994 -172.322
 -75.174  150.680  178.738
 -74.568  153.516  177.295
 -63.901  149.712  165.997
 -64.774  153.010  168.949
 -60.319  143.835  178.254
 -59.977  156.695  175.835
 -68.469  153.788 -175.550
 -72.394  156.266 -167.194
 -71.212  152.376 -166.783
 -77.529  149.997 -173.596
 -74.547  136.030  169.699
 -73.749  143.991  167.568
 -68.293  155.321  179.278
 -83.242  145.815 -175.230
 -74.131  143.326  179.694
 -83.233  147.748 -179.568
 -78.749  152.370  175.480
 -85.596  161.502  159.360
 -67.801  150.325 -176.381
 -70.692  143.576  172.898
 -72.712  134.937  175.713
 -72.327  136.146 -178.399
 -74.860  155.994  171.282
 -71.214  141.441  179.396
 -62.196  149.610  163.911
 -67.253  152.590 -178.366
 -91.157  148.533 -176.019
 -82.802  144.624  157.872
 -71.966  148.960  159.270
 -67.266  152.975  166.031
 -68.268  152.129  164.806
 -62.044  152.016  163.486
 -80.605  155.401 -166.957
 -82.374  139.903 -174.159
 -78.202  163.217 -179.579
 -69.424  157.113  175.623
 -75.345  154.734  179.420
 -76.851  161.300 -168.256
 -61.739  148.882  174.122
 -73.625  152.212  168.661
 -65.142  155.488  178.827
 -80.844  159.464  178.596
 -74.792  155.346  178.085
 -66.323  145.538  176.320
 -75.324  154.920 -176.507
 -74.871  138.015  162.939
 -54.379  146.079  168.671
 -76.528  147.744  175.748
 -74.335  145.090  157.423
 -78.301  152.770  177.310
 -70.530  149.591  170.478
 -79.522  151.891  170.914
 -74.476  152.428  169.582
 -85.037  152.518  172.956
 -69.142  153.477  177.593
 -80.495  138.779  178.798
 -85.358  135.264 -172.526
 -72.012  151.943  169.521
 -79.013  153.485 -177.357
 -74.588  131.830 -176.141
 -77.966  152.598 -177.719
 -76.828  127.479  171.402
 -80.076  145.633 -175.270
 -58.341  150.728  171.835
 -79.979  136.287  178.557
 -84.392  164.737  167.115
 -84.491  165.402  173.021
 -73.233  158.332 -179.382
 -84.294  149.694 -175.217
 -71.858  140.929  179.944
 -67.770  142.336  160.465
 -74.746  156.740 -179.588
 -68.523  152.255 -172.470
 -82.439  149.916  144.668
 -69.405  149.558  164.823
 -67.431  153.588 -175.480
 -65.858  141.564  176.071
 -75.333  142.198  174.145
 -69.001  141.352  170.127
 -75.868  149.890  162.551
 -69.247  146.096  174.540
 -65.047  147.084 -172.652
 -74.413  146.007  176.809
 -72.132  146.526  176.143
 -73.593  155.724  167.898
 -76.876  147.608 -171.540
 -77.516  155.282  172.371
 -75.549  142.534  175.150
 -63.633  135.944 -175.620
 -78.082  158.594  170.050
 -65.957  154.646  162.509
 -72.647  150.540  176.570
 -80.869  151.089  170.159
 -77.504  135.006  175.663
 -77.099  161.751  176.893
 -71.996  158.516  170.839
 -79.403  150.970 -175.819
 -75.923  154.622 -164.490
 -83.769  150.611 -178.794
 -81.382  144.058 -167.907
 -74.800  145.428 -173.521
 -68.055  144.724  168.982
 -77.340  148.701 -175.315
 -59.236  147.351  177.167
 -76.672  153.224  176.701
 -71.899  152.014 -177.514
 -84.729  137.973  165.703
 -64.863  147.360  176.371
 -69.425  143.371  171.068
 -66.368  148.062  167.248
 -76.934  155.305 -176.457
 -77.243  160.443  160.919
 -84.848  145.420 -174.889
 -89.621  145.136  167.161
 -80.142  138.959 -172.285
 -74.520  161.408  170.518
 -71.029  147.339  168.293
 -61.617  138.855 -175.247
 -72.490  147.783  177.208
 -86.190  143.113  176.513
 -76.741  134.641  168.412
 -68.884  155.307  168.121
 -81.811  132.308  169.370
 -79.117  142.784  168.780
 -73.096  138.966  176.263
 -69.844  154.006  178.279
 -79.461  153.020  177.451
 -57.345  153.479  160.451
 -83.509  148.920 -170.821
 -68.239  145.948 -162.653
 -85.036  138.339  177.621
 -77.995  160.073  177.311
 -70.971  148.086 -177.886
 -68.509  142.709 -177.502
 -70.643  153.622  153.360
 -86.205  166.166  164.029
 -79.996  147.958  160.985
 -67.517  153.244  173.957
 -80.186  143.319  159.588
 -72.125  161.950  175.384
 -57.222  141.390  178.100
 -81.065  140.249  170.131
 -67.850  153.055 -171.551
 -74.837  146.350 -172.970
 -74.771  152.588  173.415
 -71.279  154.459  176.305
 -74.430  151.968  176.991
 -77.665  150.586  174.294
 -68.343  155.798  165.830
 -79.922  148.752 -178.354
 -73.970  154.574 -174.115
 -66.605  143.732 -177.631
 -84.056  135.905 -168.411
 -76.859  163.514  179.863
 -60.926  151.832  178.576
 -80.416  145.690 -178.975
 -74.149  148.303  171.333
 -65.619  157.547 -172.669
 -62.529  140.694 -173.880
 -71.541  151.046  171.037
 -80.903  153.887  177.319
 -73.663  146.245  174.712
 -70.478  145.950  179.449
 -80.931  146.435  173.656
 -76.474  145.318 -179.392
 -65.825  156.176  154.108
 -70.406  151.922  168.116
 -69.478  154.162  164.403
 -82.381  148.882  176.720
 -85.193  151.131  177.092
 -81.300  146.544  167.886
 -67.890  141.641  148.405
 -73.750  150.215  174.229
 -71.295  155.767  179.883
 -75.809  142.311  169.869
 -75.052  143.896  173.174
 -71.364  147.599  172.660
 -77.815  153.271  169.832
 -75.517  145.515 -178.842
 -79.437  142.114  173.821
 -79.229  161.225  172.754
 -82.565  143.602  174.778
 -80.379  144.778  172.181
 -66.922  165.670  157.073
 -64.520  150.107  169.946
 -80.319  158.922  175.719
 -80.781  144.783  177.417
 -79.763  147.592 -171.754
 -75.426  145.101  174.874
 -67.417  149.919  168.349
 -68.179  148.694  176.666
 -78.491  163.348 -179.336
 -63.231  161.137  168.797
 -76.408  161.041  157.973
 -73.781  159.833 -178.237
 -78.939  153.051  168.243
 -70.744  152.209  179.742
 -84.490  146.288  175.816
 -77.559  151.415 -172.904
 -85.511  151.276  169.929
 -74.075  148.882 -179.809
 -76.312  155.274  171.565
 -60.469  147.112  167.899
 -71.890  163.212  177.833
 -70.101  147.977  156.830
 -82.173  137.243 -178.288
 -83.615  148.211  177.087
 -73.362  146.679  175.083
 -89.167  151.832  160.519
 -75.301  144.391  145.123
