-154.604  158.959  179.595
-150.198  154.704 -173.941
-128.826  138.159 -165.659
-143.957  141.278 -178.471
-146.348  156.405 -173.212
-152.148  151.529 -171.159
-151.270  149.363 -171.745
-151.227  157.319  179.623
-156.873  153.467 -164.171
-145.714  145.944  172.229
-152.427  156.406  171.066
-148.205  158.502  171.720
-140.233  150.466 -179.912
-150.377  159.301 -179.316
-148.268  152.775 -176.367
-149.839  144.284  171.267
-142.004  163.856  167.688
-146.751  155.961  168.670
-142.243  159.264  164.945
-152.375  157.422  179.430
-140.397  170.061 -156.957
-146.968  143.185  160.031
-138.447  149.662 -179.225
-149.857  147.905 -169.747
-143.977  143.250  179.319
-144.830  142.297  164.481
-141.752  153.727 -176.600
-154.317  161.247 -175.526
-142.190  146.990  169.666
-146.056  154.716  170.868
-142.267  163.574  174.150
-147.698  147.270 -171.635
-140.552  150.964  158.499
-159.478  155.844 -175.181
-156.823  158.654 -177.732
-141.392  152.518 -175.472
-144.984  148.526 -173.480
-149.946  141.847 -177.034
-155.788  156.010 -173.502
-143.866  143.669  154.905
-146.646  150.537 -173.183
-155.760  146.830  178.859
-139.187  145.494  177.443
-147.981  161.049 -176.983
-151.019  163.091  176.042
-141.863  156.978  179.622
-154.297  158.618 -178.756
-151.400  144.104  159.585
-130.698  153.054  167.653
-154.651  154.519  178.126
-149.714  159.191  178.409
-143.493  162.803 -175.037
-134.038  152.659 -177.475
-162.401  148.476  173.484
-140.742  146.704 -165.304
-168.505  163.008 -163.052
-157.526  151.447 -177.092
-142.012  160.501  171.176
-161.798  136.229 -176.475
-156.283  145.662  177.782
-166.520  152.062 -173.020
-156.192  151.158  175.632
-154.355  140.606 -176.850
-146.754  168.243 -173.780
-137.200  152.649  174.956
-137.307  153.656  175.729
-143.672  144.500  172.644
-137.093  156.888  173.686
-156.354  154.416 -175.853
-148.619  150.883 -171.430
-144.162  146.255  167.172
-152.216  159.814 -176.265
-143.993  156.049  162.839
-141.833  156.358 -172.609
-142.412  163.290  167.237
-164.789  140.670 -172.854
-148.956  157.862 -172.760
-160.862  158.311  178.115
-149.293  158.800 -178.322
-144.741  154.719  164.330
-146.303  155.234  168.679
-155.874  156.161  177.200
-154.586  161.488 -172.726
-131.087  157.305 -179.712
-156.697  160.453  166.789
-159.598  161.068 -166.983
-140.048  155.038  164.557
-145.802  155.521  164.184
-139.311  165.718  172.636
-147.586  155.362  157.178
-150.058  143.128  159.208
-160.535  147.972  178.333
-153.453  161.053  173.326
-152.219  154.645  149.748
-151.963  154.664  160.107
-145.757  154.547  162.963
-156.359  151.639 -170.394
-142.581  153.726 -179.795
-148.686  140.324 -167.815
-154.084  155.126  170.079
-160.971  149.099  175.655
-141.815  149.650  168.421
-143.052  148.281  170.800
-138.526  139.253  172.137
-146.018  151.598  179.099
-140.196  146.275  170.355
-160.295  159.180 -175.752
-137.080  152.834  160.756
-152.764  151.696 -172.754
-165.478  161.142 -176.792
-153.552  163.580 -178.343
-145.926  153.328 -176.941
-148.079  155.647  170.449
-152.325  158.238  176.485
-138.873  153.663  179.247
-156.795  147.307 -167.035
-166.344  156.393 -159.283
-161.539  151.699 -160.083
-138.510  149.341  161.000
-154.457  149.683  173.294
-148.932  162.482  169.662
-149.322  163.933 -178.791
-146.474  155.146 -173.947
-153.588  152.994  178.225
-144.816  145.088  162.705
-150.438  151.402  176.181
-145.757  142.056  172.554
-141.977  133.728  173.506
-145.774  143.696  156.543
-154.730  148.102  168.235
-141.907  155.873  156.993
-143.081  153.465 -179.837
-143.046  155.142  176.941
-150.066  151.566  176.340
-156.641  156.543  155.481
-159.087  142.062 -169.331
-152.161  141.517  165.644
-158.520  134.096 -175.750
-146.751  136.317  172.796
-148.734  151.203  175.996
-158.139  159.944 -176.982
-141.242  153.410 -178.136
-155.838  159.188 -179.262
-153.013  158.031 -170.081
-140.740  158.718  174.691
-147.683  148.796  172.225
-154.582  153.983 -178.995
-157.787  155.295  167.613
-151.818  149.239  179.820
-149.300  155.901  178.845
-151.920  158.119 -177.651
-140.602  139.111 -173.942
-139.542  152.335  164.064
-146.838  156.618  172.937
-155.592  145.255  173.576
-147.288  151.208  173.689
-163.358  152.750  175.225
-147.215  150.107 -172.066
-138.672  143.380  172.099
-149.435  158.756 -173.305
-136.816  146.271 -178.853
-152.647  161.056 -167.799
-150.168  163.447  170.803
-140.481  153.377 -178.539
-140.861  143.906  167.642
-148.984  155.164  173.653
-147.736  154.110  179.563
-140.269  138.957  162.126
-149.722  144.680 -174.014
-155.448  149.968 -177.754
-137.618  160.535  166.998
-147.660  154.592  178.486
-133.495  142.343  167.762
-141.431  145.472 -174.103
-148.248  153.139 -170.639
-151.288  157.942  164.414
-161.109  157.285  172.354
-158.612  162.201  165.421
-148.720  145.495 -163.070
-162.067  150.188 -174.921
-164.162  146.196 -175.425
-139.428  154.414  159.305
-142.621  150.265  174.414
-147.888  149.337 -178.074
-157.792  151.045  164.079
-147.449  167.680  161.927
-161.000  161.899  177.377
-158.707  153.272 -176.742
-155.482  141.463  173.557
-148.506  149.469 -173.929
-152.355  157.632 -175.525
-154.991  148.238  171.252
-154.479  161.879  174.580
-146.429  155.677 -179.274
-146.522  151.585  166.971
-151.631  155.815  179.589
-165.059  163.880  173.879
-142.138  150.282  167.705
-142.691  148.946  157.749
-155.951  156.696 -175.087
-157.543  165.462  172.022
-140.771  149.128  177.084
-162.023  147.099  175.723
-151.711  137.576  173.230
-174.588  154.953  179.581
-150.930  165.153  155.969
-162.810  141.738 -177.512
-148.743  164.463  171.412
-133.759  144.159  174.817
-165.112  156.893  176.816
-143.583  142.574  174.061
-150.827  154.923  171.237
-151.582  134.067  160.910
-163.529  144.585 -177.218
-156.512  149.574  178.794
-138.896  163.177  169.892
-153.474  144.422  174.321
-144.685  146.006  178.942
-133.252  159.194  162.298
-153.296  141.152 -175.821
-149.400  145.829 -175.517
-147.670  157.807  171.718
-149.742  142.616  166.472
-150.956  151.708  169.424
-153.338  158.893  176.415
-159.727  149.240 -179.534
-150.188  149.465  165.026
-156.774  164.977 -172.394
-158.124  142.889  177.279
-149.839  154.303  177.757
-151.712  145.200  174.341
-149.422  144.356  172.543
-164.097  150.020  170.761
-149.989  140.106  168.371
-151.884  162.768  173.112
-157.202  146.184 -177.781
-153.829  142.194  164.239
-147.209  152.908  170.099
-149.506  155.087 -177.753
-146.543  147.904  164.995
-145.824  167.436  178.783
-147.252  147.411  171.615
-146.055  163.960 -179.199
-147.934  144.349 -178.550
-149.926  139.403 -173.406
-150.998  150.008  179.140
-138.073  151.419  165.280
-138.419  142.980  178.853
-153.802  162.618  175.026
-138.884  161.837 -159.205
-142.268  153.848  172.528
-154.341  152.953  172.140
-152.737  159.487 -174.361
-154.415  153.611  157.603
-154.899  156.717  164.191
-149.191  153.727  169.432
-160.875  142.613 -178.271
-144.711  144.445  164.813
-139.634  147.122  165.743
-146.452  131.785  174.825
-136.905  153.214 -176.746
-146.977  151.470  169.583
-155.257  158.921 -179.080
-158.918  142.372 -171.930
-152.868  152.977 -178.378
-153.255  162.946  173.290
-166.253  151.386  170.709
-156.946  154.532  176.014
-159.993  160.597  178.670
-155.712  148.528 -167.638
-150.107  146.719  168.627
-150.045  152.333 -174.899
-146.474  158.973 -174.678
-143.476  149.478  174.663
-149.152  139.892  178.939
-160.109  158.930  174.706
-139.562  159.717  163.810
-155.047  155.846  174.406
-131.951  147.558  177.177
-145.895  160.040  169.095
-140.316  151.515  177.951
-153.833  148.018 -176.490
-159.858  158.967 -175.108
-152.611  153.628 -176.624
-145.707  171.234  173.597
-152.062  164.281  178.983
-140.060  152.375  157.765
-158.474  158.228  157.311
-147.080  152.650 -171.717
-148.797  156.187  175.006
-149.462  144.610  176.321
-149.805  142.569 -179.845
-158.355  153.940 -174.255
-150.692  153.377 -173.642
-142.677  153.102  163.942
-155.693  145.376  175.670
-160.162  159.759  175.406
-163.152  144.496 -163.944
-146.451  150.788  176.879
-145.894  148.205  177.791
-141.116  150.025  152.932
-147.430  152.422  177.748
-150.599  151.688  167.937
-142.994  146.344 -169.241
-148.868  140.583 -178.845
-142.657  144.527  169.217
-140.390  142.053  176.241
-152.637  154.891  168.586
-143.945  154.082  172.971
-151.071  156.080 -178.773
-138.370  139.313 -178.695
-144.944  151.694  178.108
-159.601  148.037  176.143
-145.116  143.078  165.589
-143.983  153.402  163.843
-153.487  156.765  172.021
-147.943  165.564  167.980
-150.165  148.130  175.071
-146.427  161.127 -179.893
-154.164  148.279  175.051
-157.055  149.372 -179.333
-144.517  155.704  170.467
-146.281  152.993 -169.029
-151.257  167.853  167.227
-144.919  158.090 -170.241
-151.687  150.019 -179.473
-157.341  164.001  178.511
-135.124  156.568 -172.368
-152.872  160.846 -178.639
-151.837  158.932  179.783
-154.814  141.307 -167.301
-148.398  159.746  165.868
-156.752  141.948  176.502
-156.109  141.404  174.427
-166.825  142.498 -172.525
-155.638  131.557  168.801
-145.996  140.268 -168.275
-143.345  146.116  164.644
-148.115  165.326 -179.178
-145.624  156.281  173.195
-141.814  136.723  175.541
-151.147  146.465  178.835
-136.541  156.738 -169.905
-172.144  147.536 -173.241
-152.711  155.980  173.481
-143.332  155.206  170.439
-140.795  164.408  175.740
-151.306  143.458 -162.004
-146.660  153.656  178.444
-147.922  159.628  177.199
-147.590  148.648  159.261
-154.036  149.121  172.471
-153.973  162.066  176.863
-148.563  163.607  171.747
-148.120  146.626 -168.290
-150.186  155.041  171.360
-149.514  160.980 -175.006
-166.127  156.665 -172.970
-156.876  157.405  155.320
-149.742  144.792  175.308
-148.960  147.470  173.113
-148.649  141.374  176.796
-164.737  142.428 -178.193
-151.879  155.588 -176.446
-144.133  153.160  179.892
-159.295  136.025  179.492
-158.204  154.048 -170.084
-145.858  154.130 -176.271
-149.989  154.372  173.239
-149.173  143.055  162.369
-150.098  151.476 -166.306
-159.531  137.867  179.653
-148.022  142.206 -179.895
-158.955  155.110  177.916
-148.144  143.499  177.488
-158.451  151.204 -177.814
-155.547  164.299  164.937
-155.215  163.500  149.963
-146.298  165.275 -158.237
-136.200  150.984  168.724
-145.423  153.248 -174.534
-146.075  155.514 -173.287
-149.673  157.962 -178.450
-137.928  165.787  166.176
-148.209  158.194  168.323
-162.951  147.690  176.141
-153.215  154.663 -172.446
-153.112  158.895 -177.938
-159.498  141.361 -165.648
-147.099  142.872  178.694
-148.789  151.003 -168.359
-137.216  161.713  178.543
-151.501  149.828  171.176
-147.713  157.280  171.186
-152.045  146.782 -172.747
-159.912  161.059 -179.327
-146.982  144.103  174.838
-148.738  146.660 -173.128
-142.793  156.071  160.109
-157.494  144.610 -171.579
-148.557  151.980 -174.326
-134.252  160.335 -179.677
-146.644  159.380 -174.601
-154.869  153.620  168.407
-150.645  145.315  162.184
-149.793  141.396 -171.728
-162.420  158.951  175.475
-154.630  146.230 -165.930
-141.148  144.936  168.202
-152.495  158.157  179.230
-149.726  152.495 -173.187
-157.884  136.973 -171.042
-146.583  158.257  171.342
-157.080  154.319  154.092
-141.041  144.653 -160.950
-137.349  156.834 -178.822
-144.245  161.296  177.081
-142.231  152.418 -176.629
-164.956  151.992  175.548
-141.637  151.959  169.115
-140.042  144.194  171.426
-160.486  141.821 -179.488
-153.695  147.152  168.128
-144.252  140.732 -172.646
-154.408  152.564 -171.041
-145.144  150.481 -177.290
-159.418  150.567  172.822
-138.530  150.556  159.323
-155.150  151.642  172.624
-153.924  163.142  177.961
-145.976  152.885 -176.454
-147.986  147.649 -176.499
-158.148  154.320  174.699
-148.003  152.661  162.382
-154.301  152.949  179.956
-153.897  160.549 -174.985
-150.669  147.478  169.676
-141.720  166.199  170.718
-159.519  147.165 -169.341
-143.813  157.091 -175.385
-148.310  154.282  167.370
-152.436  151.518  179.856
-149.780  148.275  162.411
-152.619  146.553  160.707
-149.988  138.674 -179.394
-159.178  161.624 -170.365
-148.185  137.974  166.153
-144.446  153.721  174.781
-148.163  150.772  172.837
-148.091  135.516 -177.332
-144.332  148.989  177.684
-147.237  155.577  172.531
-152.555  150.698 -164.971
-151.546  157.553 -172.014
-141.218  152.985  170.492
-143.848  158.251  178.564
-143.563  146.888  172.043
-153.543  136.333  171.380
-154.254  162.202  177.234
-151.126  148.039  177.328
-150.722  150.648 -173.633
-154.912  153.394 -172.529
-153.195  142.420  170.198
-147.263  158.716 -168.334
-154.944  154.663 -177.806
-168.389  138.642 -173.319
-155.062  149.551  179.544
-137.739  155.282  153.488
-143.634  152.194  159.268
-154.858  152.538  179.179
-156.539  153.601 -176.040
-133.373  139.414 -166.580
-147.532  152.297 -171.893
-152.935  158.164 -177.941
-141.500  152.158  170.079
-138.197  147.717  163.717
-153.132  145.463  169.806
-151.642  144.056  171.478
-144.930  156.498  173.193
-146.837  148.296 -173.820
-152.239  159.471  175.186
-151.814  155.294 -179.818
-148.054  153.745  165.364
-143.227  145.617 -177.610
-156.639  155.835  173.231
-163.033  137.558 -179.792
-169.275  163.405  168.787
-152.144  140.043  170.728
-143.416  155.948  162.932
-144.396  144.289  176.553
-146.634  146.350 -176.656
-152.492  141.164  176.412
-144.045  157.338 -175.441
-145.914  140.975 -168.686
-150.376  150.890  171.242
-145.009  165.668 -179.273
-146.956  151.883  169.310
-157.976  156.732 -172.091
-147.734  158.106  175.669
-160.760  153.146 -166.607
-156.221  148.358  171.448
-149.301  159.638  161.187
-137.163  153.897  164.134
-148.636  145.113 -173.528
-143.607  162.927 -176.421
-130.446  153.745 -166.864
-150.999  151.917  179.488
-138.973  147.453 -178.318
-138.710  147.300 -168.224
-142.088  144.149 -169.792
-164.788  162.496 -175.559
-152.019  149.629 -171.487
-149.957  146.831 -166.239
-142.632  152.181  168.893
-156.572  152.911  168.834
-150.488  149.587  169.932
-153.827  158.107  174.040
-152.995  151.048  158.962
-149.640  161.011 -177.680
-143.856  145.824  173.162
-155.530  141.383  171.034
-140.526  156.375  172.890
-140.406  156.687  173.516
-146.954  138.299  174.678
-152.713  159.717  175.558
-139.715  158.758 -179.972
-160.250  160.625 -175.099
-147.955  156.687  156.611
-160.011  146.986  173.792
-150.131  154.031  172.606
-133.547  153.770 -176.901
-148.182  147.331  178.068
-150.462  142.372  174.863
-160.431  153.292 -178.630
-148.136  141.157  172.757
-145.744  154.072  175.787
-157.840  148.725 -163.249
-147.524  149.019 -168.794
-157.157  130.286 -178.485
-154.024  150.896  176.974
-161.963  143.573  174.434
-159.013  148.979  174.022
-149.286  136.581  163.193
-160.918  161.175  176.376
-147.990  158.323 -172.209
-135.419  161.086 -179.873
-140.091  156.238  175.133
-141.355  153.910  162.790
-142.071  146.833  175.968
-144.180  164.082  175.084
-146.348  148.646  169.340
-135.245  151.337  165.145
-160.255  147.834  175.922
-150.904  145.745  165.755
-149.099  147.912  172.421
-167.447  152.194  173.628
-155.656  145.728 -179.199
-158.261  155.563  169.948
-152.002  165.062 -179.358
-150.648  154.692 -173.404
-149.735  151.304  179.307
-145.068  152.519 -178.010
-150.552  141.121  172.738
-149.433  162.417  176.385
-136.411  153.785  178.357
-155.278  149.765 -177.873
-152.128  143.394  177.094
-154.673  153.690  178.181
-153.419  147.399  173.020
-144.732  150.742 -179.852
-154.264  128.279 -172.196
-164.758  165.031  175.804
-146.697  156.845  166.407
-159.999  158.828 -177.629
-141.912  156.382 -174.960
-149.925  145.883 -175.566
-146.193  146.624  170.576
-155.014  149.028 -178.501
-151.593  157.755  172.942
-150.239  166.498  171.092
-155.444  154.322  167.590
-147.418  164.310  169.326
-143.053  157.663  178.884
-148.446  142.598  146.616
-148.386  148.709  170.755
-153.291  143.904  168.226
-141.966  141.053 -175.417
-139.260  150.669  168.610
-148.480  148.743 -168.045
-156.139  148.876  176.973
-148.008  141.855 -176.978
-143.191  145.170  175.913
-152.974  154.954 -177.051
-143.741  148.672 -158.230
-149.407  163.639  174.211
-124.529  165.119  169.876
-142.283  136.773  174.363
-150.768  141.242 -176.983
-150.069  150.673  177.594
-169.467  139.917 -170.055
-138.518  146.975  156.092
-136.955  154.966  167.326
-144.898  149.838  168.681
-153.535  143.954 -178.992
-151.638  141.437 -177.420
-141.171  153.372  168.620
-142.976  154.052 -174.712
-142.126  142.987  178.461
-151.963  131.009 -173.526
-153.697  154.740 -177.833
-143.122  141.271  172.444
-159.302  152.702 -169.141
-162.933  145.618  174.548
-133.354  144.954  167.519
-147.787  150.670 -176.312
-149.948  152.064  172.221
-139.681  150.418  173.621
-144.851  161.243  166.191
-141.458  141.512  176.790
-151.139  154.624  173.328
-154.138  149.224  169.696
-150.957  152.508 -174.907
-150.863  151.428 -173.870
-133.754  150.735 -174.669
-141.213  148.317  178.688
-146.091  140.666  162.041
-148.350  149.893 -170.609
-164.730  150.705 -160.960
-149.572  145.915 -179.266
-147.929  154.995  177.840
-149.856  163.522 -173.765
-144.696  165.150  169.285
-150.164  157.286 -176.985
-156.645  144.051 -178.517
-153.899  152.055  178.165
-154.231  147.000  178.420
-146.650  147.104 -171.879
-162.621  158.859 -170.824
-152.700  141.819 -170.920
-147.659  157.989  164.115
-154.029  149.602 -179.506
-144.883  147.217  165.762
-151.313  158.591  176.181
-148.169  152.346  179.436
-134.706  151.425  161.721
-152.486  142.260  176.865
-151.713  141.423  174.529
-140.485  158.181  167.350
-149.581  143.361  178.264
-140.912  137.432  165.374
-151.136  146.060  167.661
-150.060  146.118  163.992
-152.675  145.760  177.261
-160.130  140.823  175.330
-140.963  157.262  162.928
-146.514  156.441  165.780
-144.182  151.463  168.659
-147.687  163.621  176.429
-155.769  148.095 -171.639
-149.063  162.763 -169.682
-135.800  152.976  159.912
-146.403  166.712  177.220
-151.450  149.262  170.195
-138.267  153.900 -166.920
-137.547  149.268  164.443
-148.055  138.363  170.532
-149.393  148.220  167.379
-146.136  155.092  170.544
-139.164  156.193 -156.734
-155.588  149.809 -176.897
-141.321  149.714  148.928
-154.088  144.807  171.255
-158.076  146.632  168.183
-142.338  143.811  174.818
-157.889  149.770 -176.533
-151.571  144.737  171.326
-146.348  150.148 -167.077
-150.796  152.939  158.918
-152.495  141.940 -178.911
-162.803  148.206 -179.488
-148.211  151.168 -172.566
-148.081  159.788  165.428
-146.961  150.062 -170.629
-154.920  144.977 -178.208
-151.486  153.030  169.083
-148.532  156.400  165.393
-165.243  164.736 -179.783
-155.511  150.996  172.860
-147.959  160.194 -174.365
-142.711  158.919 -175.188
-152.450  151.715  169.314
-148.696  162.211  165.901
-144.296  160.117 -169.240
-153.811  142.204 -177.433
-152.314  138.796  178.155
-139.578  150.264 -179.302
-160.386  150.455  170.720
-153.570  158.149  172.889
-144.480  156.875  159.272
-145.742  153.123 -170.676
-147.271  148.363 -172.699
-129.934  155.236 -172.837
-135.686  153.639  166.479
-151.946  152.466  166.255
-148.192  144.382  170.498
-162.087  154.019  166.087
-138.796  156.395 -178.881
-147.259  142.015  157.396
-161.438  150.154 -160.737
-149.679  147.750  172.147
-156.981  161.783 -177.398
-151.202  153.570  176.542
-156.031  150.267  172.218
-152.699  166.865  174.563
-147.729  146.858  159.727
-144.397  163.957  171.010
-153.342  156.177  173.954
-161.563  139.512 -160.989
-144.311  146.433 -171.338
-158.663  153.455 -175.468
-155.520  170.265 -163.895
-140.869  147.569 -174.786
-161.414  155.836 -178.663
-151.892  161.661 -162.294
-143.909  145.642 -178.304
-154.511  151.281 -176.837
-163.263  155.606 -177.948
-145.308  153.565 -176.062
-153.827  149.088  163.148
-150.473  156.896 -175.508
-140.534  148.316  174.303
-160.589  161.525  175.312
-156.635  148.256  174.082
-146.167  141.605  178.223
-147.712  143.687  177.209
-149.232  135.604 -178.083
-148.867  143.401 -176.630
-168.452  150.791 -177.189
-150.125  154.642 -177.955
-151.855  155.654 -169.054
-138.666  158.128 -175.401
-156.136  153.904  172.868
-140.806  152.962  171.137
-138.738  146.307  179.026
-152.392  144.971 -168.300
-142.723  139.338  167.188
-145.557  148.326  172.079
-159.883  144.618 -163.859
-152.513  159.334 -179.278
-150.890  153.540  170.496
-141.761  147.118  173.338
-139.668  151.806  169.815
-146.525  155.340  176.241
-147.343  153.930 -176.953
-150.512  157.768  171.897
-159.251  144.882  164.441
-142.279  156.957 -167.053
-152.939  150.904  168.787
-144.941  146.454 -172.024
-158.715  152.063  175.660
-145.290  157.728  169.991
-150.923  147.019  178.205
-148.583  149.908  176.585
-153.415  157.681 -169.619
-149.206  147.793  177.787
-152.641  145.813 -156.778
-156.052  160.457  178.118
-161.795  151.183 -178.595
-144.827  158.124 -178.917
-153.601  152.377  165.954
-157.246  146.736 -171.349
-148.187  160.109 -174.306
-151.227  152.633  172.930
-135.225  151.726  172.476
-157.612  144.601  174.478
-150.704  143.649 -173.776
-151.501  160.660 -178.785
-147.340  134.571 -178.033
-167.209  150.617 -176.742
-140.569  144.696 -174.384
-150.272  155.786  164.807
-151.282  153.317 -164.822
-143.161  157.110  178.933
-155.632  155.173  173.372
-153.920  153.244 -173.855
-147.063  150.098 -176.174
-144.619  156.166  178.390
-151.614  146.259  168.219
-152.901  157.811  175.212
-162.197  153.242  170.468
-149.949  153.151  174.904
-143.843  149.586 -168.284
-144.445  161.419  178.409
-138.723  150.818 -174.386
-148.738  151.598 -166.284
-159.354  157.900  177.246
-136.569  153.756  179.826
-141.748  161.397  176.096
-137.121  160.687  160.190
-142.642  151.087  159.231
-146.603  153.288  159.397
-149.465  153.353  177.950
-148.636  147.435 -177.725
-159.876  150.670 -171.749
-154.277  148.788  179.774
-151.337  150.464 -178.077
-147.259  152.613 -168.208
-148.034  142.983  168.604
-149.124  152.175  179.178
-145.128  149.957  176.609
-148.157  152.088  160.509
-148.041  142.471 -177.018
-137.498  139.798  167.545
-147.293  137.058 -172.104
-154.134  151.971 -177.506
-144.476  149.168  176.822
-155.246  148.138 -176.044
-144.903  159.864  167.440
-138.990  157.601  174.466
-138.470  154.822  166.444
-144.410  156.504 -174.829
-161.243  158.139 -173.019
-138.147  141.109  172.705
-157.443  158.421  177.268
-139.961  153.058  177.309
-149.125  154.224 -173.770
-149.059  147.384  162.918
-143.700  149.048 -158.317
-145.418  145.497 -179.453
-141.378  161.827  170.598
-154.495  169.947  166.419
-145.828  151.682  176.382
-144.736  152.420  161.423
-146.605  148.240  179.219
-157.442  150.065 -174.572
-149.915  146.179  177.040
-157.970  153.360  172.557
-142.345  153.554  178.028
-164.912  153.803  168.996
-143.408  143.669 -162.354
-149.926  152.163  171.189
-157.013  158.104 -172.059
-149.228  148.094 -179.660
-149.427  140.964  175.544
-149.353  156.443  178.768
-145.200  147.456  178.025
-140.089  144.619  163.332
-154.457  159.308  173.944
-148.700  147.485 -168.730
-158.645  150.280 -175.411
-157.762  162.789 -176.174
-149.929  157.158  167.114
-148.181  151.273 -167.494
-145.287  159.041  169.231
-149.023  151.815  164.439
-144.858  137.744  166.340
-152.870  159.119 -168.771
-145.206  156.800  176.776
-155.707  144.572 -164.516
-140.433  151.493 -171.218
-145.181  142.152 -178.519
-148.181  149.674 -171.090
-146.819  157.556 -178.273
-170.023  146.631  179.631
-154.076  157.869 -178.811
-150.085  143.965  166.613
-141.135  158.821  166.506
-159.492  149.073  175.578
-150.780  141.337  178.471
-148.182  146.819  175.180
-135.781  137.374  169.769
-154.391  151.521 -174.437
-154.105  153.886  173.575
-139.542  159.701 -175.725
-144.932  140.730 -174.589
-155.330  151.471  178.352
-140.872  142.978  168.551
-161.750  139.116  177.325
-138.135  142.059  164.401
-160.001  153.219  171.834
-140.055  144.477 -177.276
-153.037  157.692  174.991
-143.838  156.010 -171.475
-155.780  150.762 -175.542
-157.443  149.827 -173.504
-146.026  146.145 -169.804
-156.425  152.598 -177.648
-143.882  155.948  179.832
-154.242  148.690  177.554
-140.746  155.052  168.541
-147.430  167.801 -170.291
-157.451  161.967  157.569
-162.596  150.003 -173.956
-144.286  159.960 -179.741
-146.083  143.063  174.515
-144.268  157.088  173.033
-158.345  155.414  176.683
-151.093  144.516  177.126
-151.475  151.096 -173.489
-143.296  149.883  165.675
-155.160  154.292 -173.400
-152.550  151.902  167.924
-142.273  147.285  165.844
-148.028  142.180 -162.007
-147.767  152.791 -176.815
-160.978  151.158 -165.752
-146.799  140.295  176.203
-151.021  155.303  170.306
-145.922  152.327 -178.477
-153.926  161.035  165.589
-151.236  148.801  171.007
-137.462  161.300 -179.781
-153.037  154.083  158.714
-136.595  155.808  179.134
-150.352  161.482  174.002
-149.438  147.914  174.732
-148.122  145.729  176.453
-165.114  145.705  178.457
-152.800  151.590  157.274
-161.366  153.850  178.877
-154.486  156.729 -173.081
-143.154  141.979 -179.394
-154.565  153.522  175.262
-145.298  154.763 -168.010
-157.155  143.419 -178.628
-143.717  157.527 -170.883
-159.926  147.275 -170.996
-156.857  153.847  177.092
-145.278  150.735  154.413
-147.642  150.410 -176.398
-153.614  156.687 -177.576
-148.956  148.629 -168.853
-141.822  156.475  162.012
-159.346  150.427  175.401
-161.308  144.207  176.884
-151.749  154.592 -164.498
-156.725  143.761 -160.195
-139.396  153.951 -175.539
-152.579  154.906 -168.843
-152.402  154.058 -169.227
-150.408  140.704 -164.883
-146.147  151.907 -169.813
-145.247  158.255  176.042
-150.291  150.437  167.148
-155.343  141.031  175.170
-158.169  164.054 -171.501
-151.348  146.163  174.216
-154.205  148.626  174.776
-144.063  146.632  175.580
-159.861  140.295 -169.339
-141.554  154.135 -175.351
-150.598  148.458 -172.728
-151.366  158.523  170.725
-143.567  152.541  169.809
-128.431  156.795  166.853
-157.475  158.790  176.137
-147.973  142.651  177.640
-136.229  149.501 -179.941
-152.711  145.948 -176.986
-153.683  146.804  178.658
-151.820  154.364 -171.899
-158.145  146.874  170.444
-151.175  137.583  167.888
-154.287  154.439  178.339
-151.880  152.352  177.142
-148.264  155.855  160.663
-146.590  147.109  179.849
-147.933  168.285  165.712
-148.539  145.456  174.227
-161.833  150.359  178.410
-148.942  156.136  179.487
-156.509  157.547  159.894
-151.360  149.537  163.716
-158.869  161.512  175.767
-151.284  151.292  176.305
-144.047  168.266 -178.066
-155.256  140.562  174.571
-154.771  157.993  177.568
-150.291  169.113  170.495
-151.692  158.318 -174.390
-144.504  154.883  176.267
-140.057  158.811  173.315
-151.047  151.932  174.996
-150.180  145.581  174.613
-154.849  147.319 -176.617
-145.456  147.702 -166.247
-153.576  148.463  166.804
-146.914  155.653  169.680
-160.692  159.267  175.729
-150.375  150.346 -171.138
-167.354  135.940 -173.744
-159.093  158.789  179.657
-150.658  148.587  175.940
-140.755  139.876  176.191
-154.744  150.825  179.554
-143.465  153.085 -178.118
-146.188  150.111  162.530
-140.295  133.983 -179.327
-167.920  158.257 -175.609
-154.772  168.846 -170.687
