-157.184  131.170  162.957
-144.402  150.332  175.875
-146.036  153.466  177.099
-159.379  137.296  176.581
-143.966  137.468  166.036
-159.061  125.137 -167.001
-141.272  121.238  178.048
-146.726  131.356  155.696
-147.640  116.776  175.062
-139.667  130.070  165.076
-149.583  135.088 -179.556
-144.594  137.295 -176.662
-151.586  118.376  175.003
-149.751  123.970 -168.654
-138.821  118.987  150.892
-161.138  114.051  164.482
-136.648  118.630  174.444
-153.370  141.454 -172.557
-141.246  119.141  172.367
-157.365  134.944  171.671
-143.940  132.734  164.626
-149.496  140.959  173.844
-149.098  130.079 -166.005
-149.340  134.423  175.443
-148.701  128.775 -175.731
-158.565  139.653 -178.434
-149.468  143.246  176.156
-151.076  132.633 -170.035
-146.940  120.574 -175.510
-157.913  147.419  165.690
-139.458  120.928  174.843
-154.235  140.401 -170.676
-153.842  131.744 -177.700
-161.793  111.169  176.801
-142.005  130.012 -174.743
-142.321  130.610  177.558
-147.036  136.433 -178.892
-147.231  129.536  178.391
-158.978  134.587  176.081
-152.657  145.881 -174.752
-143.476  138.447  170.900
-147.735  143.433 -175.844
-158.780  142.825 -175.185
-137.867  155.565  162.065
-142.889  150.946  175.464
-150.786  117.097  155.946
-146.333  154.978  176.007
-147.364  125.914  179.883
-141.586  140.295 -170.051
-142.459  142.284  179.007
-159.346  135.661 -174.370
-139.774  120.496  174.981
-150.747  151.005 -165.763
-150.454  144.787  177.190
-147.158  143.435  175.534
-155.115  143.808 -175.711
-164.533  150.082  178.745
-158.754  138.015 -170.201
-160.715  144.517  168.490
-156.354  147.372 -177.669
-142.926  142.731  179.786
-131.442  137.462 -173.915
-149.294  119.756  174.728
-154.074  132.637  176.502
-163.864  128.209 -174.489
-144.375  153.399 -165.449
-145.308  123.805  178.810
-148.769  132.916  178.355
-145.855  149.577  177.647
-134.043  131.147  178.594
-153.145  141.034 -174.198
-152.382  146.158  167.828
-147.425  144.678 -178.434
-147.365  121.428 -175.872
-142.436  141.746  166.519
-148.837  143.611  173.941
-151.596  110.194  177.184
-161.078  136.430 -178.368
-146.889  145.121 -172.625
-169.555  141.174  171.009
-158.477  153.402  179.003
-147.961  132.241  174.268
-141.563  142.228 -178.505
-147.930  156.253  178.483
-135.541  145.798  173.450
-141.258  127.409 -170.435
-147.749  134.809  166.818
-144.669  134.665 -172.257
-154.909  130.198  164.390
-135.589  139.809 -177.658
-160.269  146.983 -174.306
-146.541  139.233 -171.435
-150.324  145.940 -178.068
-153.260  142.162  171.842
-140.337  140.311  163.420
-153.157  132.436  177.379
-173.053  127.446 -161.968
-145.148  126.024  170.592
-154.645  140.135  178.440
-140.191  142.446 -177.196
-147.238  136.912  166.639
-148.009  144.476  170.391
-150.546  140.885 -178.745
-157.540  138.285 -169.178
-152.156  157.999  179.510
-154.044  122.873  171.396
-146.708  141.051 -176.221
-138.778  140.844 -177.565
-146.153  135.698  173.621
-159.354  126.332 -175.001
-155.221  130.195 -178.148
-148.117  138.309  170.311
-149.811  131.279 -170.466
-148.783  128.235 -176.323
-162.326  116.864 -174.889
-150.576  113.755 -174.545
-150.994  141.061  169.516
-141.848  133.931  171.825
-153.706  155.455 -174.724
-147.722  133.100  166.488
-158.507  146.717 -174.337
-141.232  137.154  165.213
-138.662  143.139  171.655
-134.941  134.838 -176.463
-148.798  138.299  172.603
-150.288  143.761 -165.246
-151.113  128.147  171.035
-155.964  123.373 -168.781
-155.738  135.947 -174.202
-143.114  133.001  179.140
-152.318  119.733  177.485
-153.161  133.863 -179.909
-148.257  150.606  174.371
-166.189  138.914 -157.529
-146.984  133.949 -177.326
-142.967  140.052  163.703
-161.577  132.579  170.892
-144.260  135.558  173.972
-163.042  141.824  170.951
-147.007  136.505 -177.718
-151.214  124.939 -174.263
-157.195  145.228  168.729
-147.680  145.625  166.470
-139.605  153.355  168.852
-141.211  137.346  165.608
-140.765  136.155  160.243
-154.702  136.825 -174.209
-160.995  130.154  178.633
-152.843  130.307 -179.476
-145.104  136.920  165.590
-146.208  134.166  171.905
-152.690  131.914  179.034
-145.602  131.627  172.863
-144.713  135.982  151.911
-130.971  135.934  172.598
-152.660  146.276 -172.908
-144.304  143.768  178.933
-144.269  134.662 -179.777
-161.250  145.794  176.286
-141.249  140.909  168.981
-157.633  148.138 -169.346
-160.640  140.435 -177.425
-150.551  135.521 -175.635
-145.197  144.552  172.041
-151.070  125.512  174.460
-147.474  132.816  162.723
-146.190  147.001 -172.094
-153.242  135.588 -167.427
-149.401  139.633 -174.978
-146.139  116.759 -172.399
-143.995  131.024  173.997
-154.831  129.955  176.293
-152.701  131.268  160.954
-154.706  140.129  169.863
-148.641  140.181 -178.500
-149.815  132.992  171.452
-155.480  141.737 -176.901
-157.382  138.789  166.395
-143.427  146.171  171.563
-162.411  138.539  165.522
-152.589  149.812  173.516
-148.562  152.456 -167.182
-143.029  137.454  166.046
-149.255  139.141  170.339
-147.518  135.369 -177.460
-136.935  128.702 -171.996
-140.503  122.028 -176.125
-161.596  137.940 -177.058
-162.263  148.736 -170.154
-147.832  129.881 -178.046
-152.279  132.923 -179.586
-145.538  143.971  178.861
-143.735  128.560  170.115
-140.131  136.294 -165.144
-151.722  149.802  177.684
-159.611  147.638 -167.049
-147.233  137.729  175.279
-139.817  144.098  173.620
-144.064  127.892 -160.198
-142.884  139.881  178.203
-153.415  140.487  158.830
-149.768  136.359  178.631
-154.098  122.803  169.967
-161.226  126.563 -166.978
-153.906  151.896 -169.066
-145.781  138.154  178.390
-143.368  128.375  177.176
-135.442  139.466  169.540
-154.621  145.274 -179.667
-142.774  149.172  171.525
-149.732  119.897  170.516
-145.529  128.897  173.627
-161.503  127.663 -172.946
-153.406  134.494 -167.101
-142.000  127.233  177.486
-163.653  134.110 -176.082
-144.646  147.927  178.786
-141.650  122.224 -157.244
-142.851  136.510  178.809
-167.112  148.672  165.729
-142.579  126.347 -175.419
-131.958  133.010  174.588
-158.388  139.672 -173.973
-158.374  126.675  178.006
-149.706  115.236 -176.792
-152.833  129.568  169.187
-148.319  137.959 -176.929
-157.528  134.193  159.560
-161.824  150.469  176.923
-162.972  137.121 -172.765
-141.446  154.411  164.763
-148.447  130.820  174.686
-157.515  132.690  174.706
-149.408  137.295 -175.822
-157.864  134.589  173.137
-140.701  140.271  169.709
-139.996  138.379  173.522
-157.915  138.822 -167.352
-146.677  120.200 -175.871
-140.359  140.449 -171.076
-154.114  130.088  171.897
-142.563  143.891 -177.649
-163.883  152.301 -169.789
-142.960  124.916  167.475
-158.523  138.257  169.236
-147.704  135.984  179.306
-144.900  123.613 -179.863
-151.968  141.267  171.781
-150.547  134.066  172.891
-151.361  141.074 -179.799
-152.091  121.881  175.264
-143.149  133.210  164.462
-144.523  147.031 -168.460
-149.613  133.176 -170.872
-154.672  131.278 -178.436
-143.642  150.572  177.566
-161.899  138.164 -175.809
-153.988  135.962 -178.447
-148.367  132.852 -171.132
-139.353  146.022  169.427
-150.412  137.003 -165.166
-146.343  137.339 -175.595
-143.505  146.689  151.758
-153.844  147.866  174.251
-160.474  141.650  175.298
-161.354  135.868 -176.176
-149.224  139.697 -165.968
-157.804  143.043 -176.240
-143.690  136.378  167.162
-136.651  137.151  166.990
-150.692  121.801  171.588
-156.041  140.273  171.479
-151.557  145.873  167.334
-143.185  136.910  160.049
-152.140  149.142  173.691
-145.743  125.759 -177.945
-160.243  131.494 -165.279
-156.231  139.266 -174.503
-143.349  142.569  176.134
-154.624  144.688  171.790
-138.610  144.469  162.006
-151.240  142.759 -175.048
-142.059  132.003  174.299
-154.311  133.347  171.606
-151.313  129.875  173.501
-154.449  123.948  175.395
-155.341  149.274  167.791
-148.233  130.176  167.324
-154.089  136.685  162.913
-148.443  144.196 -174.506
-150.243  140.596 -175.768
-150.199  154.256  175.718
-151.135  146.075  173.219
-149.486  131.817 -174.363
-147.890  156.207  172.785
-139.148  132.644  174.009
-158.090  132.384 -162.182
-147.917  143.736  164.891
-152.682  154.155  174.160
-144.125  125.197 -172.814
-154.403  144.120 -177.844
-153.808  140.227  165.504
-131.251  134.866 -177.764
-141.493  105.400  177.292
-140.595  141.503  167.135
-146.366  147.843  174.411
-148.338  140.305  172.529
-148.074  132.468  165.019
-141.010  133.499  163.539
-154.513  145.536  159.879
-145.052  147.067  161.406
-157.448  152.967 -175.476
-150.011  151.194  172.674
-151.949  137.888  178.724
-150.984  144.562  174.386
-153.724  143.761 -174.864
-150.502  140.672 -178.147
-146.997  134.344  176.400
-152.577  124.138 -167.781
-159.904  139.742  175.855
-151.533  141.542  167.006
-140.297  126.587  169.004
-157.667  134.125 -172.315
-146.209  116.224  178.034
-144.802  129.192 -178.586
-147.493  131.452  172.659
-143.905  127.223  171.311
-147.943  147.283  176.560
-143.950  135.176 -174.509
-156.708  136.793 -178.347
-154.656  136.967 -170.110
-142.886  139.043 -176.374
-160.874  142.746 -175.568
-149.166  120.571 -172.694
-143.210  127.932  177.659
-157.732  133.241  172.809
-149.788  141.571 -172.866
-144.551  116.253  170.618
-152.585  135.731  179.227
-145.874  121.380  170.619
-154.086  143.606 -178.237
-144.125  146.010 -175.628
-140.831  129.034  160.321
-158.971  137.950 -176.585
-149.418  140.552  168.668
-139.919  137.805  176.919
-155.691  143.731 -171.553
-144.872  150.855  169.052
-159.403  130.920  172.469
-156.456  139.201 -162.729
-131.884  128.891 -164.506
-149.559  147.019  169.981
-141.572  131.623  170.962
-151.930  137.901 -170.230
-147.056  139.891 -172.971
-137.776  121.464  171.695
-140.410  131.313 -175.251
-156.306  137.817  165.417
-141.372  137.412 -178.258
-153.172  144.081 -174.866
-156.799  134.789  172.829
-158.848  149.174  176.513
-148.840  130.766 -162.840
-148.741  119.058 -176.008
-140.150  131.517 -177.646
-140.566  148.253  169.382
-148.535  144.069 -169.994
-144.964  144.651  171.765
-147.716  147.028 -175.616
-148.212  140.470  177.377
-147.585  135.419  170.523
-163.187  144.143  178.573
-149.234  129.461 -172.537
-151.399  134.629 -162.879
-136.865  134.748 -174.330
-146.463  136.093 -176.387
-147.876  144.586 -174.964
-142.226  137.286 -178.674
-145.635  156.922 -170.000
-139.313  130.919  167.964
-155.094  132.612  178.962
-154.254  153.278  166.866
-133.332  130.867  171.251
-137.458  137.146  178.146
-151.840  136.244  177.309
-151.350  136.956  178.148
-158.140  142.844  179.344
-148.255  142.756  176.396
-156.827  128.023  164.473
-149.722  144.379  176.307
-151.565  146.457  159.801
-140.573  142.653  178.892
-143.784  148.885  166.741
-147.210  132.778  167.934
-154.730  135.647 -175.701
-139.939  131.271 -171.268
-150.828  128.072  175.213
-161.273  141.609  178.983
-147.037  139.560  174.749
-136.077  145.329 -178.095
-155.388  124.432 -160.056
-159.765  148.537 -174.084
-145.902  112.425  173.860
-147.683  143.748  166.982
-151.883  127.991  174.975
-140.458  131.827 -160.928
-141.443  144.091 -169.420
-148.491  140.114 -168.916
-158.960  147.303 -178.573
-145.043  137.464 -170.739
-145.869  142.653  164.775
-144.581  139.687  169.920
-149.006  128.412  178.032
-149.526  137.268 -162.607
-149.718  145.597  164.904
-133.721  142.548 -170.620
-155.507  124.012 -179.863
-146.496  135.687 -178.312
-147.749  130.089 -165.488
-158.886  145.034 -176.451
-144.557  130.364  174.621
-148.964  136.216  172.694
-129.961  132.287  179.966
-149.717  131.471  167.338
-149.255  133.326  173.067
-158.242  137.432 -177.115
-145.663  142.382 -165.843
-145.450  137.806  171.400
-148.787  153.628  160.875
-144.788  138.524  175.754
-148.163  132.134 -175.363
-149.787  138.687  171.387
-142.423  124.859 -157.263
-145.211  127.032  163.435
-145.779  124.342 -169.731
-159.208  140.514  171.170
-140.839  142.738 -177.323
-152.827  129.204 -173.366
-148.246  129.643  172.995
-154.003  114.316  150.520
-141.384  141.556  178.349
-159.921  144.223 -170.676
-144.891  118.387 -171.956
-152.353  134.826 -175.603
-150.976  140.791  167.016
-160.517  131.669  172.379
-138.711  134.276 -176.507
-139.451  137.774  170.167
-160.056  130.888  171.999
-149.396  145.433  178.759
-154.584  136.991  171.279
-148.189  143.407 -160.837
-158.053  144.591 -179.369
-161.465  137.799 -170.446
-144.205  130.714  178.257
-146.056  138.013  173.323
-153.877  135.516  170.773
-165.102  147.298  177.402
-141.221  127.580 -176.325
-142.792  126.209  179.176
-152.949  133.101 -178.434
-150.788  142.031  168.943
-139.652  136.081  165.539
-142.642  138.437  164.361
-160.524  139.663 -177.919
-147.909  138.812  179.495
-142.842  147.152  179.636
-137.927  146.688  174.113
-138.687  137.773  178.582
-146.428  145.921  162.862
-139.133  145.621  179.793
-145.788  139.610  174.457
-149.732  136.991  169.423
-156.731  121.149 -171.932
-130.762  147.867  172.104
-158.469  141.359  176.176
-150.888  135.561  168.128
-163.335  137.108 -167.905
-150.520  149.693 -177.316
-152.708  148.414 -175.851
-145.066  143.355 -179.937
-160.095  140.142 -178.399
-146.606  138.769  163.734
-146.078  153.974  179.336
-157.089  138.568 -172.179
-150.248  115.025 -166.676
-147.623  143.477  177.486
-141.907  150.884  161.405
-145.544  137.215  178.863
-153.125  140.909 -179.526
-146.038  122.956 -174.143
-154.067  142.496  176.958
-140.977  133.748  167.638
-138.627  144.124 -176.422
-144.044  150.663 -173.476
-147.018  128.873  173.463
-140.565  148.789  168.086
-147.667  139.568 -175.067
-147.921  140.212  173.693
-152.262  128.121 -179.888
-159.163  135.687  174.271
-143.202  137.394  167.849
-161.409  134.856 -175.257
-137.725  130.561 -169.547
-155.056  129.086 -171.090
-142.347  127.162  178.319
-146.298  145.692  173.200
-140.649  145.331  177.031
-153.876  135.316  177.446
-150.570  147.127  172.060
-145.356  147.824  173.699
-141.976  133.964  166.905
-154.188  122.536  175.254
-148.752  135.762  163.042
-155.407  136.950 -159.895
-149.332  141.279  178.609
-147.959  132.596  173.125
-146.087  145.176  178.796
-145.362  141.395  179.412
-144.008  137.878  179.931
-149.560  138.912 -178.966
-149.417  137.649 -171.096
-148.362  129.376 -168.992
-145.870  146.643 -178.223
-143.709  134.251  166.369
-137.273  143.116  166.704
-145.782  144.847  178.154
-145.652  140.325  164.297
-140.064  139.872 -178.390
-156.356  142.618 -175.629
-154.322  130.771 -169.704
-160.821  148.439 -171.177
-162.019  143.336 -176.869
-141.218  136.060 -177.885
-148.269  132.574 -177.256
-150.265  130.267  177.391
-143.078  138.137  164.649
-153.045  135.832 -172.886
-138.552  129.008  160.522
-151.755  133.952 -173.151
-146.142  142.191  178.966
-157.554  122.551 -173.653
-155.844  127.150 -175.876
-149.481  143.050 -177.032
-138.478  138.376  176.535
-145.745  139.716  142.575
-144.288  131.535  164.089
-148.803  135.599  172.551
-135.012  127.747  162.552
-152.908  135.061  179.469
-141.003  131.950 -168.861
-151.850  143.651  166.710
-160.885  135.713 -161.547
-157.290  141.313 -175.076
-139.000  141.570 -178.811
-160.890  128.366 -162.104
-151.040  133.051 -173.280
-152.181  143.002  165.105
-155.665  153.984 -179.430
-152.442  137.030  169.255
-135.903  123.111 -177.534
-139.811  142.064  178.892
-154.486  136.474  164.198
-145.283  134.746 -175.251
-153.742  140.311 -179.852
-145.012  147.661 -179.407
-138.464  152.453  172.264
-145.063  129.428  165.104
-151.565  141.858  175.294
-129.088  139.132 -169.571
-148.148  155.504 -173.625
-145.646  128.492  169.695
-147.280  124.511 -173.786
-147.811  145.126  170.224
-154.121  151.273 -178.968
-143.423  135.702  171.626
-140.742  138.620  164.198
-156.773  138.810 -175.123
-153.630  113.945 -167.335
-161.937  111.429 -173.049
-147.099  137.339  172.016
-152.448  132.612  179.385
-151.294  130.781  173.007
-157.674  137.570 -157.786
-150.533  143.942 -175.328
-155.518  142.949 -176.984
-153.057  130.071 -169.650
-140.902  131.043 -172.154
-156.279  135.365  163.439
-148.053  138.888  178.294
-150.454  131.691 -165.228
-139.354  134.263 -179.648
-145.786  139.863 -169.286
-141.227  130.446  171.035
-152.856  138.894 -168.522
-150.596  139.388 -172.364
-158.508  133.867  175.436
-161.589  139.419 -175.909
-145.633  141.884 -160.403
-145.072  148.230  175.271
-141.500  139.741  174.525
-157.096  134.881  170.275
-155.778  150.040 -176.164
-148.228  137.305  169.834
-157.867  130.615 -172.797
-150.860  127.801 -173.846
-158.173  148.864  157.059
-157.978  127.527  170.614
-159.404  148.794 -162.329
-150.754  153.369  175.004
-142.101  139.058  164.105
-162.262  137.617 -174.356
-144.341  150.870  172.662
-149.242  137.027 -176.083
-149.087  144.036 -163.528
-142.937  141.994 -171.295
-143.621  129.343  179.683
-144.860  136.245 -163.783
-143.021  135.734 -166.781
-137.561  120.678  165.858
-151.298  141.822  178.791
-151.270  130.906  174.045
-164.542  133.382 -176.634
-150.450  133.025 -177.477
-151.626  150.359 -178.061
-148.945  147.600 -166.913
-133.930  131.124  163.863
-143.769  140.167  165.808
-159.465  124.175 -178.838
-139.232  150.995  176.312
-143.841  139.988  167.466
-154.640  136.807 -159.917
-150.850  130.125  171.899
-153.293  142.521  162.396
-154.864  134.418  174.694
-145.841  125.956  170.596
-146.069  139.739  165.334
-157.622  128.143  173.830
-155.647  127.471 -177.789
-141.272  138.654  172.508
-160.110  134.728  165.282
-141.369  148.900 -178.992
-150.727  140.815  177.044
-158.541  140.859 -167.041
-141.072  152.544  158.823
-145.825  133.476  169.327
-143.573  133.751  165.920
-146.028  146.516  168.407
-156.657  135.657 -175.301
-157.897  130.611 -171.730
-150.353  127.272  176.416
-146.284  114.989  167.146
-133.138  131.214  178.915
-146.222  129.592  152.361
-140.576  141.114  151.554
-142.011  146.019 -178.949
-142.367  130.815  158.835
-160.930  127.541 -176.437
-152.052  139.633 -173.388
-143.895  134.156  176.520
-147.728  135.141  172.770
-136.696  145.819  169.508
-158.610  153.976 -175.955
-142.871  135.721  177.396
-161.503  124.873 -179.596
-145.066  140.053 -173.414
-153.296  135.303 -174.524
-152.374  144.512 -174.889
-148.441  130.168  165.910
-144.586  124.891 -178.567
-150.463  130.586 -179.780
-154.683  128.846  175.286
-149.671  153.655  175.581
-144.499  128.424 -175.264
-153.292  142.016 -174.335
-147.170  135.241  174.909
-149.140  125.934  156.745
-150.500  140.399  171.805
-139.479  140.200  170.095
-137.283  133.392 -174.910
-165.411  130.183  165.673
-153.783  136.878  176.067
-163.621  127.904 -169.244
-146.793  142.034 -170.393
-144.408  137.994 -177.449
-137.890  134.028  174.822
-154.648  121.872  177.712
-158.501  136.873 -159.093
-146.232  147.087  174.233
-129.696  144.081 -175.509
-152.228  149.316  178.777
-141.755  148.809  171.720
-150.642  140.146  179.163
-147.007  129.033  163.502
-145.439  140.696 -172.198
-157.212  142.823 -167.435
-148.696  133.468  169.892
-150.825  131.376  164.078
-145.925  140.422 -169.236
-157.237  145.206  179.677
-139.317  133.398 -168.115
-152.417  139.967 -177.252
-138.741  135.847 -176.484
-151.424  147.735  164.505
-151.199  136.386  169.689
-148.010  131.107 -163.900
-143.742  114.467 -177.976
-151.425  140.394  170.420
-151.980  129.613 -175.233
-139.197  144.804 -175.494
-154.287  132.740 -177.318
-142.061  130.998  171.297
-150.483  139.173  166.724
-156.976  124.383  170.353
-154.464  132.106  177.034
-156.812  134.165  171.359
-153.891  133.048  165.763
-144.559  126.107  170.151
-142.089  150.552  171.416
-150.097  145.017  178.614
-162.266  147.878 -166.344
-153.420  124.983 -161.681
-154.243  137.652 -177.307
-143.084  134.029 -176.169
-148.246  137.929 -173.779
-155.917  136.873 -174.827
-157.223  137.524 -179.379
-145.096  139.861  176.825
-147.161  143.288  173.468
-140.992  140.234  171.546
-149.512  133.237  177.051
-151.747  141.069  178.598
-155.322  126.996 -176.716
-144.428  135.054  176.192
-153.889  129.109 -171.438
-145.352  131.918  172.882
-168.847  134.588 -176.910
-146.142  127.480  171.386
-160.092  141.277  175.283
-158.228  128.136  174.194
-145.463  145.909 -175.780
-148.812  141.163 -163.675
-153.056  138.437  176.728
-150.175  149.107 -172.088
-146.000  132.747 -168.018
-144.048  134.641  179.568
-150.329  138.522  159.345
-147.821  126.837  165.346
-159.255  130.789 -174.180
-150.599  131.286 -175.239
-148.134  141.429 -170.041
-146.651  147.229  178.842
-150.110  126.718  171.632
-144.355  133.293 -175.371
-142.975  140.368 -173.813
-150.761  131.399 -176.895
-145.508  138.821  169.696
-153.613  139.632 -175.650
-143.795  131.665  170.224
-149.439  131.479  166.130
-149.517  130.416  176.735
-154.039  151.573  171.127
-151.348  140.653 -176.498
-140.882  136.318  173.113
-155.476  132.821  172.162
-138.986  128.205  174.403
-150.022  136.544  177.239
-151.587  145.819 -168.224
-154.983  140.837 -170.683
-152.277  138.354 -169.838
-149.845  134.420 -164.165
-154.922  139.717 -172.219
-149.110  122.745  177.127
-172.642  124.168 -174.108
-149.595  133.346  165.607
-159.873  133.842  171.557
-140.055  149.226  169.172
-143.180  141.953  176.246
-164.856  140.634 -173.231
-151.291  134.262  170.154
-159.029  132.686  158.087
-152.940  139.316  176.285
-151.226  133.759 -175.606
-152.094  145.039  173.677
-141.410  134.533  172.584
-147.604  131.138  164.664
-162.923  139.636  164.847
-140.471  138.561 -179.303
-156.986  147.468 -173.951
-136.918  142.441 -165.893
-153.001  128.472  171.651
-146.848  137.872 -169.274
-148.166  152.313 -168.597
-161.522  141.764 -175.853
-155.147  142.831 -175.954
-142.608  144.309  161.139
-157.401  136.190  168.464
-133.294  122.856  159.233
-157.238  144.957  175.682
-145.517  143.427  173.610
-153.091  146.125 -166.112
-149.294  144.526  179.068
-142.366  144.944  175.767
-136.831  134.229  167.672
-156.335  140.968  179.019
-145.264  117.037 -153.951
-154.626  118.437  172.862
-149.775  127.835 -171.116
-152.231  119.125  173.883
-151.216  138.586  175.489
-147.398  138.289  179.106
-149.381  132.434  172.019
-154.603  141.499  174.974
-152.270  130.011 -178.636
-135.237  139.669  176.076
-164.490  137.717 -164.864
-162.761  126.916  164.287
-149.743  136.417  164.807
-140.864  137.560  158.421
-148.686  125.011  164.844
-139.756  140.816 -176.977
-163.860  136.541 -177.366
-143.971  149.096  176.897
-153.405  132.434  176.108
-149.419  131.196  177.013
-152.913  136.025  174.131
-146.163  151.868  178.650
-150.985  128.936  179.417
-141.729  131.283  170.833
-157.128  138.474  173.181
-151.917  130.106  158.537
-148.476  132.540  164.979
-141.933  137.655  163.827
-156.722  136.374  174.558
-149.774  145.145  176.424
-157.000  133.809  178.365
-157.093  134.490  172.338
-147.382  148.949  179.505
-146.755  150.790  166.231
-151.960  138.442  165.976
-147.497  135.167  166.974
-132.799  133.282  168.525
-155.491  129.006  166.166
-153.371  135.927 -172.101
-150.543  132.791  173.992
-157.861  132.880 -178.080
-152.056  139.334 -165.667
-148.835  127.882  173.873
-153.790  125.003 -152.476
-140.047  143.122  171.582
-151.985  130.031 -169.281
-148.741  141.560  170.743
-154.417  129.765  171.734
-156.036  142.624 -167.331
-151.257  135.398  179.228
-137.565  144.709  167.515
-152.379  127.181  167.202
-148.501  144.685 -172.884
-155.433  153.135  167.105
-149.727  138.074  175.634
-147.824  155.074  165.200
-142.538  147.105 -175.272
-156.500  139.780 -179.901
-149.365  131.515 -175.434
-146.413  148.864 -173.520
-150.270  133.019  179.117
-146.727  143.139  169.102
-148.092  135.871 -177.912
-153.618  137.395 -166.422
-149.484  137.145  171.331
-156.255  142.286 -167.675
-144.515  147.918  159.216
-151.481  147.292  170.430
-151.370  124.427 -173.853
-152.501  143.469  165.131
-138.317  131.123  176.746
-148.124  136.207  171.533
-150.124  144.641  178.539
-150.576  139.107  179.173
-150.745  142.304  177.276
-155.416  117.319  166.666
-158.037  143.592 -177.920
-143.629  131.232  178.253
-135.339  140.071 -174.450
-150.453  147.977 -179.899
-141.544  150.127  173.204
-158.782  138.682  166.636
-162.754  135.829 -164.926
-148.197  139.057  174.397
-154.208  145.283 -147.397
-144.023  142.380  170.468
-135.285  134.555 -176.647
-153.455  138.414 -176.883
-147.446  137.927 -166.725
-139.533  149.264  175.296
-153.739  142.557 -175.764
-152.055  131.003 -174.208
-151.963  137.657 -178.382
-146.507  131.030  174.779
-139.376  129.200  179.733
-147.136  127.937  163.708
-145.805  143.656 -174.582
-152.978  135.454 -168.967
-166.969  144.694 -174.714
-158.213  134.823 -153.873
-144.356  128.433  166.345
-143.612  131.936  155.500
-144.470  142.105  153.589
-159.590  127.195  166.719
-153.908  142.767 -178.614
-144.898  137.384  169.315
-157.385  119.941  179.429
-143.179  132.455 -179.671
-146.343  141.504 -178.687
-145.491  145.374  161.533
-154.944  122.796  174.054
-151.368  141.727  166.725
-136.338  129.259 -177.152
-153.229  143.682  167.866
-143.079  156.285 -179.782
-150.126  146.422  177.333
-151.093  116.445  179.423
-141.041  143.644  175.761
-162.717  141.691 -179.560
-157.443  135.823  174.166
-134.526  135.875  166.846
-153.135  148.848  168.377
-145.789  139.372  174.545
-137.535  150.516  175.873
-150.697  131.182  168.835
-135.449  143.671  169.406
-141.474  128.888  174.102
-152.546  143.215  177.117
-157.235  145.219 -174.928
-151.103  140.726 -173.237
-139.148  140.823 -177.769
-156.278  121.700  170.712
-149.102  139.933  169.861
-153.195  149.743  175.057
-159.396  141.834  168.116
-152.662  123.674  173.663
-148.992  107.974 -177.549
-153.637  144.150  175.615
-138.685  129.887  172.009
-156.912  141.874 -163.109
-145.829  142.289  161.547
-159.617  151.702  168.313
-145.838  144.779 -176.109
-157.552  141.791 -174.830
-134.062  131.175  168.937
-144.929  121.989 -169.488
-151.015  130.345  168.360
-154.569  127.671 -169.656
-152.064  138.929 -178.863
-152.182  133.135  167.428
-149.379  131.760  171.010
-146.665  142.562  167.481
-159.485  146.910 -174.046
-153.234  135.610 -164.653
-142.623  141.512 -166.551
-146.301  140.788 -163.860
-147.336  146.392 -165.989
-145.107  134.682  173.157
-151.242  138.700  174.671
-141.844  118.970  166.521
-155.311  144.737 -178.848
-156.654  141.927 -167.851
-145.215  143.752  178.133
-143.658  138.359  172.659
-150.110  146.070  167.722
-158.753  129.731  166.482
-141.574  137.592  160.423
-141.136  139.279  171.661
-158.129  129.243 -171.115
-152.374  125.924 -148.361
-146.704  143.155  178.143
-157.485  150.526 -174.339
-156.473  128.759  167.195
-153.030  132.130  170.454
-154.566  110.787  171.916
-161.022  137.176 -172.905
-150.006  125.212  177.054
-150.996  134.841  171.279
-138.539  129.043  172.952
-166.110  136.517 -175.282
-149.794  145.151  173.761
-152.562  130.692  178.572
-139.730  131.178  178.749
-152.525  123.344  167.784
-146.861  126.684 -176.979
-138.855  147.163 -157.229
-154.506  132.772  164.415
-155.951  134.080 -179.952
-146.352  139.561 -178.439
-150.913  139.721  175.227
-156.777  137.253  175.216
-156.380  138.860 -158.160
-147.590  143.313  170.941
-149.409  136.599  166.139
-147.428  147.205  166.966
