 -34.432  133.547  166.013
 -35.891  135.552  177.020
 -37.055  133.649  157.730
 -32.487  127.334  171.183
 -32.782  127.359  167.156
 -33.306  134.379  151.284
 -30.096  131.630  171.102
 -20.151  132.679  150.053
 -38.920  135.587  169.349
 -30.043  139.112  172.948
 -35.684  126.142  174.532
 -42.360  128.707  167.581
 -41.235  133.554  164.590
 -38.239  114.680  161.264
 -26.870  143.674  159.968
 -33.548  140.600  171.343
 -35.791  132.438  168.344
 -16.416  138.405  150.856
 -47.472  123.934  167.273
 -46.077  130.819  164.479
 -31.193  121.798  156.662
 -30.518  125.014  171.962
 -33.709  134.169  165.342
 -26.737  137.206  166.096
 -21.970  128.597  166.124
 -27.823  132.101  150.713
 -36.469  127.678  170.702
 -32.866  130.142  170.340
 -34.166  136.360  174.397
 -28.806  112.982  171.997
 -20.414  136.233  150.761
 -40.459  125.377  157.340
 -31.304  138.678  174.906
 -33.914  126.942  161.064
 -29.967  136.555  158.268
 -26.434  129.123 -174.342
 -34.286  124.420  164.308
 -31.332  133.161  173.094
 -37.473  137.278  167.324
 -35.355  123.048  164.376
 -29.683  126.400  167.703
 -44.513  137.259  166.706
 -38.513  135.408  154.336
 -34.687  137.838  178.624
 -33.202  134.880  153.716
 -31.772  140.453  162.696
 -27.641  131.128  166.183
 -45.026  137.638  170.588
 -27.459  132.890  166.186
 -27.604  120.429  176.303
 -23.475  138.155  154.964
 -26.139  119.143  163.938
 -33.077  124.850  178.217
 -33.714  143.064  162.709
 -26.282  134.566  167.963
 -32.479  125.148  146.102
 -30.632  151.133  172.372
 -41.071  149.504  169.127
 -23.723  139.283  142.949
 -27.670  135.607  173.199
 -17.740  141.840  169.098
 -29.995  140.941  171.837
 -35.532  133.729  164.721
 -14.935  135.178  155.134
 -28.644  133.878  159.304
 -29.825  135.865  164.108
 -40.137  132.067  164.267
 -38.922  134.192  158.751
 -27.898  145.774  167.394
 -41.645  137.098  175.677
 -29.709  132.290 -175.896
 -33.025  135.743  155.690
 -48.288  122.898  170.265
 -22.276  127.250  159.157
 -22.159  121.343  172.065
 -26.401  145.962  171.901
 -18.230  125.425  163.397
 -27.489  134.073  165.532
 -23.058  133.833  161.779
 -40.518  141.287  167.400
 -24.044  134.405  163.093
 -23.724  126.105  164.122
 -22.468  123.769  163.224
 -29.164  132.911  161.144
 -26.063  136.537  156.290
 -36.818  136.835  168.609
 -32.799  139.377  170.185
 -28.682  133.363  162.030
 -30.902  137.350  158.254
 -24.296  145.522  170.701
 -37.824  132.041  176.360
 -32.025  139.093  170.650
 -32.631  130.173  165.440
 -26.744  133.496  153.316
 -48.949  133.608  167.945
 -31.028  133.136  165.868
 -37.520  129.748  172.223
 -32.235  130.253  156.051
 -35.704  130.491  172.364
 -24.803  148.486  146.146
 -31.441  121.549  179.948
 -25.541  130.052  166.717
 -26.398  128.830  167.422
 -39.048  128.704  172.786
 -23.918  134.225  148.000
 -30.969  133.675  137.739
 -35.271  133.995  169.845
 -38.249  131.388  172.720
 -28.723  119.404  147.936
 -40.755  138.452 -178.003
 -36.135  130.484  179.729
 -31.632  132.210  165.423
 -15.941  120.197  160.311
 -36.648  126.141  167.994
 -31.998  125.259  172.378
 -36.619  127.881  170.441
 -35.277  137.640  176.033
 -37.957  135.178  166.305
 -34.436  139.605  168.269
 -24.267  131.615  166.502
 -39.288  139.708  178.173
 -28.048  126.727  144.421
 -32.816  131.832 -171.732
 -41.766  128.219  175.063
 -28.802  133.506  178.373
 -33.601  132.963  156.136
 -37.635  133.653  161.804
 -32.965  119.007  144.178
 -26.506  136.687  163.220
 -33.597  120.108 -173.251
 -37.781  133.877  164.619
 -19.756  131.912  171.310
 -28.648  138.258  163.585
 -34.012  130.513  166.698
 -36.458  128.110  176.027
 -35.245  117.424  161.592
 -33.645  116.549 -177.774
 -30.186  119.719  149.338
 -35.540  144.444  165.749
 -15.440  121.453  176.994
 -36.853  133.202 -174.336
 -27.178  124.404  171.543
 -27.420  130.735  146.393
 -29.511  140.070  165.958
 -34.530  138.618  177.857
 -33.345  138.343  166.004
 -41.580  132.345  178.771
 -32.870  128.809  154.738
 -31.454  144.584  159.781
 -28.989  122.317  157.608
 -26.684  136.143  163.947
 -36.736  132.948  165.834
 -26.494  140.076  147.892
 -25.474  134.192  169.546
 -38.846  124.583  141.130
 -21.927  139.574  145.273
 -27.419  141.100  177.752
 -35.849  140.567  157.212
 -25.607  139.697  175.698
 -33.980  141.499  173.112
 -25.696  127.533  152.602
 -38.426  126.722  179.430
 -24.385  133.745  157.523
 -21.656  123.264  151.034
 -18.591  127.572 -179.228
 -33.974  124.381  157.830
 -47.996  138.948  154.259
 -18.015  128.744  167.673
 -20.909  136.313  165.738
 -35.533  128.372 -176.728
 -16.085  137.486  165.776
 -24.532  124.435  160.033
 -39.474  134.929  177.363
 -34.221  124.709  173.645
 -29.527  129.632  165.731
 -39.487  123.728  155.774
 -37.458  132.550  156.914
 -38.239  129.340  164.013
 -31.735  140.246  157.729
 -32.535  123.560  162.306
 -36.406  128.690  173.965
 -29.713  136.225  164.582
 -41.813  140.801  168.931
 -25.914  138.236  171.537
 -25.204  126.996  157.818
 -35.157  120.402  171.030
 -39.429  124.683  159.714
 -30.835  118.685  159.138
 -26.798  139.287  170.710
 -18.273  124.624  149.575
 -41.024  137.542  176.997
 -29.532  129.686  168.747
 -32.270  134.965  140.185
 -35.367  134.599  162.117
 -34.938  136.699  172.728
 -35.725  136.221  167.774
 -31.256  141.910 -178.953
 -13.353  116.519  155.644
 -27.558  138.092  170.990
 -42.332  130.868 -172.998
 -32.034  141.192  167.860
 -35.674  134.444  166.765
 -23.916  127.904  161.701
 -32.919  135.603  144.327
 -32.738  133.531  175.372
 -31.679  123.088  156.660
 -37.345  130.633  177.318
 -31.461  132.612  148.607
 -22.878  135.118  147.644
 -29.917  138.475  169.080
 -34.742  149.868  159.488
 -35.615  124.519  162.009
 -29.844  141.210  178.429
 -18.572  129.861  163.644
 -24.599  132.368  149.417
 -51.282  134.634  168.903
 -17.794  136.423  145.726
 -23.332  135.114  173.398
 -17.135  129.227  167.885
 -38.086  115.985  156.566
 -33.754  133.774  173.201
 -20.339  133.216  165.427
 -26.635  131.711  150.194
 -34.556  121.167  168.560
 -25.242  137.814  178.814
 -30.737  132.003  178.554
 -31.557  138.135  170.466
 -39.605  123.755  158.739
 -43.632  146.427  157.250
 -33.149  129.562  166.954
 -34.910  159.608  169.506
 -16.124  123.287 -171.126
 -41.259  132.168  163.743
 -37.417  125.663  148.312
 -31.799  128.682  152.171
 -28.449  128.765  160.982
 -25.907  132.870 -178.370
 -31.501  126.333  170.565
 -26.754  120.516  174.282
 -37.455  142.930  157.703
 -33.931  124.105 -175.198
 -35.689  140.042  157.415
 -45.425  125.123  172.636
 -42.720  146.555  163.956
 -29.150  129.424  159.700
 -28.617  139.615  167.260
 -34.415  141.556  160.641
 -26.972  137.426  171.472
 -26.235  141.713  158.941
 -28.812  137.226  150.108
 -29.561  135.145  170.719
 -41.995  138.599  168.361
 -32.418  127.842  162.581
 -33.405  135.812  171.338
 -36.888  140.046  169.717
 -33.729  132.684  158.921
 -25.166  145.011  152.171
 -31.608  118.213  143.738
 -37.912  135.036  170.592
 -30.387  126.207  162.640
 -29.160  135.987  173.027
 -32.651  148.297  166.170
 -32.702  137.906  154.268
 -17.676  125.060  145.112
 -28.737  126.844  166.059
 -17.651  136.073  170.551
 -27.471  132.713  151.539
 -30.508  131.541  163.810
 -33.706  135.814  175.403
 -31.249  138.446  165.202
 -30.750  137.468  171.999
 -22.623  132.402 -173.897
 -21.922  131.931  137.447
 -32.772  142.292  178.962
 -18.384  135.466  150.352
 -24.667  131.610  161.058
 -25.051  133.794  161.696
 -23.616  129.211  164.377
 -30.816  137.235 -176.644
 -34.027  141.654 -179.744
 -34.226  141.918  162.546
 -30.626  123.454  170.194
 -23.113  132.646  171.264
 -26.357  124.124  172.865
 -41.732  114.025  165.570
 -37.592  131.271  171.674
 -37.549  139.863  176.025
 -19.898  134.936  150.543
 -26.083  136.912  166.983
 -27.418  120.813 -172.858
 -34.388  128.492  143.534
 -34.040  125.131  157.213
 -37.245  135.350  152.065
 -36.399  139.268  178.800
 -15.194  125.036  162.241
 -21.761  141.551  162.751
 -32.692  128.191  153.165
 -30.012  129.189  148.722
 -35.068  135.839  170.941
 -36.402  119.627 -178.900
 -40.002  150.996  171.511
 -21.680  124.913  164.704
 -39.476  128.956  177.946
 -35.455  138.467  177.928
 -30.780  124.931  178.188
 -31.315  138.272  164.567
 -32.677  134.778  162.431
 -29.765  138.742  165.419
 -34.028  133.274  175.275
 -26.448  141.398  169.007
 -27.200  126.578  171.801
 -35.306  120.269  161.216
 -31.305  136.618  161.579
 -47.673  133.550  170.248
 -38.015  129.480  164.371
 -30.113  136.323  174.281
 -27.951  134.388  173.197
 -23.742  131.128 -178.756
 -33.322  138.186  159.403
 -29.557  129.203  167.179
 -32.869  141.351  169.142
 -43.034  139.876  178.456
 -26.291  151.143  168.343
 -24.090  132.628  162.047
 -22.490  126.346  154.576
 -40.580  148.199  167.007
 -30.906  129.131  146.574
 -38.714  124.394  172.842
 -21.363  124.957  158.140
 -25.301  133.914  168.906
 -24.507  131.509  157.520
 -29.202  125.286  167.390
 -20.035  133.828  172.752
 -24.889  130.728  168.579
 -39.318  125.850  179.529
 -34.689  130.971  169.489
 -33.238  121.338  154.928
 -44.262  135.251  168.832
 -29.872  124.842 -170.397
 -28.891  146.463  147.848
 -38.345  129.664  154.691
 -25.000  139.678 -179.433
 -41.151  141.215  168.250
 -27.826  130.387  161.026
 -44.584  139.642  169.416
 -43.318  137.358  175.176
 -36.084  143.039  168.347
 -25.611  128.979  177.635
 -31.779  122.202  169.269
 -27.800  133.562  157.917
 -34.562  132.064  165.908
 -19.899  126.640  167.026
 -30.739  125.097  164.960
 -29.056  145.767 -176.811
 -30.309  137.243  176.452
 -18.511  131.715  159.122
 -32.030  127.125  169.948
 -37.023  133.802  167.452
 -28.071  129.683  162.318
 -23.986  137.679  164.622
 -22.273  131.239  149.481
 -34.941  129.042  159.849
 -31.448  130.639  166.816
 -33.196  156.793  154.599
 -41.835  151.071  174.029
 -32.364  140.859  158.055
 -23.334  128.483  150.109
 -41.556  135.188  172.404
 -29.504  137.633  173.497
 -33.664  135.984  150.110
 -31.588  134.338  169.446
 -24.384  125.468  158.819
 -19.530  134.169  155.963
 -38.780  129.784 -175.975
 -37.435  126.842  165.973
 -51.685  124.196  163.607
 -40.278  131.723  169.431
 -18.290  116.279  152.091
 -29.851  130.407  163.045
 -36.794  131.229  179.644
 -32.531  119.104  164.959
 -30.643  149.454  176.390
 -24.805  123.174  152.157
 -27.179  140.818  144.538
 -47.502  129.802 -179.471
 -37.473  142.880  174.024
 -42.710  127.055  160.095
 -54.626  131.547 -174.010
 -28.668  136.748  152.574
 -25.434  125.370  178.545
 -27.690  127.977  167.678
 -26.160  133.092  161.943
 -28.872  126.405  170.957
 -38.147  125.268  166.859
 -12.527  122.086  156.668
 -24.312  122.067  159.221
 -34.954  137.339  169.791
 -31.396  127.614  156.740
 -39.517  137.781  161.730
 -39.236  131.895 -177.576
 -25.537  110.787  175.158
 -40.891  142.295  150.300
 -40.474  134.338  153.735
 -21.469  128.126  163.536
 -37.706  139.579  171.877
 -36.072  134.225  173.506
 -29.279  130.799  157.063
 -34.216  123.028  177.340
 -24.952  129.593  162.396
 -28.182  128.199  170.328
 -36.671  124.136  179.579
 -20.293  134.981  161.414
 -35.865  131.068 -179.563
 -30.081  124.335  168.465
 -43.506  133.880 -179.542
 -23.076  133.066  173.462
 -33.424  133.739  172.745
 -37.832  140.069  175.435
 -35.422  131.289  154.087
 -33.795  129.748  159.202
 -34.953  137.219  162.870
 -44.918  138.015  177.349
 -34.499  127.039  169.177
 -39.676  137.417  173.268
 -30.694  133.393  161.198
 -26.029  136.147  169.637
 -33.445  136.490  161.124
 -30.523  128.303  169.533
 -29.506  124.920  161.944
 -21.818  131.169  165.804
 -38.691  131.718  165.809
 -25.622  122.218  173.509
 -37.565  139.767 -162.572
 -24.389  139.431  155.160
 -34.721  138.073  171.352
 -30.702  136.086  161.777
 -34.284  138.534  162.518
 -30.836  128.172  169.922
 -48.777  137.093  178.758
 -41.254  144.061 -174.785
 -28.391  125.532  158.468
 -39.788  136.520  166.663
 -32.080  127.508  171.755
 -28.829  129.132  167.317
 -35.128  138.470  165.233
 -30.471  142.538  162.988
 -35.312  126.284  163.686
 -28.671  136.992  150.957
 -40.744  128.408  156.382
 -25.955  141.678  149.502
 -26.129  130.941  167.484
 -31.427  141.667  172.598
 -28.815  119.294  174.412
 -36.798  136.163  168.847
 -40.955  133.928  172.013
 -30.673  133.577  168.924
 -20.336  134.002  156.544
 -21.827  133.024  162.889
 -34.088  131.298  155.597
 -30.712  150.939  166.907
 -28.402  147.129  169.570
 -37.456  133.734  162.809
 -23.691  128.628  144.462
 -20.800  128.115  171.751
 -30.472  135.627  176.001
 -40.704  138.540  160.108
 -25.355  127.484  162.030
 -35.172  134.280  176.235
 -37.902  144.049  164.061
 -22.832  129.347  174.004
 -19.230  139.967 -173.123
 -21.722  135.633  173.215
 -38.401  139.292  161.244
 -28.452  133.752  156.911
 -42.431  136.532  178.125
 -38.549  131.347  169.846
 -36.302  134.927  144.621
 -28.446  134.352  161.133
 -45.203  129.218  165.416
 -35.503  126.292  158.150
 -31.677  127.313  143.351
 -24.628  138.493  166.273
 -32.503  131.351  173.668
 -31.787  125.960  160.440
 -27.119  125.676  174.115
 -39.914  133.961  166.096
 -24.690  127.988  152.247
 -43.523  129.575  173.905
 -44.165  128.734  169.854
 -23.384  134.401  169.592
 -36.494  123.091  156.374
 -34.259  135.130  156.344
 -32.195  132.593  157.988
 -29.442  129.321  161.977
 -40.142  133.301  156.144
 -39.656  131.021  162.689
 -46.296  127.909  147.253
 -26.057  118.574  176.792
 -31.107  133.055  165.801
 -31.530  132.256  168.531
 -22.493  127.458  163.605
 -25.279  127.231  170.764
 -22.648  131.590  165.207
 -36.324  143.743  143.109
 -26.088  124.750  172.467
 -31.741  127.379  164.490
 -30.967  120.819  167.143
 -20.591  132.555  170.786
 -32.650  133.927  160.202
 -25.227  133.607  177.378
 -45.350  128.478  169.806
 -31.934  143.617  150.005
 -29.739  123.505 -172.639
 -36.639  141.270  155.083
 -32.592  130.902  151.480
 -17.928  131.652  144.212
 -23.497  139.095  161.547
 -38.697  128.719  158.957
 -26.974  136.010  166.620
 -25.562  125.073  157.285
  -9.391  118.823  152.397
 -30.029  148.392  160.650
 -43.349  143.331  165.935
 -31.198  139.011  166.818
 -13.747  106.294  167.702
 -22.447  138.488  157.657
 -24.529  119.519 -177.568
 -48.654  136.413  175.498
 -28.634  126.146  173.749
 -37.579  128.666  167.408
 -27.515  132.929  157.778
 -37.260  131.799  172.427
 -33.491  129.970  159.660
 -39.173  133.709  163.486
 -34.400  145.591  147.603
 -32.324  138.101  158.949
 -39.985  124.704  172.923
 -36.911  120.496  165.150
 -40.801  131.985 -172.818
 -35.559  144.584  168.129
 -38.066  144.727  176.393
 -26.459  134.805  159.123
 -28.035  130.740  163.080
 -29.577  137.394 -176.034
 -29.633  126.227  167.850
 -36.034  137.149  149.495
 -40.241  140.810  163.407
 -15.721  137.537 -173.870
 -27.170  127.519  158.125
 -31.066  117.088 -179.878
 -36.907  139.463  166.375
 -20.434  127.254  154.195
 -24.010  123.946  158.462
 -33.946  137.365  151.410
 -33.487  139.453  165.679
 -36.766  126.687  169.024
 -31.851  136.548  143.360
 -32.587  138.588  157.410
 -29.381  133.681  150.901
 -36.530  134.015  164.557
 -34.642  132.220  171.108
 -46.206  137.213  153.680
 -35.337  132.495  161.383
 -39.127  128.041  176.072
 -39.272  138.803 -176.570
 -43.132  131.755  163.090
 -34.489  140.616  172.057
 -27.854  131.760  166.168
 -33.483  134.143  162.820
 -11.192  130.699  167.747
 -20.234  126.742  167.668
 -41.156  130.611 -174.756
 -35.207  137.070  175.322
 -21.067  131.668  179.344
 -30.512  133.241 -176.532
 -37.683  130.854  168.813
 -37.866  133.517  152.870
 -32.324  130.174  170.843
 -33.446  137.236  178.129
 -41.640  143.400  164.609
 -32.759  139.791 -170.473
 -24.635  133.058  155.728
 -29.745  122.248  179.321
 -36.756  145.115  168.442
 -34.615  139.230  171.812
 -32.315  130.606  159.176
 -33.620  127.730  173.064
 -25.814  124.866  179.763
 -35.200  130.910  160.228
 -31.537  127.344  163.058
 -37.757  131.165  179.331
 -46.433  140.741  177.123
 -34.389  138.512  177.038
 -27.697  129.024  154.560
 -26.605  137.859  157.945
 -40.850  125.756  173.752
 -46.362  133.278  166.093
 -28.586  131.481  166.891
 -30.869  128.914 -174.830
 -36.361  138.723  152.655
 -22.250  125.088  154.833
 -28.150  129.657  146.293
 -30.072  129.118  172.190
 -37.965  125.512 -178.404
 -29.252  131.794  166.447
 -30.843  143.146  165.311
 -23.776  134.770  160.362
 -37.172  127.607  153.874
 -38.938  119.810  164.576
 -24.285  119.336  154.458
 -36.160  139.034  163.268
 -24.415  132.028  161.449
 -31.313  142.915  179.704
 -32.349  142.967  153.293
 -22.853  147.937 -169.940
 -26.281  145.387  177.951
 -36.540  130.842  166.871
 -24.844  133.982  162.388
 -25.081  132.457  162.177
 -32.012  140.609  141.222
 -30.182  135.304  163.546
 -39.361  136.963  168.337
 -30.125  127.988 -177.977
 -40.357  133.612  157.547
 -33.118  126.102  176.455
 -25.996  134.190  169.986
 -24.243  132.599  159.030
 -39.987  134.919  176.675
 -15.646  133.386  160.399
 -29.672  148.877  156.605
 -45.528  128.988  171.762
 -35.965  129.617  162.669
 -37.719  128.530  154.322
 -34.124  134.835  165.462
 -47.221  132.133  165.456
 -32.881  139.065  175.496
 -38.099  145.636  157.745
 -26.102  132.431  156.098
 -31.404  111.695  163.631
 -22.003  131.505  156.986
 -38.936  132.983  169.473
 -35.655  123.576  138.909
 -35.578  114.393  163.277
 -43.013  126.626  179.224
 -35.529  128.389  170.043
 -29.738  116.076  175.342
 -46.193  147.307  167.683
 -25.110  144.875 -168.174
 -23.097  121.170  175.226
 -33.634  115.862  163.223
 -34.457  132.461  175.129
 -35.583  132.608  163.651
 -35.126  126.084  168.767
 -24.502  119.105  170.828
 -33.652  143.955  168.205
 -35.592  143.775 -179.196
 -41.186  134.768  179.386
 -36.857  139.909  162.173
 -38.469  144.186  156.605
 -31.434  139.094  146.278
 -39.569  133.502  162.571
 -41.619  134.611  178.678
 -28.951  134.943  175.552
 -15.516  133.216  162.927
 -37.118  131.271  162.937
 -28.257  126.611  169.332
 -43.676  131.166 -163.735
 -28.810  144.280  170.536
 -27.290  135.494 -176.470
 -33.532  152.184  153.319
 -36.749  128.846  147.853
 -37.839  134.585  171.552
 -26.058  128.564  177.888
 -38.348  125.150  159.879
 -35.540  119.965  169.674
 -28.735  139.750  174.803
 -30.666  128.660  174.939
 -34.257  124.535  165.016
 -34.636  129.722  171.493
 -27.423  133.171  148.708
 -43.809  128.024  146.091
 -36.538  139.461  177.831
 -43.271  142.623  175.183
 -36.345  126.368  173.877
 -26.878  136.019  155.022
 -26.857  127.640  166.211
 -29.714  138.101  161.536
 -28.337  128.538  163.491
 -18.390  134.683  155.230
 -35.367  136.595  161.895
 -25.627  138.195  155.749
 -31.824  138.190  166.973
 -34.280  132.563  165.021
 -27.172  119.840  159.119
 -36.208  122.365  157.277
 -33.715  142.588  174.640
 -21.901  141.494  154.618
 -30.923  120.846  169.356
 -37.164  129.728  173.078
 -19.051  129.138  168.811
 -33.593  125.158  159.528
 -20.849  132.489  169.396
 -38.234  137.280  164.734
 -33.753  139.909  172.523
 -29.104  131.033  168.092
 -27.506  135.467  147.118
 -21.802  117.931 -178.950
 -22.150  124.205  167.727
 -40.235  138.511  178.085
 -37.878  135.031  166.879
 -31.784  127.821  149.939
 -30.227  119.771  161.153
 -41.742  140.506  157.206
 -27.399  152.403  160.216
 -22.306  135.277  171.045
 -40.617  138.582  150.296
 -40.065  135.615  164.868
 -27.624  126.196  166.129
 -36.923  126.605  161.318
 -38.552  142.792  165.685
 -28.984  124.941  167.541
 -29.168  138.048  174.144
 -31.773  138.902  167.665
 -36.561  137.843  158.975
 -27.587  136.933  167.014
 -33.985  128.895  165.256
 -48.901  133.733 -176.327
 -28.681  142.387  170.439
 -18.011  129.059  157.118
 -42.706  126.825  170.569
 -26.279  128.600  147.171
 -37.508  122.303  161.289
 -26.952  140.982  167.317
 -23.970  135.229  174.232
 -38.281  121.173  166.148
 -31.971  129.956  168.358
 -44.523  133.143  171.889
 -31.987  136.641  174.470
 -26.037  128.840  174.316
 -45.814  140.265 -177.173
 -42.768  133.925 -176.840
 -37.172  140.052  161.489
 -45.882  139.937  168.898
 -30.267  118.958  153.938
 -32.008  139.608  177.665
 -39.014  146.326  161.064
 -38.847  143.216  164.114
 -32.586  130.448  148.764
 -37.308  131.100  168.399
 -36.846  130.896  174.435
 -37.467  117.088  165.624
 -29.642  117.338 -167.085
 -30.529  135.550  148.716
 -31.922  133.802  171.826
 -20.978  130.750  151.590
 -36.816  139.201  167.428
 -31.627  128.807  168.741
 -19.559  137.092  169.275
 -23.973  128.069  164.628
 -22.127  128.550 -168.041
 -26.455  148.067  141.189
 -24.437  138.569  151.501
 -30.785  129.833  165.562
 -18.518  116.615 -176.555
 -25.525  141.315  169.222
 -30.423  132.072  167.038
 -32.498  129.969  168.484
 -32.100  141.422  167.137
 -34.427  140.604  168.245
 -24.867  125.554  156.050
 -36.637  110.841  148.636
 -44.725  139.280 -179.870
 -31.052  137.278  159.703
 -32.146  137.246  163.663
 -28.191  128.210  179.606
 -30.013  124.412  174.854
 -28.450  129.897  151.285
 -20.067  141.491 -178.585
 -24.533  134.653  172.538
 -24.530  137.551  171.747
 -32.727  121.252  171.239
 -28.174  148.186  170.882
 -33.858  128.855  176.472
 -30.134  145.345  153.830
 -38.115  134.635  168.183
 -27.077  142.277  154.439
 -43.447  147.099  173.964
 -46.760  158.845  167.992
 -23.545  137.024  154.270
 -47.030  133.609  165.445
 -32.844  123.124 -178.499
 -29.977  125.083  171.540
 -34.067  137.048  149.121
 -28.575  128.171  152.500
 -36.277  128.402  175.562
 -27.584  132.763  154.799
 -39.044  119.276 -177.601
 -23.081  128.986  178.308
 -29.420  144.885  162.565
 -31.994  139.924  153.247
 -48.665  134.622  166.722
 -29.254  127.136  163.908
 -38.126  146.751  162.029
 -19.962  127.538  163.913
 -40.307  138.595  176.837
 -39.063  147.154  146.207
 -26.819  134.632  158.204
 -29.149  130.949  151.475
 -20.893  129.566 -171.236
 -34.173  141.746  162.396
 -21.406  130.873  163.398
 -19.645  141.751  176.915
 -30.635  124.874  173.532
 -39.374  125.853 -167.126
 -32.670  139.752  175.845
 -34.741  138.900  171.191
 -40.189  134.608  147.080
 -24.632  122.518  177.856
 -44.988  139.903  164.252
 -34.862  129.191  166.431
 -39.879  143.866  153.836
 -33.638  142.545  160.791
 -24.217  124.901  163.930
 -24.741  117.798  151.708
 -38.514  147.284  157.505
 -34.368  128.794  144.409
 -34.795  124.970  166.763
 -28.450  131.640  167.826
 -28.604  127.654  160.119
 -31.417  145.365 -178.044
 -24.999  125.240 -176.631
 -36.596  144.359  158.946
 -39.640  135.107  160.887
 -37.586  125.504  169.109
 -24.840  117.649  179.504
 -38.166  118.883  163.799
 -15.629  128.859  160.494
 -33.457  133.032  165.662
 -29.998  138.755 -179.960
 -42.685  135.475  175.555
 -37.760  142.587  168.814
 -33.557  124.200  171.523
 -29.791  126.760  160.269
 -22.237  122.943  171.298
 -28.049  141.577  168.405
 -42.955  148.537  167.146
 -33.468  124.009 -169.450
 -38.499  143.576  172.030
 -27.406  133.000 -179.711
 -23.525  138.514  172.803
 -37.823  135.342  179.193
 -25.013  112.445 -173.619
 -29.683  138.637  168.797
 -33.179  144.302  154.948
 -28.657  138.030  163.566
 -20.042  140.051  168.147
 -31.390  142.232  165.538
 -36.190  128.136 -173.663
 -29.086  127.094  178.444
 -24.916  133.748  166.547
 -39.787  127.476  176.730
 -43.585  124.768  173.701
 -40.450  139.746  168.789
 -30.638  125.088  159.767
 -26.083  132.938  164.997
 -28.724  145.078  155.006
 -28.173  137.345  163.382
 -21.888  153.719  148.495
 -30.137  134.755  148.242
 -25.379  120.391  160.049
 -31.164  120.968  146.418
 -38.044  130.031  169.740
 -26.575  129.641  169.235
 -14.491  137.079  158.945
 -26.482  123.277  166.637
 -43.645  136.215  170.060
 -52.317  137.181  171.104
 -26.641  109.364  166.770
 -38.323  132.360  160.598
 -30.629  140.137  163.514
 -29.140  137.650  158.846
 -27.143  134.338  175.311
 -45.494  133.843  162.114
 -26.125  138.429  174.874
 -38.191  130.497  175.772
 -32.004  123.574  169.244
 -43.345  132.433 -179.729
 -37.533  131.889  170.849
 -38.357  142.295 -178.905
 -37.670  121.705  168.698
 -33.972  133.602  165.048
 -41.696  137.615 -178.988
 -26.032  124.889 -176.570
 -27.858  130.658  179.026
 -38.041  136.297  176.567
 -20.186  131.035  176.482
 -30.641  124.535  153.221
 -46.221  134.442  154.585
 -30.547  136.719  158.988
 -34.351  140.404  172.423
 -28.633  120.436  163.990
 -25.211  111.705  163.909
 -35.603  143.796  166.143
 -29.271  115.564  161.568
 -33.677  142.376  167.599
 -34.010  124.249  165.728
 -20.469  135.931  151.627
 -34.921  149.530  156.904
 -44.219  131.640  166.417
 -38.774  135.521  168.347
 -33.350  120.739  163.528
 -31.687  125.237  158.029
 -38.768  134.816  162.774
 -29.462  144.929  172.123
 -29.282  135.531 -177.667
 -40.295  134.129  171.325
 -36.262  130.459  179.005
 -31.650  134.249  166.718
 -29.544  124.240  174.518
 -31.919  127.160  164.322
 -34.313  141.640  153.248
 -35.828  141.684  158.268
 -28.388  129.908  155.304
 -17.338  125.759  167.378
 -31.019  131.371  160.133
 -25.126  127.088  146.277
 -31.878  121.310  159.903
 -31.511  121.571 -179.768
 -34.798  129.597  136.560
 -23.145  117.947  144.995
 -12.566  140.563  179.376
 -16.487  121.673  153.592
 -31.113  134.523  178.567
 -29.821  138.279  170.071
 -30.178  132.149  175.614
 -24.599  127.967  166.048
 -35.788  140.235  156.724
 -32.799  136.436  169.824
 -28.866  131.998  165.748
 -32.933  131.023  161.408
 -21.548  122.260  160.219
 -27.491  112.874  178.820
 -27.836  131.362  162.818
 -28.281  133.868  157.784
 -35.195  134.384  165.932
 -30.260  126.530  170.384
 -24.178  132.266  161.716
 -19.385  136.508  155.720
 -23.796  125.286  164.699
 -20.212  144.569  159.517
 -43.427  136.355  171.506
 -31.498  135.641  169.126
 -40.634  140.942  174.278
 -40.480  144.388  157.679
 -38.003  123.630  165.963
 -34.759  150.596  167.689
 -18.995  117.138  169.250
 -33.302  136.941  168.830
 -41.137  135.685  161.670
 -34.030  131.399  161.497
 -34.050  129.140  157.399
 -33.491  112.442  162.355
 -27.716  126.311 -178.514
 -45.877  122.018  166.753
 -26.727  127.948  166.868
 -45.569  132.012  153.417
 -23.126  141.517  169.498
 -42.400  132.488  151.466
 -29.953  128.687  165.866
 -30.383  145.431  155.271
 -46.985  141.432  178.297
 -28.887  130.727  169.178
 -50.103  142.443  163.458
 -30.818  129.481  154.050
 -33.762  130.993  176.439
 -20.990  117.694  168.053
 -24.090  123.952  160.889
 -39.171  125.615  168.769
 -31.424  131.071  146.071
 -22.830  125.996  157.829
 -21.087  136.148  155.778
 -32.978  132.103  174.885
 -19.460  118.560  157.381
 -28.640  130.558  159.610
 -23.133  129.022 -174.754
 -36.002  123.788  150.445
 -35.255  132.668  166.984
 -19.371  128.014  155.416
 -19.545  139.018  163.187
 -40.118  136.094  172.986
 -37.156  131.904  174.686
 -25.503  123.817  163.097
 -36.871  144.828  159.397
 -31.118  132.917 -174.061
 -23.275  130.000  168.471
 -32.066  134.799  172.257
 -27.035  121.652  167.539
 -36.011  136.877  171.708
 -45.331  124.043 -175.458
 -39.000  118.804  171.942
