  55.947  120.615  178.985
  59.009  156.312 -171.857
  46.474  146.758 -154.025
  47.879  142.285 -158.248
  63.965  138.673 -178.292
  47.454  138.241 -156.142
  32.004  143.199 -153.066
  53.735  126.734 -160.319
  55.301  137.735 -162.819
  57.056  125.807 -175.606
  53.257  119.029 -158.182
  46.039  133.618 -164.568
  39.921  136.225 -160.261
  48.221  143.941 -171.933
  41.685  136.478 -161.997
  52.827  119.174 -177.765
  60.289  121.483  168.587
  55.673  133.035 -176.576
  58.910  140.293 -159.495
  44.773  117.925 -159.194
  54.506  136.117 -170.784
  46.774  132.815 -174.699
  47.064  117.361 -163.057
  63.828  126.043 -172.260
  44.559  134.648 -168.240
  69.282  128.753 -174.435
  58.258  133.241 -172.337
  43.877  129.779 -151.082
  43.817  118.335 -169.610
  57.060  153.432 -160.952
  59.228  143.757 -175.255
  53.898  132.008 -167.480
  38.057  151.886 -165.542
  34.485  123.301 -158.656
  60.411  129.549 -168.991
  47.592  122.210 -145.549
  49.766  129.364  176.520
  58.497  127.830 -160.053
  66.512  130.525 -155.039
  54.663  137.736 -173.155
  54.676  121.037 -151.570
  34.795  150.448 -169.543
  64.822  132.182 -159.488
  52.697  141.098 -156.208
  50.274  134.932 -172.962
  48.894  123.950 -173.430
  44.637  109.828 -170.089
  47.339  132.782 -161.288
  44.677  131.358 -152.795
  51.483  155.981 -164.573
  64.153  143.845 -161.061
  66.666  126.381 -163.258
  61.725  125.703 -167.896
  44.672  147.391 -176.110
  50.273  142.262 -164.920
  50.194  118.176 -148.058
  65.355  136.093 -143.228
  47.585  145.551 -160.376
  52.782  141.179 -178.566
  65.463  121.166 -171.732
  56.239  135.757 -167.113
  41.605  132.501 -150.123
  46.146  133.409 -154.709
  58.799  147.594 -144.814
  53.357  128.719 -169.336
  53.832  138.162 -149.202
  65.444  146.377 -164.396
  63.427  135.531  175.359
  61.478  129.360 -171.234
  43.692  142.779 -158.004
  53.022  139.082 -139.960
  60.325  141.289 -175.903
  58.666  131.490 -160.134
  64.734  139.175 -168.916
  48.325  128.631 -159.881
  64.530  121.113  175.504
  50.141  127.708 -157.808
  44.820  121.651 -158.469
  50.143  115.612 -179.771
  47.886  124.518 -153.168
  51.921  138.246 -136.330
  35.706  131.816 -149.222
  46.961  120.378 -169.664
  62.329  139.880 -158.608
  55.337  142.037 -175.966
  60.228  123.571 -166.125
  51.178  120.987 -165.020
  56.680  137.898 -166.033
  48.189  136.701 -164.422
  57.793  122.211  176.429
  58.893  138.021 -169.233
  43.303  123.832 -154.950
  47.616  127.418 -154.088
  53.936  132.551 -157.027
  56.159  139.607 -155.616
  49.718  144.974 -160.572
  64.836  138.168  165.586
  60.488  128.605 -159.439
  21.261  123.115 -163.416
  55.438  121.846 -162.587
  31.919  105.078 -170.158
  51.417  110.634 -170.815
  44.675  127.960 -170.279
  53.647  135.535 -165.058
  50.545  123.841 -157.754
  46.213  120.725 -144.627
  37.055   98.726  159.138
  39.993   99.540 -157.153
  68.217  141.357 -178.834
  45.223  120.978 -162.575
  48.567  139.438 -178.392
  28.108  141.469 -145.495
  32.257  109.209 -165.869
  34.675  110.470 -159.593
  51.583  120.059 -162.247
  69.610  135.228 -165.189
  42.797  122.743 -171.932
  51.094   97.662 -172.360
  46.990  106.635 -167.000
  47.556  119.936 -171.721
  49.921  128.549 -158.915
  59.836  134.266 -158.389
  63.120  141.802 -174.145
  52.821  141.505 -161.426
  50.557  126.858  179.754
  53.924  142.689 -174.964
  63.785  133.724 -178.623
  41.010  138.520 -158.558
  39.151  124.782 -162.076
  54.947  145.023  179.165
  39.589  144.425 -165.870
  41.416  109.564 -163.537
  51.315  118.054 -174.522
  61.010  127.938 -164.689
  38.696  133.620 -138.809
  38.362  146.014 -165.929
  58.315  136.956 -171.339
  43.057  116.454 -153.964
  62.600  133.245  175.209
  36.742  125.841 -156.675
  24.657  119.843  171.229
  50.342  133.426 -168.038
  54.895  143.541 -159.723
  53.001  143.845 -158.459
  46.051  113.945 -156.936
  35.903  133.002 -159.174
  59.556  130.627 -169.485
  49.821  147.978 -150.115
  52.116  140.479 -177.023
  46.126  122.907 -144.774
  47.421  125.679 -163.579
  54.967  133.317 -167.333
  51.327  122.715 -166.466
  34.950  112.815 -158.097
  64.526  136.534 -169.429
  45.613  135.356 -163.098
  45.561  127.763 -147.754
  53.329  130.821 -157.363
  49.151  125.537 -178.422
  65.587  132.883 -165.618
  58.212  137.115 -167.736
  37.997  144.451 -160.938
  52.774  134.161 -152.820
  52.037  149.088 -167.456
  39.966  146.464 -144.951
  35.275  106.154 -160.796
  48.190  129.079 -155.679
  49.166  117.286 -158.438
  32.398  132.846 -154.231
  49.513  130.764 -158.415
  71.599  139.345 -166.884
  46.422  116.728 -155.963
  46.638  143.781 -147.612
  58.912  137.419 -156.674
  59.496  130.074 -175.354
  38.395  122.332 -174.376
  52.151  122.725 -176.949
  49.309  130.316 -166.666
  41.648  141.117 -168.341
  53.488  141.416 -177.796
  56.136  149.065 -159.766
  45.915  111.180 -163.297
  28.817  123.413 -147.262
  32.885  115.160 -156.498
  50.893  126.373 -173.136
  71.817  117.687 -179.277
  57.140  137.651 -163.620
  49.996  138.287 -151.276
  48.927  118.849 -161.253
  63.462  149.024 -169.578
  36.009  136.745 -155.181
  46.814  130.478 -171.472
  57.386  138.595 -179.379
  48.207  139.195  176.857
  51.470  130.002 -156.255
  52.045  151.255 -176.032
  51.363  139.417 -153.031
  43.906  115.689 -167.619
  59.942  136.509  172.468
  67.128  136.263  175.916
  53.584  143.587 -170.492
  56.303  138.232 -168.176
  50.055  133.653 -145.941
  58.417  150.011 -161.368
  60.753  138.340 -166.730
  55.420  130.447 -165.000
  64.977  152.212 -175.591
  54.545  154.458 -152.410
  52.550  137.932 -164.669
  54.956  123.703 -168.041
  43.351  121.027 -152.856
  52.638  130.172 -175.728
  64.178  129.152 -163.820
  60.435  158.188 -164.258
  56.396  150.616 -163.231
  41.105  110.183 -177.955
  49.704  123.662 -155.720
  49.948  139.353 -147.167
  49.530  133.578 -168.086
  43.493  104.276 -168.482
  52.004  133.586 -170.640
  56.577  134.164 -155.990
  50.948  116.590 -155.636
  63.219  147.171 -164.153
  50.272  138.027 -167.668
  56.033  147.087  178.187
  49.744  127.284 -158.017
  48.085  158.323 -160.400
  67.475  159.348 -162.971
  44.422  133.715 -171.697
  42.653  129.451 -144.113
  52.148  150.404 -166.754
  47.653  102.075 -148.062
  45.665  138.742 -173.626
  43.923  120.547 -164.308
  61.732  132.423 -164.179
  52.781  129.912 -143.969
  40.552  108.096 -159.331
  44.057  127.748 -157.111
  34.408  122.319 -162.225
  49.724  128.766 -172.435
  56.034  157.552 -167.106
  52.120  131.387 -158.708
  59.661  145.592 -158.305
  45.191  132.709 -160.557
  56.492  129.143 -176.640
  50.135  147.405 -159.569
  51.187  138.445 -168.205
  64.018  145.248 -170.900
  62.213  148.536 -162.565
  53.460  136.634 -160.813
  51.651  122.727 -156.547
  26.402  128.833  175.458
  46.739  116.167  171.127
  56.003  139.530 -173.383
  63.857  149.296 -174.888
  61.064  136.463 -160.173
  51.151  108.474 -164.262
  73.107  132.384 -167.905
  56.943  133.601 -167.322
  50.970  108.788 -168.400
  49.874  125.087 -147.559
  63.831  138.603 -173.988
  48.156  134.245 -156.127
  41.113  137.756 -175.204
  56.529  162.483 -161.521
  51.757  133.035 -144.925
  54.201  146.421 -149.805
  59.268  150.258 -166.168
  38.227  128.030 -139.655
  49.940  141.584 -139.114
  48.043  103.719 -167.050
  38.564  140.681 -164.690
  40.247  126.255 -163.462
  46.566  111.974  172.104
  34.267  123.337 -160.696
  57.126  133.770  172.466
  64.322  129.441 -180.000
  34.808  118.557 -164.179
  29.985  124.689 -129.535
  52.952  134.555 -160.387
  43.995  140.109  172.423
  43.743  125.145 -166.753
  18.104  119.256 -175.554
  55.464  136.918 -160.947
  43.601  127.014 -154.830
  54.355  131.512 -178.552
  49.476  126.958 -163.626
  47.092  135.356 -173.713
  35.485  121.119 -166.922
  50.043  139.292 -163.620
  44.351  143.967 -165.442
  53.320  128.219 -170.063
  55.402  150.590 -155.912
  46.732  135.345 -167.050
  57.950  131.422 -153.614
  53.085  148.808 -155.735
  47.404  134.111 -172.507
  54.379  142.502 -176.548
  53.012  123.361 -158.095
  33.836  138.329 -168.227
  45.051  129.267 -141.578
  55.183  143.122 -174.580
  48.170  141.466 -177.933
  67.719  133.408  168.221
  49.695  134.348 -156.961
  37.856  120.632 -173.084
  52.105  138.091 -156.573
  48.803  149.003 -166.234
  52.187  139.066 -167.370
  61.920  130.783 -177.569
  54.350  140.196 -164.414
  40.353  134.131 -156.735
  51.875  140.957  178.161
  51.390  144.664  178.980
  51.740  140.609  176.670
  32.031  111.760 -163.064
  34.135  109.290 -156.137
  41.509  113.622 -163.421
  36.294  100.854 -161.454
  41.828  110.444 -163.023
  39.155  133.969 -154.043
  56.035  136.669 -154.482
  36.780  119.930 -163.023
  54.287  144.179 -145.333
  53.339  143.292 -174.052
  48.328  136.033 -171.716
  53.724  135.184 -152.097
  54.835  139.623 -156.767
  40.623  135.743 -150.560
  44.682  123.734 -164.584
  57.332  130.523 -168.901
  52.201  152.821 -153.684
  43.992  127.770 -179.067
  46.861  120.094 -172.507
  57.247  112.093 -158.495
  42.913  121.954 -155.104
  63.586  126.787 -170.864
  52.646  139.787 -144.354
  68.096  147.356 -174.045
  44.280  148.455 -158.066
  59.672  136.579 -159.424
  52.884  138.053 -168.466
  59.079  130.398 -163.252
  54.942  138.879 -150.299
  55.359  136.759 -161.238
  59.164  138.061 -174.094
  26.202  122.998 -144.809
  54.291  123.287 -157.357
  43.630  125.509 -160.057
  56.974  129.359 -158.937
  48.601  135.905 -160.911
  61.537  145.710 -161.819
  48.132  152.644  179.972
  50.738  126.550 -168.870
  48.129  123.730 -169.711
  45.453  145.614 -166.601
  59.666  127.051 -172.400
  48.771  119.822 -177.291
  44.777  135.434 -173.113
  51.651  133.324 -170.685
  43.536  103.329 -163.161
  53.990  130.557 -163.226
  57.140  120.937 -164.408
  54.284  127.371 -166.136
  48.121  154.104 -153.929
  51.631  157.335 -164.060
  59.601  116.840  176.495
  42.429  126.094 -161.302
  44.719  130.026  178.461
  56.502  122.014  178.966
  63.529  130.121 -170.750
  39.663  114.633 -173.570
  31.032   99.342 -155.018
  56.082  121.094 -167.883
  62.271  138.092 -168.393
  56.505  133.527 -168.586
  61.519  116.789 -152.389
  56.127  129.037 -171.597
  54.026  139.956 -151.315
  47.212  122.196 -151.216
  57.583  131.501 -161.124
  71.536  134.654 -175.316
  52.723  137.516 -168.203
  54.801  133.803 -163.572
  37.465  116.087 -164.610
  59.977  140.595  179.248
  52.625  142.667 -160.417
  40.904  123.837 -178.890
  59.406  121.264 -157.266
  44.418  130.327 -160.108
  34.152  129.016 -163.563
  25.952  104.751  168.476
   2.827  101.715  174.230
  16.326  123.323  142.741
  -2.209  117.442  169.134
   1.670  122.299  153.063
  42.491  126.050 -172.690
  43.263  117.416 -149.052
  38.555  105.847 -175.822
  59.275  118.260 -156.510
  50.887  128.009 -155.928
  43.090  120.165 -166.383
  52.216  134.212 -173.585
  16.658  123.539  177.334
  43.683  115.164 -172.563
  38.555  120.266 -173.171
  46.596  146.095 -166.772
  49.689  128.002 -167.367
  58.511  133.504 -173.074
  49.931  141.882 -166.351
  58.152  130.181 -170.522
  56.554  134.770 -165.538
  60.089  143.834 -159.960
  48.049  134.289 -153.988
  62.327  124.315 -163.931
  48.343  127.279 -172.382
  44.220  124.419 -149.622
  57.358  136.173 -173.630
  46.226  155.378 -166.762
  51.348  143.919 -159.801
  69.853  140.705 -172.526
  64.736  154.713 -176.690
  54.735  136.056 -145.212
  58.142  136.560 -163.547
  38.797  122.835 -156.252
  57.542  126.079 -167.111
  51.474  121.734 -173.012
  42.225  124.569 -150.720
  42.025  144.864 -163.721
  43.743  135.368 -153.565
  49.991  128.032 -173.289
  57.048  137.847 -167.558
  54.225  136.833 -172.952
  29.824  141.983 -162.025
  44.811  126.986 -138.807
  64.028  149.605  173.491
  49.014  139.046 -161.538
  33.577  131.629 -172.915
  38.937  127.964  174.471
  63.606  153.794 -161.742
  45.115  135.905 -171.944
  55.366  131.453 -173.013
  41.909  124.844 -159.395
  57.491  137.259 -165.470
  57.495  126.951 -166.908
  62.082  145.663 -165.777
  50.287  132.708 -155.697
  44.600  130.952 -166.930
  46.285  142.554 -178.827
  53.349  139.036 -147.947
  51.511  108.786  179.980
  56.061  127.075 -169.923
  37.573  147.028 -164.214
  39.143  119.173 -161.589
  39.480  103.840 -177.591
  46.445  140.534 -157.649
  47.111  144.406 -173.213
  42.257  128.907 -165.549
  14.593  109.897 -176.368
  33.815  131.224 -168.514
  37.231  118.919 -167.755
  45.029  128.030 -166.447
  46.009  121.638 -152.160
  52.912  124.868 -173.784
  65.152  123.391 -170.197
  56.090  135.300 -152.442
  33.925  125.703 -165.136
  63.880  139.063  179.952
  51.156  118.314 -163.328
  37.940  101.419  179.163
  60.400  137.876 -169.405
  57.757  127.373 -159.680
  60.944  136.973  178.921
  58.523  136.372 -175.817
  49.762  115.413 -176.037
  34.494  139.382 -178.613
  59.822  134.520 -171.274
  46.398  135.780 -164.459
  69.394  131.758 -156.969
  67.999  132.890 -177.131
  51.453  138.001 -146.194
  60.430  125.011 -162.676
  59.377  137.015 -158.393
  51.977  141.061 -172.335
  26.070  118.030 -156.212
  61.689  122.512 -161.001
  41.225  120.866 -147.312
  44.396  134.284 -152.885
  60.815  139.965  172.682
  52.409  122.215 -161.355
  47.061  138.165 -147.985
  58.688  135.155 -162.969
  52.691  128.690 -168.859
  50.214  149.373 -157.362
  42.564  138.644 -168.649
  66.179  116.994 -159.183
  47.373  139.370 -154.020
  41.897  158.210 -158.058
  65.591  125.597 -173.394
  51.120  131.872 -162.278
  50.076  120.018 -175.960
  57.698  136.997 -158.715
  19.690  132.076 -176.852
  45.420  120.762 -168.885
  45.445  140.626 -152.957
  62.265  130.785 -161.135
  48.229  121.039 -150.139
  52.911  130.302 -163.918
  41.971  142.105 -164.675
  42.813  126.564 -179.046
  50.426  140.054 -170.360
  49.521  122.803 -170.966
  37.815  128.945 -162.906
  66.581  141.895 -157.986
  63.390  122.669 -177.741
  48.236  117.834  172.660
  48.446  149.326 -164.381
  44.506  129.465 -138.826
  36.364  132.341 -158.656
  44.806  149.296 -159.977
  60.080  141.300 -162.580
  61.229  108.798 -172.760
  33.771  120.793 -176.550
  53.996  149.926 -165.098
  44.436  132.726 -159.471
  44.172  133.306 -158.399
  55.064  136.263 -170.183
  43.284  103.285  178.047
  54.835  143.308  173.577
  42.355  140.743 -163.100
  54.469  142.960 -171.924
  53.568  114.440 -161.424
  44.196  134.266 -166.282
  63.879  147.244 -169.696
  49.034  113.483 -160.036
  54.020  146.436 -164.220
  52.679  147.513 -162.070
  58.803  134.377 -148.812
  63.322  130.069 -171.775
  37.171  108.060 -158.106
  51.769  134.784 -167.529
  45.756  122.861 -162.893
  53.868  141.974 -175.996
  64.274  127.964 -166.832
  58.167  139.216 -166.800
  47.315  111.592 -171.543
  51.922  126.402 -165.908
  51.601  137.924 -160.157
  53.850  142.743 -163.820
  36.455  126.103 -166.067
  66.338  138.073 -172.823
  76.139  146.019 -151.937
  36.031  139.732 -145.222
  69.062  143.226 -162.016
  63.018  134.770 -172.895
  68.099  150.352  174.824
  61.646  152.470 -167.027
  64.397  141.093 -161.617
  60.171  148.939  178.589
  41.889  123.687 -135.706
  53.810  126.121 -143.519
  52.289  139.595 -161.250
  66.391  129.206  178.850
  38.396  135.614 -160.282
  48.368  113.941 -157.587
  45.992  141.714 -164.964
  40.959  111.980 -168.742
  40.447  105.415 -175.796
  45.203  103.471  162.131
  56.501  137.167  175.639
  56.938  119.192 -162.752
  69.224  139.684 -151.935
  61.316  149.377 -154.804
  63.299  149.865 -169.278
  50.762  135.277 -173.315
  50.022  123.979 -148.655
  59.717  145.454 -176.461
  45.146  131.045 -153.653
  46.298  128.883 -161.522
  59.410  145.669 -163.184
  40.612  132.412 -154.244
  60.350  129.040 -160.653
  56.679  132.546 -166.602
  51.122  132.070 -166.295
  48.688  141.652 -163.885
  47.374  139.391 -149.624
  48.283  152.972 -159.753
  51.014  145.979 -173.451
  57.324  133.471 -167.644
  46.543  130.445 -169.877
  61.631  139.380 -166.618
  53.623  130.798 -170.119
  48.650  132.761 -175.757
  44.346  120.396 -144.116
  55.441  136.493 -168.973
  67.054  140.844 -169.956
  52.757  146.259 -156.286
  70.043  139.760 -174.096
  58.844  134.531 -170.930
  57.700  143.459  176.930
  39.453  143.120 -147.610
  48.275  143.270 -164.500
  57.890  156.000 -159.522
  66.072  137.234 -169.352
  54.003  137.734 -172.434
  30.785  125.443 -163.353
  31.629  120.127  173.747
  59.168  140.257 -172.860
  54.683  139.738 -165.109
  65.940  134.454 -170.523
  38.771  128.906 -152.775
  47.303  136.137 -175.729
  49.247  132.056 -167.708
  59.180  131.988 -161.113
  50.594  155.012 -172.996
  51.813  128.834 -171.095
  38.771  110.236 -156.486
  53.708  130.552 -161.201
  51.070  118.643 -161.003
  68.143  129.856 -154.529
  38.190  135.804 -145.948
  40.312  132.525 -152.049
  55.302  140.402 -157.590
  37.307  117.876 -159.731
  17.597  119.034  177.982
  37.585  102.259 -170.885
  52.106  114.749 -169.556
  49.408  134.853 -163.772
  66.820  137.703 -176.612
  53.021  134.500 -162.898
  49.523  127.125 -175.586
  31.164  128.011  175.889
  60.315  135.581 -163.975
  56.284  140.820 -168.870
  48.839  132.134 -160.730
  60.475  138.334 -165.491
  55.191  116.083  176.749
  43.610  136.155 -146.055
  47.645  123.674 -165.143
  56.625  138.071 -177.909
  34.545  140.363 -151.976
  74.311  145.398 -173.304
  36.380  133.069 -146.893
  68.872  137.852 -173.365
  57.283  145.063 -176.027
  60.858  136.027 -164.709
  61.567  134.564 -164.528
  45.098  132.559 -149.521
  48.290  130.503 -158.972
  44.060  150.301 -163.966
  46.344  123.971 -159.317
  48.768  127.368 -166.934
  40.637  122.565 -155.306
  60.717  132.385 -163.290
  56.630  122.460 -164.066
  55.570  137.014 -162.354
  42.602  125.472 -165.872
  34.288  133.102 -176.436
  50.704  117.507 -168.450
  49.951  128.318  175.742
  32.920  132.716 -156.137
  53.998  118.186 -158.823
  40.630  125.713 -168.408
  43.111  129.858 -148.994
  60.061  142.769 -169.320
  52.079  135.580 -165.759
  72.354  142.812 -166.660
  62.715  144.506 -165.125
  40.827  142.208 -146.995
  48.280  117.132 -161.580
  37.084  115.132 -173.236
  44.721  140.925 -148.139
  54.219  122.594 -160.623
  62.279   97.856 -174.159
  54.389  136.051 -170.816
  40.472  112.280 -154.399
  44.919  132.927 -158.640
  52.259  139.531 -163.718
  58.990  147.982 -160.307
  51.842  144.612 -147.427
  58.413  149.974 -168.166
  38.913  129.453 -148.507
  60.165  131.525 -163.773
  49.785  144.670 -177.017
  52.873  139.083 -153.405
  45.584  140.867 -155.408
  50.277  129.470 -165.463
  39.521  133.992 -157.849
  52.711  133.095 -152.104
  60.230  139.958 -161.736
  58.279  133.678 -172.124
  64.860  139.766 -172.973
  45.033  135.032 -141.126
  57.108  129.439 -153.762
  60.936  136.905 -173.986
  51.977  139.146 -171.673
  47.886  122.673 -154.181
  49.307  122.172 -148.487
  52.882  127.142 -177.119
  61.358  129.170 -158.591
  41.227  115.720 -152.505
  62.511  133.373 -165.416
  52.921  124.451 -151.210
  37.256  123.926 -155.748
  41.486  124.266 -159.568
  44.134  118.294 -169.295
  50.308  148.818 -159.297
  53.723  143.403 -159.689
  36.382  118.295 -140.340
  59.963  148.786  179.383
  42.798  132.532 -173.990
  41.041  129.481 -167.229
  55.562  123.910 -148.817
  42.605  119.725 -163.286
  52.377  142.478 -153.675
  55.493  153.950 -160.176
  45.603  127.114 -165.690
  39.886  130.162 -160.030
  60.225  131.930 -165.917
  55.712  131.860 -168.541
  52.834  137.932 -171.926
  51.719  138.166  178.629
  62.729  128.466 -164.979
  55.869  136.710 -161.935
  61.173  143.356 -168.887
  46.252  141.511 -169.529
  55.433  137.833 -163.332
  43.134  130.503 -154.463
  48.728  128.959 -162.055
  50.435  144.123 -169.731
  67.384  143.144 -173.585
  52.679  135.252 -160.797
  54.089  141.691 -174.080
  48.887  134.447 -170.999
  41.601  130.711 -138.424
  52.744  139.174  179.589
  50.677  141.358 -162.200
  59.629  133.075 -167.078
  40.809  129.920 -163.852
  49.826  133.580  178.812
  51.577  140.696 -161.860
  44.721  129.905 -161.080
  58.476  130.466 -164.334
  50.078  137.927 -149.586
  46.666  139.106 -156.081
  54.669  130.982 -162.519
  47.601  148.794 -160.171
  61.560  137.743 -170.804
  49.593  134.208 -167.050
  46.319  138.749 -174.825
  35.909  121.766 -165.896
  47.392  135.892 -170.798
  46.118  119.630 -162.013
  43.918  132.774 -175.467
  44.957  124.948 -171.548
  50.690  151.545 -173.427
  49.654  139.687 -164.471
  50.871  141.706 -158.866
  48.763  117.441  178.651
  53.257   95.970 -169.339
  33.086  123.206  172.480
  51.119  121.424 -176.947
  56.925  118.104 -177.634
  50.572  129.775 -162.666
  47.198  139.746 -155.761
  54.051  144.653 -163.085
  54.843  144.133 -160.695
  53.802  130.805  179.671
  51.731  144.650 -170.442
  46.077  123.198 -160.764
  56.831  153.226 -177.325
  52.475  138.906 -162.763
  46.556  143.981 -162.140
  52.632  141.595 -160.970
  53.608  135.611 -172.278
  74.536  147.950 -169.195
  39.380  138.363 -159.269
  42.881  132.340 -172.024
  73.388  146.613  179.890
  54.916  137.073 -163.111
  41.170  125.757  179.485
  47.162  137.161 -163.136
  67.289  144.415 -169.924
  55.649  120.352 -170.243
  42.985  132.441 -139.897
  57.934  134.880 -171.111
  51.010  154.187 -163.995
  61.194  145.237 -165.611
  61.081  130.428 -175.031
  55.937  140.730 -157.616
  52.181  133.897 -162.312
  51.359  128.706 -174.393
  48.512  139.979 -176.379
  49.400  163.650 -173.875
  61.632  150.151  168.990
  43.587  122.428 -144.932
  54.966  140.583 -155.105
  62.401  134.816 -171.201
  62.400  137.882 -178.574
  47.344  139.144 -163.256
  37.193  117.723 -178.736
  44.596  115.657 -161.111
  27.030  114.770 -170.105
  35.288  107.573 -168.959
  47.695  149.973 -162.325
  51.750  135.287 -147.536
  50.794  139.050 -152.076
  36.330  109.330  176.777
  17.979  127.303 -178.850
  40.027  115.336  179.783
  52.340  108.564 -153.129
  48.379  106.247 -170.040
  53.882  133.361 -161.601
  43.337  145.335 -146.936
  49.952  127.073 -150.117
  57.064  138.621 -167.855
  50.331  114.740 -150.464
  55.964  128.671 -145.356
  35.067  138.043 -140.725
  57.105  145.191 -178.434
  47.898  111.148 -159.421
  60.994  146.484 -154.122
  39.557  148.707 -159.325
  56.374  136.345 -172.859
  71.694  135.736  178.709
  35.204  134.806 -165.819
  46.537  116.662 -152.719
  46.491  120.525 -157.366
  59.232  129.257 -150.983
  44.039  136.965  174.544
  53.489  152.402 -152.714
  55.756  121.486 -163.830
  53.266  128.158 -161.583
  57.185  126.754 -154.207
  48.373  124.971 -173.417
  39.781  147.940 -168.501
  45.439  140.919 -158.683
  54.415  148.840 -159.134
  51.626  128.441 -144.995
  69.147  143.217  175.441
  44.529  154.210 -160.962
  35.782  124.625 -155.727
  28.106  124.975 -164.786
  46.345  127.595 -166.298
  49.373  122.393 -156.455
  56.182  136.654 -178.223
  47.409  114.037 -161.427
  56.441  132.543 -150.589
  66.536  138.936 -179.831
  49.051  151.441 -169.535
  54.189  135.701 -168.647
  43.341  123.832 -169.858
  48.642  145.596 -168.705
  45.293  142.379 -171.998
  35.593  121.022 -170.480
  58.446  129.146 -161.034
  51.104  143.686 -165.287
  44.457  113.973 -164.548
  33.259  124.556 -161.720
  45.224  128.125 -162.849
  55.782  141.719 -154.498
  42.352  117.395 -166.654
  45.760  136.165 -164.557
  46.929  130.365 -175.788
  49.550  130.913 -168.881
  41.459  120.408 -155.008
  53.684  138.500 -169.502
  67.956  133.326 -157.122
  60.805  138.415 -168.665
  53.281  133.529 -158.760
  58.420  132.967 -161.497
  59.399  147.789 -166.330
  64.182  125.011 -170.484
  56.284  137.747 -178.795
  58.654  132.773 -164.429
  33.963  141.650 -151.960
  55.008  130.859 -164.274
  61.990  130.482 -169.229
  43.582  119.129 -153.509
  65.446  134.539 -168.648
  44.813  112.319 -141.062
  42.896  125.898 -173.248
  60.793  125.567 -175.819
  51.355  120.347 -177.813
  66.318  131.742 -153.285
  56.301  135.442 -162.131
  60.102  142.451 -175.540
  46.864  143.190 -169.775
  44.130  126.818 -171.228
  56.432  135.558 -175.002
  41.429  111.962  151.466
  68.944  124.812 -160.167
  48.035  150.851 -162.211
  60.646  140.213 -146.432
  64.815  131.598 -161.154
  56.159  135.927 -174.000
  64.940  130.238 -176.535
  57.920  142.587 -167.516
  36.114  137.043 -148.924
  55.306  160.759 -176.408
  52.848  140.081 -149.188
  52.181  147.501 -157.220
  64.386  128.446 -172.834
  56.305  123.829 -168.594
  61.592  124.518 -178.424
  40.957  131.755 -167.521
  54.254  131.682 -156.829
  49.139  143.565 -158.749
  61.852  129.283 -163.613
  56.490  134.744 -167.890
  59.845  127.405 -160.495
  63.828  140.272 -152.866
  43.183  131.668 -161.945
  55.902  133.059 -163.025
  40.259  118.188 -154.518
  57.693  120.771 -170.656
  50.385  122.533 -149.361
  42.245  114.104 -168.733
  45.143  141.107 -159.984
  43.787  120.644 -161.278
  43.245  129.484 -178.944
  44.970  144.098 -166.242
  55.290  133.697 -150.185
  59.349  135.694  179.921
  42.526  131.507 -169.508
  57.904  148.324 -173.791
  53.497  139.250 -147.422
  48.625  126.667 -148.709
  54.799  124.705 -172.278
  54.622  140.866 -166.619
  59.645  124.543 -179.795
  45.501  103.792 -173.899
  31.003  113.395 -170.692
  53.249  143.236 -162.433
  53.134  146.551 -169.147
  55.955  137.656 -166.329
  65.678  138.249 -163.165
  65.353  130.698 -166.143
  42.153  128.448 -151.499
  46.654  131.221 -168.319
  67.277  143.321 -177.785
  54.857  154.597 -175.574
  53.774  135.911 -167.079
  67.127  137.205 -171.455
  45.815  125.458 -155.826
  47.568  141.722 -148.498
  48.188  135.928 -172.571
  60.309  143.887  179.890
  44.464  132.981  177.275
  55.443  130.514 -176.976
  53.602  154.558 -172.746
  47.926  124.519 -179.018
  53.070  135.764  172.820
  61.023  142.889 -178.846
  59.152  137.489 -166.506
  54.054  144.004 -142.234
  66.697  144.749 -165.495
  45.465  135.200 -174.961
  51.637  139.616 -164.352
  44.328  116.513 -160.920
  40.851  115.473 -170.554
  37.540  118.041 -171.182
  49.704  116.308 -159.042
  41.239  119.551 -171.900
  49.316  136.400  179.229
  39.026  149.137 -132.298
  54.827  124.885 -157.385
  62.152  129.178 -158.295
  58.218  137.858 -170.900
  51.908  133.908 -170.277
  59.533  143.056 -172.522
  48.764  139.973 -171.087
  47.873  123.492 -164.930
  58.985  137.233 -163.920
  61.103  123.469 -165.407
  59.907  132.646 -171.738
  57.503  133.440 -144.105
  44.673  141.334 -159.825
  61.425  124.457 -172.089
  32.109  118.877 -149.527
  44.428  116.351 -154.338
  50.076  118.012 -173.408
  53.208  108.101 -160.120
  57.111  144.550 -162.502
  53.586  136.502 -155.447
  62.853  131.414 -162.594
  64.906  141.751 -172.876
  48.369  123.986 -172.946
  44.153  125.126 -168.801
  46.498  130.561 -173.255
  51.170  134.116 -164.344
  55.343  136.202 -173.608
  51.375  132.859  178.571
  47.431  140.483 -158.579
  53.944  128.719 -164.135
  44.327  139.646 -158.000
  49.935  131.106 -162.807
  46.254  118.289 -171.878
  45.785  129.536 -150.659
