 107.773  133.944    6.829
 102.752  131.401   10.157
 110.307  127.220   -9.403
  86.860  140.759   -1.036
  90.724  137.490  -15.846
  95.911  137.727  -14.654
  93.260  127.799  -10.045
  95.892  138.171   -4.886
 106.160  131.118   -7.987
 106.471  139.908   13.739
 118.404  134.403    5.655
  98.582  126.420   17.175
  99.757  125.855    9.393
  91.173  145.371   -6.260
 102.304  128.729  -10.928
 106.927  137.446   -0.444
 100.091  129.143    3.124
 103.228  138.467    2.155
  98.705  142.202    0.417
 113.067  141.906  -17.776
 109.502  142.034    5.585
  92.974  117.381  -11.231
 110.904  134.858  -10.188
  97.686  147.631  -18.172
 100.604  136.187   10.109
  99.169  150.321  -12.715
 100.660  141.836    5.307
 100.171  124.223   -7.628
 100.084  131.643   -0.954
 104.411  127.853  -10.812
 100.089  128.138   11.936
 107.579  119.923   24.627
 107.949  132.041   -4.941
 100.222  136.588    6.037
  85.865  136.316  -19.399
  98.848  143.418    4.459
 104.124  138.879   -1.630
  99.091  137.464    5.847
 123.823  137.304   -3.261
 105.395  125.526   -6.732
  97.989  121.083  -17.970
  96.487  140.442   22.709
 108.707  141.573    4.630
 113.514  147.243   -8.333
  91.687  142.207    7.955
  94.642  142.282   12.994
  94.534  139.061   -5.484
  97.701  144.149   10.150
  97.163  127.205    1.974
  98.305  147.295  -16.799
 103.287  114.499    1.299
 116.253  128.479  -12.172
 112.289  138.765    2.194
  99.936  145.904   -4.562
 104.880  141.805  -22.293
  95.048  132.060   -0.283
 103.064  149.085    5.147
 102.634  134.506    4.497
 117.639  143.081   -3.374
 104.607  143.899    0.523
  93.680  139.348   -9.345
 113.508  134.863    4.448
  93.132  138.895   -6.650
  95.638  132.790   15.605
  90.030  143.950  -14.926
 107.372  135.753   20.113
 105.302  134.531   12.210
  94.277  143.908   -8.586
 105.417  129.017   -2.104
 102.299  124.454   -8.320
  90.664  147.623   -1.643
  93.625  113.530   13.390
  92.718  136.974   -9.554
 102.437  141.196   -9.982
 103.806  129.913   24.493
  91.454  134.728   -4.708
  95.523  145.651   -7.487
  98.585  137.820  -10.380
 105.615  146.301   -5.173
  99.403  144.540   -6.571
 108.111  120.813   -6.904
 105.779  133.051    5.515
  95.297  139.632    0.449
 110.349  124.490   -5.871
  95.156  139.632   11.507
 100.631  132.282    4.471
 101.215  132.481    2.212
  90.159  142.826    4.539
 109.682  131.580  -11.938
  94.627  133.220    4.890
 106.236  134.099    4.227
 101.590  141.096   -2.480
  98.542  130.291  -14.405
 105.040  141.254   12.518
 105.382  142.525   -0.547
  93.985  134.844   -3.974
  90.714  126.298    9.218
 103.564  132.961  -10.276
  86.877  139.953   21.514
 107.085  140.983   -1.761
 106.382  139.470    7.001
  93.899  134.722   -0.276
 123.716  131.445  -16.742
  94.984  124.179    5.944
  97.915  136.522   14.175
 103.324  133.386  -19.955
 107.549  121.485   11.265
 107.434  135.045   -6.144
  92.571  131.377   12.054
  94.813  126.127    4.149
 108.706  132.458   -6.778
  94.007  137.771    2.970
  99.023  135.949   -4.251
 104.329  138.915   -9.461
  92.350  138.301   -2.245
  92.455  136.756   -3.861
  96.510  118.602  -11.224
 112.891  138.516    8.897
  99.303  132.700   -5.719
 107.069  131.087    1.922
 106.421  133.606    6.673
  95.528  155.506  -11.942
 104.700  141.557   -7.844
  99.501  136.820   -0.710
  99.249  143.030  -26.679
 106.301  145.024    8.443
 103.819  137.533   -1.448
  98.908  140.077    9.417
  94.029  122.838   -4.048
  89.059  147.650    7.266
  97.216  141.996    5.916
  93.596  135.075   -3.690
  95.821  135.630    1.025
  96.199  137.356    3.100
  92.659  134.050    9.481
 101.353  118.612   11.690
  99.708  120.582   -0.529
  98.852  138.208   -4.152
 102.003  138.731   -7.071
  90.087  133.687    6.652
  95.977  138.155   -1.974
  91.370  135.007   -5.065
 102.622  128.112  -23.574
 101.076  142.893  -19.435
 100.291  134.989   14.577
 109.097  136.681   -0.421
 102.792  138.164  -30.055
 100.642  142.690    3.605
 109.229  129.047  -13.891
 102.440  127.931    2.089
 109.306  134.666    2.242
  95.880  140.383    0.476
 121.819  132.482   -8.505
 110.993  139.563   20.020
  87.647  121.534  -10.849
  90.495  126.950    2.245
 108.669  138.278   -7.036
  94.511  145.831    2.615
 103.172  136.289   -3.570
  95.943  124.977    0.052
 100.499  133.033   -8.463
 102.566  138.545   16.236
 100.985  124.919   -4.871
  99.396  117.033    2.043
 106.658  150.051    7.563
 116.450  136.433   -6.423
  97.384  128.053   12.900
 101.502  120.962  -18.646
 102.683  141.123    1.912
 102.652  153.141  -12.307
 103.794  139.246    8.027
  87.082  136.982   -6.496
 107.982  141.763   -7.709
  92.546  139.382   18.689
 106.103  123.969   28.016
 104.128  119.865    5.848
 113.546  145.295  -15.170
 106.175  126.173    9.933
 104.673  139.710    2.913
 109.724  136.286    1.096
 100.622  127.803   -8.394
  87.782  134.924  -10.370
 101.456  128.407   -0.664
 100.892  143.448   -5.383
  96.684  143.978  -11.001
  86.966  132.469    7.561
  89.008  130.544    0.274
  99.621  136.213  -15.823
 108.228  139.913   -9.826
  95.686  129.094   -4.989
 102.752  145.729  -14.620
 102.542  135.888    4.874
  97.896  141.822   14.514
 125.629  138.848   -0.785
  96.722  118.880    1.529
 108.470  123.636    2.970
  94.698  134.817   -5.780
  87.254  145.371    3.408
  92.641  138.409    4.885
 107.397  132.127   -3.200
  93.682  127.626  -17.021
 103.515  153.452   -9.363
  99.332  148.618    0.185
  90.353  138.784    4.717
 110.804  131.513   -3.713
 100.199  147.873    8.319
  91.294  125.540   -7.752
 109.268  142.671   -3.413
  99.552  142.463   10.400
  83.980  126.399   -9.500
 107.120  145.074    0.665
 105.105  149.519   12.928
  91.249  131.945   -5.656
  79.088  142.217    5.823
  99.253  130.058  -19.144
  97.064  136.672   -5.121
 102.888  144.887    1.095
  98.021  132.885    0.183
 105.615  144.917   -7.669
 102.945  146.143    3.592
  88.589  128.850    1.919
 103.298  133.714    4.676
 101.801  143.695  -14.947
 100.120  139.912   -6.474
  97.617  136.093  -16.225
 101.556  136.593    2.315
 105.173  129.844   -1.290
  96.308  140.163   -2.438
  99.797  134.373   -5.470
 109.710  138.537    0.843
 101.285  132.244   20.856
  89.871  124.982    1.189
  89.975  127.456   -2.129
 101.375  138.741    6.765
 102.977  131.602    5.720
  96.052  128.812   -2.827
  89.117  142.947  -10.068
 105.186  130.565    6.633
  98.249  135.743    1.168
  96.038  125.080   -8.622
 100.465  140.052   10.858
  95.163  116.296   -9.710
 110.745  126.309   -7.087
 100.442  138.946    4.916
  95.404  131.800    8.685
  99.925  128.622   20.234
 106.562  142.609   -7.254
 110.153  141.167   -0.580
  83.450  148.366    6.543
  92.636  141.724  -20.743
 100.819  123.255   10.201
 108.125  137.663   -5.992
  94.686  124.242    5.789
 107.157  138.095   12.366
 115.982  147.769    3.239
 111.973  147.040    2.167
 108.086  121.526   22.435
  94.101  134.082   -3.021
  92.891  126.291   -5.773
  92.838  135.244    5.603
  92.437  131.122  -10.867
 111.667  143.677    1.985
  90.695  128.637    0.237
 100.181  136.564    9.980
  99.809  143.551   -6.321
 103.156  146.928    3.500
  97.284  150.580    6.714
 101.899  135.516   -1.345
  99.439  133.302   -9.172
  98.869  130.574    3.254
 111.885  143.179    2.519
 100.806  121.679  -11.457
  90.237  129.384    1.376
 100.993  143.490  -10.592
  89.730  140.673    4.215
  92.879  141.161    2.073
  99.613  127.229    2.438
 101.764  120.298   -9.407
  93.674  131.317    5.235
  95.977  148.074  -12.587
  99.775  126.088    0.263
  98.268  136.268   -9.888
  84.138  134.992    1.392
 113.884  124.734  -14.840
 112.944  135.692   -6.176
 105.102  130.364  -14.671
 100.787  120.733  -13.558
 101.605  133.796  -12.388
  99.127  135.865  -10.461
 103.059  145.664   -8.328
  95.710  133.650   -1.412
  98.645  138.189  -22.558
  90.956  130.848   10.266
  98.216  137.894    0.785
  91.774  145.024   -4.106
  99.329  147.740    5.131
 101.188  130.164   13.004
 109.515  124.609   -2.504
  98.902  132.707   -9.218
 106.490  136.420    3.267
 110.137  138.674   -9.360
 109.672  134.967   -8.903
 109.441  143.868    7.686
  97.712  129.628   24.408
 103.643  139.129   -8.645
  99.468  142.063    1.103
 109.924  127.552   12.400
 103.567  132.967    9.381
  83.925  129.087    4.615
 102.702  131.058   -1.689
 111.721  151.178    2.569
  94.168  139.139    9.085
 105.750  135.634  -20.932
 103.838  118.815  -12.720
 102.837  135.284   -9.776
  97.984  145.775   -5.634
 101.091  135.500    2.761
 110.181  149.226    6.252
  90.324  135.080  -14.022
 116.428  134.740    0.000
  97.157  140.489    8.966
 103.300  134.156  -19.213
  88.238  140.981   -3.230
 102.826  123.412    4.847
  94.962  143.689    3.343
  96.940  132.975   -3.063
 106.599  143.784   -4.671
 102.306  132.112    3.111
 109.060  137.610   -5.358
  95.909  122.679    1.177
 106.070  138.739   -6.483
  98.434  137.124    0.219
  98.810  146.777   -2.456
  95.317  117.805  -12.184
  96.432  124.185   -5.890
  96.793  136.540   20.284
  95.805  128.054    0.397
  95.708  122.962   -8.798
 112.028  140.216   -7.273
  96.972  140.529    2.113
  94.471  141.892    1.528
  96.534  131.357   -0.882
  87.597  111.100   -4.571
 100.866  133.781    6.193
 111.850  136.756   -1.250
  93.738  141.986    8.904
  88.193  127.860    9.537
  97.937  135.184  -10.781
 100.396  129.757    7.791
 101.416  147.167   10.212
 100.033  134.739   18.005
  95.878  138.352   24.882
  91.784  136.915  -13.669
 105.345  124.453    2.210
  91.847  132.887  -21.684
 102.363  138.128   -6.124
  97.069  141.986   -2.033
  90.801  123.706    8.350
  96.116  145.425   11.347
 105.254  134.726   14.848
  93.981  135.102   12.435
 106.485  115.165   -1.799
 101.099  133.195   -1.987
 104.228  140.871   -7.217
 108.216  142.650  -14.987
 104.334  137.303  -13.952
  99.199  127.154   16.946
  96.073  122.991   13.989
  99.608  132.477    4.455
 109.687  126.688  -19.538
  93.049  148.611    5.542
 107.683  147.391    7.918
  96.469  149.448   -5.393
  93.854  138.069   -3.330
 101.465  143.293   -8.846
 107.471  136.538   -6.847
 102.219  114.136    6.195
  93.447  133.278    0.577
 101.193  126.448   -9.520
 101.511  133.050   -4.119
 107.137  132.528   -4.628
 102.577  135.250  -12.249
 104.805  111.644   24.636
 112.963  129.926  -14.028
  85.527  126.139   -6.778
  92.418  131.249   -3.686
 104.305  116.871   -2.877
 102.248  128.534    2.062
 114.478  144.374    9.429
 106.262  135.621    2.495
  99.739  131.644    0.397
  91.380  133.297   -7.204
 107.796  139.451    5.683
  95.957  140.398    4.477
 109.703  138.653   -0.372
  81.015  123.995    2.332
 103.272  141.757   -4.829
 100.967  130.856   -3.806
  96.651  138.847    0.836
  90.046  141.368  -10.671
  93.683  136.631   -8.306
  96.153  144.822    3.544
  99.823  142.729   -1.800
  89.665  142.903   -4.308
  98.287  141.203   -8.590
 102.650  140.130   -1.120
 113.016  120.439    2.876
 104.117  131.157   -2.726
 106.651  122.861   -5.175
  92.591  135.163    4.471
  87.045  126.422    9.530
 102.449  123.952    9.088
  96.056  128.993   -4.583
  92.149  119.354   -5.338
 105.881  146.156   -5.210
 104.312  135.593    0.897
 102.622  134.732    1.440
  96.834  137.808    5.544
 110.768  135.017   -9.723
  96.655  135.236    7.036
  97.227  144.954  -13.408
 105.985  146.343   -7.549
  99.649  138.351   12.778
  92.627  135.451   14.855
 106.725  143.186  -24.280
  89.694  124.577   -5.131
  98.727  134.928   -5.699
 111.542  138.640    4.549
 102.400  134.790    6.667
  99.713  129.373  -17.209
 108.304  140.527    9.047
 113.606  139.930    8.894
  95.643  124.415    3.148
 109.035  132.241    5.485
  96.595  137.639   -9.363
  93.010  144.325   18.210
  97.052  129.941    0.518
  98.775  128.746   -1.858
  94.664  144.643  -22.162
  83.063  140.249    6.232
  98.734  135.206    3.117
  90.476  138.033   -9.493
 106.686  131.566    0.887
 103.765  142.278   -4.172
 113.282  137.887   -7.486
 102.478  132.309   34.504
  95.502  123.272    1.132
  98.982  140.143   -8.780
  96.779  128.680    2.059
 112.285  128.832    0.137
  91.618  130.133  -12.191
 107.880  138.414   -2.307
  93.460  138.825  -13.467
  89.043  133.212    8.575
 103.042  138.434  -11.541
 102.806  136.942    5.315
 111.714  143.088    6.214
  87.838  141.252   11.347
 103.697  139.293   -3.361
 107.844  144.611    5.697
 106.843  131.774    7.267
 101.009  144.800  -11.391
 110.976  140.415   -1.446
 114.867  132.998   17.818
 109.670  146.715   -7.023
 100.118  121.343   -3.188
 105.052  129.837   -3.359
  91.500  143.874   -2.137
  93.551  114.962   -7.903
  97.312  142.210  -10.802
 102.765  132.574    0.394
  99.477  132.701  -11.673
  90.950  144.453  -10.674
 103.784  131.093    9.395
 100.240  133.353   -8.814
 108.630  133.672  -19.692
 100.712  148.944  -11.189
 105.774  135.276    0.816
 103.394  136.225   -0.430
 105.196  139.917   -3.941
 109.168  124.978   15.581
 114.061  135.407    8.068
  95.350  136.679  -14.840
 108.256  136.228   -8.182
  92.822  122.624  -13.415
  99.910  130.343   -8.281
  87.302  138.029    3.781
 114.564  142.916  -28.363
 112.370  137.654  -12.076
 103.829  141.197   -1.093
  89.911  120.567   -5.026
 108.468  129.908    2.465
  96.261  126.412   -1.724
  91.192  130.943    2.950
 100.488  138.927   -1.448
  96.182  144.876    6.144
  94.260  130.520   -3.839
 101.197  127.599   -0.818
  97.913  146.425   -8.745
  92.638  131.223   12.856
  96.422  128.348   -0.417
 117.493  128.552   -1.833
  91.960  145.924    0.512
  93.509  126.489   -5.107
 109.906  142.412  -14.108
  99.881  137.537   -0.105
  92.378  136.035  -14.068
 112.024  138.395    8.916
 101.336  133.450   -7.453
  98.912  126.448   11.682
 109.573  138.520  -13.210
 105.954  138.409    7.131
 101.806  136.561   -1.362
  96.634  135.343   -6.824
 109.854  128.909    2.938
  98.826  124.908    0.448
  94.020  139.060   -6.509
 100.737  137.838  -11.921
 101.194  135.605  -13.560
  94.127  141.470   -8.370
 105.661  140.686   -7.862
 107.190  137.321    2.069
  99.498  149.133  -29.201
  90.086  144.374   23.183
  94.100  132.499   -0.872
  92.704  137.458    2.625
 102.708  141.839  -10.334
  94.797  141.678  -18.074
 101.573  128.866   -0.935
 110.346  135.705   18.809
 112.045  142.420    2.065
  92.601  136.621    2.277
 102.073  139.182   -4.819
 118.422  134.699  -18.455
 105.753  138.091  -17.792
 117.543  145.914    0.794
 100.310  140.649    0.389
  97.001  134.825   22.607
 109.624  133.562   -9.461
 105.531  130.280    3.161
  96.749  137.227    0.353
 101.834  123.892   -1.654
 100.326  127.444  -13.832
 101.868  122.142  -11.250
  98.017  136.699   15.748
  98.385  149.514    9.039
 100.607  131.584  -16.371
 102.305  136.577   13.114
  98.540  134.327    0.937
  89.002  137.901   10.375
  89.238  140.680    4.296
  93.148  124.747  -17.588
 118.025  144.884   -0.350
  93.997  125.798   14.166
 104.763  136.678    6.592
  99.213  152.046  -13.785
  96.163  137.858    0.066
  95.316  131.685    4.803
 115.019  134.637  -13.073
 100.976  144.727  -15.835
  94.718  130.138   -6.728
  97.786  136.248   15.980
 101.592  122.909   -2.934
 100.765  134.657    5.946
 108.138  128.739   -9.110
  94.582  139.594  -11.221
  97.849  131.192    3.950
  98.424  133.352   -7.129
  98.120  123.034    1.184
  90.336  146.381   -4.736
 110.633  128.089  -11.999
  98.351  138.711   -4.233
  80.168  136.119    0.206
 111.771  132.475  -13.881
 100.633  131.822   11.624
  97.512  128.994  -12.529
 104.627  130.519    6.002
  95.508  137.102    4.010
  99.365  144.421   15.108
 125.077  129.894   -7.303
 105.018  134.382   -6.018
 101.589  138.186   -5.176
 103.508  130.145    0.733
  98.565  132.563    4.618
  90.590  132.399   -2.691
 106.491  143.900   13.752
 102.236  116.530  -17.236
 105.288  132.540  -10.425
  95.711  144.112   -0.240
 112.922  135.141    9.286
 100.077  129.332    1.957
 103.146  120.799   -7.581
 114.474  130.284   -7.519
 113.454  129.889   -0.937
  89.048  128.598   19.263
  95.623  137.616   -9.685
  97.231  133.114   -0.091
  98.187  136.608   20.438
 111.321  147.788  -17.248
 103.427  134.447    4.727
  90.132  137.290   10.795
 102.632  122.672    1.262
  92.319  132.962   -0.536
 105.673  142.484  -15.091
  91.587  142.502   17.996
 129.233  131.183   15.694
 113.355  125.937    7.601
 104.487  136.277    8.233
  97.620  130.445   15.678
 100.262  141.585   14.587
  93.667  135.034   -8.788
  88.254  154.784  -16.327
 107.321  140.606    0.631
 119.516  137.693    7.386
 103.528  133.899  -23.505
 105.590  127.417    2.656
  99.836  132.831    8.982
 102.581  131.738   -4.632
  89.135  147.767   -7.315
  99.501  138.435   -7.495
  95.314  128.357    7.236
 100.360  128.009  -16.431
 101.332  143.457   -4.749
 102.718  140.791   -6.833
  96.589  138.575    6.893
  98.402  132.035   -6.295
  95.726  136.173   -2.986
 102.928  118.535  -25.142
  96.703  135.342   -3.540
 106.881  134.348    3.305
 102.031  120.015   -8.418
  85.418  128.124   -3.008
 103.915  120.083  -10.520
 108.605  143.769   13.574
 100.297  138.752   11.602
 104.197  129.479   19.921
 100.991  126.749    1.105
  99.496  144.171    3.890
 101.222  140.539    0.195
  97.481  109.521    2.838
 103.572  126.489  -26.690
  98.659  144.677   -4.839
  95.782  133.369  -14.357
  92.721  134.257   -3.555
 103.908  137.676   -3.152
  94.553  139.278    5.799
 101.593  137.822    6.924
  89.095  142.718   13.067
 109.231  140.625  -17.402
  95.092  152.236  -15.094
 106.120  135.555  -13.516
 106.428  122.537    4.584
 109.577  128.022    4.488
  90.321  137.091    3.257
 112.873  146.007    7.518
 108.972  147.426   10.621
 103.179  151.069    9.425
 103.700  126.147   14.026
 102.204  132.275  -17.562
  96.150  133.887   -1.174
 107.458  137.259   -9.118
  83.974  130.358   -8.791
 124.399  139.013    9.080
 109.744  133.982   -5.622
 115.235  126.923    2.908
 101.848  136.469   -2.349
  97.650  143.629   -1.271
  97.054  147.972    2.842
  97.126  126.210    6.949
  94.830  138.325   -6.222
  88.376  149.479    5.862
  96.032  135.447    9.046
  98.878  132.403    8.249
  97.631  127.913   -3.879
  98.282  128.385  -10.173
 101.038  124.575    7.973
 113.298  134.078    2.736
  94.221  136.015   -6.327
 104.650  135.766    2.545
  83.697  134.496    7.560
 107.341  142.119  -12.814
  97.674  131.037  -10.955
 102.474  138.532  -13.850
  91.406  143.278    5.748
  97.482  138.179  -14.073
 100.195  134.542    8.941
 106.931  125.263  -20.676
  95.453  138.932    0.972
  89.468  128.390   -6.608
  96.276  125.756   -2.053
  93.133  137.758  -10.247
  93.406  118.571   16.893
  89.906  136.209    5.777
 104.953  139.305    1.988
  95.287  111.235   -8.900
  93.781  127.403    1.202
  99.563  140.790  -14.223
 110.830  145.748    8.968
  94.524  130.182    7.931
  98.229  131.387    8.972
  99.667  142.457  -20.625
  99.193  151.381   -4.186
  99.010  135.397   10.484
 102.385  136.890   11.017
  97.532  140.137    0.591
  92.699  127.149  -13.632
 104.869  139.928    7.738
 102.955  140.993   -7.590
  99.981  148.575   -8.474
  96.129  141.031    9.971
  97.583  135.769    7.770
  88.986  126.203   18.688
 101.900  133.146    3.985
 110.646  141.562   -7.100
 108.306  138.879   11.101
 108.246  138.634  -16.571
 106.188  137.615    7.833
 103.342  132.601  -10.578
 101.358  124.498   16.948
  90.035  138.600   -6.126
  96.832  138.522  -10.182
 100.541  115.973   -2.950
  87.272  132.594   -3.879
  95.475  142.456   15.359
  97.906  135.444    6.362
  90.541  134.582    7.538
 100.843  133.973   -8.149
  92.014  144.854  -11.162
  93.984  130.111   12.163
  82.078  133.773  -11.782
  95.848  141.714    8.584
  96.561  137.266   -1.591
  97.833  145.312    2.663
  99.500  122.691   -9.196
 100.758  153.155    1.491
  89.574  140.438    8.757
 101.133  126.027    2.929
  96.984  128.011    0.919
  89.592  136.318  -17.165
 101.051  136.116   -6.159
 110.141  121.770  -11.841
  99.247  133.011   10.605
 108.735  124.956   -4.094
 110.035  135.288   13.640
  91.439  131.657    4.584
  93.813  142.622   -7.862
  95.919  124.940   -6.173
  91.305  128.905   -9.692
  97.376  134.582   -6.326
  94.235  141.514   -2.283
 102.549  134.539  -13.871
 114.205  140.020   -1.433
 101.492  143.534   -5.270
  92.702  138.488  -13.285
 101.245  137.734   -0.701
  88.390  130.627    0.617
  91.981  133.106  -13.985
 106.917  131.031    7.544
  99.793  128.317   -5.996
 104.559  147.398   -1.296
 129.271  128.999   -6.429
 112.164  122.522   -7.038
 112.761  142.987    1.312
  98.397  146.439   -2.477
 108.730  142.796   -2.412
  93.229  132.003    4.138
  91.887  125.805   -0.564
 100.379  138.738   18.230
 104.217  131.521  -13.201
  93.192  129.984    6.443
  96.916  139.307  -12.779
  95.332  134.260  -13.280
  98.890  132.695   -1.955
  90.908  142.398   -6.027
 107.395  131.026   -3.031
 105.106  138.440  -11.930
  96.149  139.089   -2.408
  88.018  130.440    3.789
 100.607  138.271  -16.199
 124.667  133.438  -21.417
 105.429  138.918  -10.647
  89.032  134.189   -0.304
  97.904  133.557  -20.716
 109.110  143.683   -0.774
 108.438  133.564  -12.184
  98.225  134.081   -9.903
 100.883  127.172    4.251
  96.511  135.384    7.663
  96.396  131.394   16.721
 101.387  143.073    3.225
 108.128  125.150   -5.542
  96.740  137.307    3.309
  87.002  135.862   -3.657
  99.857  140.579  -13.250
  99.603  133.259    6.099
 101.656  138.640   -4.875
 105.810  128.884   -1.741
 100.917  137.631    0.979
 101.709  137.234   -7.624
  99.610  128.068  -14.725
 101.922  138.355   18.776
  93.037  130.155  -11.700
 113.765  148.684   -2.947
 104.307  133.261    2.296
 105.390  127.990    6.941
  91.172  131.024  -14.814
  97.677  129.980    3.246
 101.765  141.132   -9.001
  96.413  135.465   10.873
  98.744  127.696   -5.332
  90.580  141.042   -4.870
  94.382  134.848  -10.864
  95.870  128.665   15.344
 108.475  141.001    0.245
 110.316  130.825   -5.093
 115.530  124.935   -1.260
  97.122  140.968   -5.319
  94.990  139.939   -0.194
  96.129  124.765   14.654
  96.568  130.822    4.837
 101.422  136.066  -13.671
  97.632  133.940   -5.983
 132.511  126.668    9.021
  89.725  134.674   -4.072
  97.505  147.026    5.749
 121.147  139.912    8.007
 109.870  136.223   -4.496
  95.293  123.921   15.734
 105.537  130.487   -8.636
 113.016  141.865  -14.294
  98.245  136.634   12.769
 113.014  121.166    1.140
 102.239  132.100    1.855
  93.342  143.061   -3.420
  92.677  114.164    5.282
 100.947  123.016  -18.008
 107.282  142.223    2.795
 101.458  128.929  -11.172
 102.067  130.291   -5.453
  98.021  137.303   15.214
 100.333  130.669    4.618
  93.118  129.173   11.985
 120.864  130.966   -6.400
 102.710  128.321   -1.573
  97.155  143.853   -2.485
  98.769  130.005    4.303
 100.638  140.102   -5.309
 106.833  135.451   10.809
 102.876  138.284   11.797
 109.178  147.100    8.169
  99.983  129.675   -7.608
 102.866  131.308   -6.746
 100.762  134.524  -20.988
  98.252  116.372   11.799
  96.728  126.655    9.348
  97.856  129.258   20.459
 101.602  128.565  -12.091
  97.518  124.846   -8.737
 106.781  127.535   -4.784
 114.197  135.149  -17.938
  95.860  125.338   -8.614
 100.871  130.922  -15.976
  99.355  148.577  -20.711
  99.474  133.924  -13.004
  93.351  136.033   22.197
 101.147  138.020   -1.282
  98.290  130.031    9.949
 112.950  140.753  -11.926
 102.863  126.387  -12.430
 110.310  136.328   -9.265
  90.934  136.614  -17.375
 108.212  143.454    5.842
 109.208  142.757    6.158
 121.692  135.561    2.890
  77.879  143.668   -6.523
 102.734  128.793  -17.194
 100.082  137.857   16.475
 101.715  139.948  -16.367
 103.098  129.743    2.390
 101.432  135.380  -15.638
  96.291  131.559   -7.187
  90.835  142.367   -6.871
  98.552  136.630   14.801
  97.741  131.926   -0.168
 102.907  129.898   -3.356
 106.171  135.640   -6.390
 119.740  139.500   -8.948
 115.025  143.149    5.762
  95.759  131.661   -4.254
  93.502  138.714   14.719
 104.427  136.152  -15.236
  99.843  114.141    6.484
 104.953  131.972    2.258
 100.084  127.938   10.875
 107.837  139.682    4.263
 102.818  143.082    6.043
 114.278  140.183  -15.668
 105.302  142.311    2.776
  90.117  134.562   15.166
 101.023  137.685   15.546
 103.164  132.745   -2.690
  92.780  134.588   -3.285
  91.884  135.860   -2.374
 100.124  124.658    5.686
  92.951  129.778  -19.021
 109.057  123.343    0.163
  99.490  120.133    7.903
 104.241  142.211  -21.933
 113.138  122.586   -3.618
 101.669  143.211   -4.897
  88.727  129.575    2.407
  94.933  134.860    3.295
  94.904  131.219    4.724
  98.682  135.253   -4.390
  99.717  142.637    1.954
 103.673  136.982   21.284
 106.409  120.419    3.147
 114.272  126.453   -7.739
  95.007  138.387   -7.576
 102.281  131.804   -4.762
  95.262  135.474    0.624
  89.713  133.927    7.426
 104.383  138.298    0.000
  99.569  143.812    3.333
  98.480  130.255    2.928
 105.068  141.861   -4.096
  96.971  141.753  -14.304
  97.743  141.809  -19.018
 108.286  141.971  -13.346
 106.451  137.471  -13.980
  89.894  135.091  -10.643
 100.738  136.985    6.167
  99.750  131.599    1.059
  89.175  135.363  -14.924
 101.728  133.174    2.093
 115.381  134.574   -4.055
 103.448  142.411   18.010
  91.553  136.892  -13.451
  92.701  139.623   15.159
 101.094  132.079   -2.889
  92.924  135.225  -10.672
 107.269  137.190  -11.581
 104.471  111.405    3.558
  92.397  141.338  -18.040
 116.264  138.336   -9.257
 107.886  133.619    0.190
  92.344  140.587  -12.603
  96.616  124.774   -3.175
  97.448  138.477    2.046
 107.646  141.273  -10.351
 105.562  136.786   -9.579
  99.862  143.447    3.433
  98.048  138.702    1.185
  96.710  146.722  -31.050
 102.980  138.506    7.167
 122.032  131.490    2.419
 107.746  128.646    9.796
 103.694  134.984  -10.424
  92.686  124.243  -14.788
 104.955  135.396   25.634
  97.032  142.453  -14.007
 105.149  136.824   15.839
  92.448  145.636   -1.855
 106.569  122.402   -3.718
 112.377  132.613   14.748
  96.474  148.772   10.689
  83.073  124.761   -6.201
 105.432  135.334   -2.650
  96.734  137.206   18.663
  99.385  125.848  -13.794
 100.928  126.531  -12.582
  94.863  138.809   10.544
 100.557  138.458  -11.028
 105.623  132.557   -0.192
 106.288  133.226  -11.835
 102.492  127.965   10.500
  91.944  133.768    1.106
 100.903  145.887    2.334
  93.150  140.341    0.624
  95.596  119.477   -9.747
 105.630  131.146    7.226
 108.396  126.711   15.762
 101.835  121.518  -13.601
 103.471  121.218  -10.704
  91.765  157.084   -3.711
  87.486  144.105   -0.182
 104.042  139.880    1.285
 104.603  138.648    6.889
  92.645  144.811   28.601
  99.414  144.682   -9.344
  96.262  127.482    4.167
 122.793  133.180   -3.235
 106.909  130.088   -0.846
  93.046  145.510    1.819
 118.711  133.640  -11.849
  96.138  137.987   -4.168
 110.571  127.485   -3.370
 104.108  135.802   12.075
 111.378  138.689  -23.962
 116.258  130.286   -7.815
