  96.644  131.312  170.060
  91.730  140.519 -176.936
  94.909  154.114  163.007
  86.121  144.574  173.060
  92.594  149.465  164.848
  94.347  122.064  173.189
  87.104  133.183 -178.248
  90.221  145.152  164.290
  81.969  129.177  179.555
  95.638  148.664 -173.650
  85.962  132.054  162.461
  86.262  133.291 -176.807
  79.104  138.729 -173.962
  82.929  134.923  161.185
  91.703  129.232  165.564
  85.111  135.873 -172.718
  94.863  140.198 -178.261
  85.687  124.943 -170.928
  81.431  132.903 -178.644
  79.783  124.056 -173.981
  82.245  132.680  177.096
 105.900  137.337  172.564
  86.692  140.610 -179.972
  89.436  130.445 -178.353
  78.549  141.641 -177.611
  94.530  136.304 -179.461
  93.227  121.130  161.569
  86.544  130.816 -179.047
  94.575  140.440  179.508
  88.564  135.147 -176.098
  93.238  145.753 -177.223
  83.727  146.728 -167.125
  86.407  137.469  174.309
  91.158  141.647  151.272
  93.001  145.216  166.253
  75.470  133.354 -172.017
  88.610  141.273 -178.248
  87.126  133.533  174.208
  77.599  129.221 -171.422
  95.948  137.520  172.616
  88.452  123.106 -165.034
  92.921  140.718 -177.389
  85.719  132.833 -172.279
  97.064  129.749  168.607
  82.980  132.456  179.395
  86.131  133.078  170.449
  82.274  132.613  161.926
  95.414  131.397  179.826
  89.184  136.969 -166.406
  89.614  145.312  176.463
  93.656  141.082  178.816
  87.308  120.390 -175.151
  85.937  138.562 -174.863
  80.013  124.858 -168.687
  94.761  132.624  177.798
  83.264  145.289  167.558
  84.907  131.757 -175.555
  86.390  126.296  170.748
  78.131  126.630 -179.960
  76.739  145.171 -165.006
  79.975  144.571 -154.866
  83.175  135.870 -178.004
  90.888  143.979  178.426
  86.578  141.845  174.461
  93.625  135.450  162.307
  89.268  124.847 -174.738
 110.191  136.720 -172.670
  92.964  135.747  166.707
  97.534  141.511  168.802
  92.304  133.362  170.368
  74.905  140.626 -156.444
  86.377  130.013 -171.715
  90.948  135.040  169.184
  92.141  132.913  177.673
  89.807  130.036  160.216
  98.060  128.805 -166.235
  94.610  121.405  179.862
  80.408  142.446  175.186
  86.876  144.359  177.192
  79.160  140.427 -170.950
  72.583  134.887 -161.065
  88.258  128.131  169.921
  88.198  118.025 -179.526
  86.043  140.785 -170.667
  77.862  141.084  177.807
  81.499  134.075 -168.860
  89.684  141.433 -175.597
  90.281  141.639  173.775
  88.289  136.962  166.769
  87.700  125.741 -173.199
  83.183  129.058 -177.914
  90.606  139.033  160.552
  95.248  138.027  161.903
  93.550  138.547 -167.337
  84.948  138.373 -163.700
  92.391  133.319  178.102
  79.857  120.365 -161.473
  79.828  130.746 -178.226
  76.676  129.600 -173.145
  89.484  123.039  164.536
  85.983  139.894  175.295
  89.878  112.758  175.816
  82.796  132.210 -158.798
  82.647  136.863 -171.413
  87.910  140.604  172.443
  76.671  135.657 -178.131
  86.278  134.554 -170.882
  90.051  139.216 -178.415
  86.004  144.620  164.914
  82.488  141.836 -169.981
  85.333  138.275  178.800
  81.810  131.024  175.238
  77.823  141.406 -179.545
  91.037  136.113  169.194
  78.477  136.349 -163.742
  82.025  136.820 -170.605
  90.763  134.211 -172.046
  90.449  135.127  167.560
 106.591  115.016  172.083
 100.280  130.993  169.002
  82.241  134.221 -172.534
  89.419  144.683 -163.086
  85.817  137.330 -178.352
  87.056  140.140 -173.886
  90.418  143.509  168.360
  90.891  134.765  168.362
  81.506  121.946 -179.468
  82.565  137.200 -167.297
  88.678  148.733 -165.612
  97.424  127.488 -174.069
  94.947  140.504  179.820
  90.514  146.776  175.790
 100.098  140.278  175.602
  87.943  128.422 -177.191
  87.604  141.141  173.268
  92.159  117.771 -179.187
  89.061  147.194  178.193
  92.823  138.458  173.723
  92.392  136.846  168.230
  85.354  143.437 -177.409
  88.736  118.156  169.139
  79.697  130.381 -174.415
  94.959  131.889  166.090
  92.414  133.055 -177.283
  79.509  140.720 -170.815
  96.571  135.074 -178.691
  97.723  136.389  164.539
  93.443  122.592 -168.672
  86.183  132.447 -175.915
  89.319  149.277  177.445
  87.811  128.116  173.191
  93.081  128.784  175.599
  94.582  131.795  179.133
  93.503  134.604  162.875
  83.386  145.066 -158.340
  81.857  123.645 -168.017
  81.360  120.995 -178.850
  92.623  138.388  172.221
  82.840  147.667 -168.247
  69.095  135.681 -178.351
  93.469  132.820 -174.036
  89.967  147.114  164.121
  93.736  146.716  159.451
  93.738  144.340  162.249
  86.661  146.360  175.564
  83.842  139.955  169.604
  98.423  126.811  171.556
  88.751  126.088  170.159
  79.849  126.377 -147.477
  87.927  138.501  175.277
  92.494  120.952  179.384
  89.782  138.226  171.618
  78.862  129.352  175.872
  80.706  136.247 -168.381
  94.116  136.570  167.550
  95.336  142.877  179.106
  76.328  110.548 -168.068
  88.132  134.071 -170.967
  80.688  128.059  178.039
  91.958  122.258  159.659
  78.497  128.613 -179.202
  85.913  123.221 -162.781
  90.133  125.996  168.993
  83.078  125.269 -171.912
  94.453  133.758  174.797
  88.120  126.196 -178.048
  99.753  146.810  172.246
  85.295  134.678  176.913
  80.394  138.170 -168.683
  87.314  138.241  168.416
  84.638  140.561  160.667
  91.409  140.658  178.281
  97.103  127.057  166.805
  88.031  129.076 -175.740
  88.500  141.406  171.260
  88.189  126.220  178.373
  81.509  141.829  174.767
  88.132  143.042 -179.825
  81.711  137.674 -176.866
  83.003  141.891 -173.375
  83.601  136.819 -178.592
  84.037  125.866  179.141
  98.194  132.133  172.723
  91.378  113.728  169.651
  88.837  137.500  171.631
  93.025  141.016 -177.419
  87.416  138.857 -169.953
  94.676  120.062  165.422
  89.800  143.448 -173.745
 101.884  147.611  170.739
  92.858  136.617 -177.580
  87.648  132.570  177.395
  77.566  134.634 -177.076
  80.271  125.722 -161.371
 100.492  136.826  168.121
  95.782  125.590 -177.328
  88.472  135.648  177.745
  76.830  150.648 -179.532
  91.876  136.213  173.118
  85.601  134.150  174.820
  85.852  140.386 -168.139
  80.322  140.111  174.540
  83.854  137.557  178.965
  77.341  137.994 -175.179
  93.041  131.758  176.332
  85.222  140.254 -168.934
  88.633  134.648 -165.197
  86.440  143.062  178.262
  89.717  129.910 -166.750
  77.088  143.863 -166.134
  79.755  127.295 -159.874
  90.391  138.080  175.383
  84.140  125.517  168.318
  78.408  120.367  177.351
  86.717  144.332  175.708
  85.450  133.385 -164.620
  81.266  136.866 -171.953
  90.040  135.265  174.448
  83.239  148.902 -167.920
 100.046  145.338  179.728
  76.453  132.600 -178.313
  82.507  125.495 -163.810
  87.962  144.053  168.216
  87.052  136.097  179.171
  85.288  131.307  163.023
  90.544  139.441  165.185
  97.865  141.910  160.115
  90.294  135.181 -176.536
  76.666  142.120 -179.054
  95.699  135.250 -179.771
  89.553  131.658  175.286
  93.690  137.126 -178.959
  91.875  142.187 -171.033
  83.658  142.585 -160.435
  94.515  133.589  164.901
  78.979  138.354  166.187
  77.068  144.367 -168.126
  87.412  126.710 -171.520
  94.120  134.064  178.214
  84.130  141.277 -177.350
  82.884  132.208 -179.355
  81.866  137.322 -179.728
  84.895  142.698 -179.287
  88.590  125.532  179.187
  93.002  129.436 -178.981
  90.550  136.917  161.404
  84.628  139.853 -171.153
  84.300  138.494 -169.191
  95.095  139.526  164.632
  78.206  142.792 -174.181
  93.266  135.676  170.737
 103.158  136.357  172.456
  94.599  145.434  164.173
  89.650  134.247 -173.370
  83.594  130.343 -169.531
  98.827  125.873  169.619
  92.835  144.155  170.440
  87.159  147.338 -179.767
  84.395  141.508 -179.645
  96.419  135.118  178.729
  91.354  132.555  177.814
  72.582  127.256  168.771
  94.283  133.555  156.758
  88.267  144.246  175.774
  88.677  134.496 -178.051
  85.504  122.328  168.793
  88.936  149.725  165.783
  84.745  147.153  176.308
  86.418  129.646 -173.688
  91.998  135.735  177.527
  88.725  136.236  178.208
  95.377  128.890  167.693
  92.239  134.963  174.492
  84.395  128.990 -174.479
  94.480  151.175  171.423
  83.705  129.274 -168.396
  87.065  134.768  177.178
  88.021  137.229  171.843
  85.619  142.913  172.504
  94.195  123.388  178.461
  87.934  129.731 -178.854
  81.617  120.370  178.769
  89.009  137.549  169.503
  86.863  132.434  177.316
  91.434  141.507  173.782
  91.760  131.636 -175.055
  87.045  137.953 -173.250
  91.945  134.078  167.274
  98.016  135.884  174.236
  86.833  134.962  175.505
  85.375  133.228 -178.161
  87.990  138.723  168.411
  84.675  124.381 -175.685
  89.320  140.644  177.944
  84.755  122.121  167.508
  87.432  125.809  179.638
  99.295  153.082  176.282
  89.260  119.852  175.169
  90.316  135.915  178.331
  85.624  128.355  178.566
  76.785  130.528  176.125
  80.435  139.143  174.363
  91.427  132.732  179.909
  86.838  148.635  175.234
  99.125  134.585 -169.279
  83.972  142.129 -175.255
  84.689  131.818 -178.665
  87.274  133.805  173.525
  92.912  142.208  174.800
  92.594  138.371 -171.928
  86.695  135.442  175.382
  94.355  135.582  179.481
  86.309  146.206  169.862
  75.601  135.085 -170.254
  88.478  121.700  172.695
  89.567  139.918 -176.072
  85.470  125.083 -172.094
  83.480  141.066 -178.053
  88.855  130.819 -158.674
  77.254  118.428 -169.374
  90.964  129.201  167.529
  85.462  134.067  173.696
  85.729  139.075 -174.433
  80.231  146.063  174.980
  89.312  130.245  172.931
  85.883  130.094 -179.481
  90.597  148.308  163.408
  85.834  143.884  168.906
  97.606  140.594  173.066
  93.249  135.018  168.285
  93.519  147.080  162.205
  91.407  148.222 -173.925
 104.583  146.651 -175.651
  85.846  146.500 -170.913
  89.435  128.034  174.006
  92.804  129.153  179.465
  88.868  132.969  174.656
  85.363  125.572 -168.427
  97.483  124.748  171.118
  88.017  131.936  165.891
  77.732  141.128 -178.513
  84.535  136.360  179.148
  83.071  152.703  166.720
  84.184  153.493 -176.611
  81.713  141.853  178.492
  84.480  144.501 -176.126
  82.062  119.708  166.693
  95.272  148.307 -172.796
  89.359  137.494 -162.091
  98.083  135.167 -177.697
  92.794  120.523  176.057
  90.520  138.472  171.030
  85.780  129.439 -163.262
  85.053  147.677  166.528
  82.820  122.777  163.935
  89.599  133.892  173.011
  94.784  136.702 -174.484
  91.575  128.777  174.961
  84.373  140.056  173.164
  94.026  128.677  162.445
  93.324  118.614 -172.869
  98.283  124.065  172.052
  87.344  131.908 -176.839
  83.773  139.453 -170.038
  91.243  130.146 -178.200
  91.041  127.977  177.277
  89.514  130.040  178.735
  89.323  118.641 -170.090
  83.004  139.033  167.926
  80.344  111.741 -166.723
  94.423  132.920  166.997
  88.623  142.295  161.369
  81.984  129.351 -166.385
  91.099  131.827 -177.864
  87.767  135.666 -177.621
  86.667  136.584  171.837
  84.288  138.415 -169.731
  87.121  145.694 -171.823
  89.818  137.656  173.380
  98.693  140.175  174.344
  85.408  147.007  174.197
  82.943  143.922 -171.939
  86.679  132.438  174.127
  87.632  136.342  169.778
  78.991  141.210  177.385
  78.384  142.259  171.464
  84.212  133.501  176.467
  98.906  125.904  168.101
  97.311  133.446  179.872
  79.448  134.669 -173.111
  86.662  137.495 -179.627
  88.681  139.443 -172.675
  99.186  143.081  174.553
  84.877  149.698 -170.758
  97.789  135.830  172.869
  97.778  133.006  176.376
 102.126  127.196  170.457
  89.130  141.162 -171.515
  86.828  124.467 -178.562
  89.574  134.360  171.474
  94.395  142.406 -179.821
  82.510  135.585 -176.199
  83.710  122.782  178.593
  85.583  136.317  175.761
  96.735  138.132  171.549
  89.922  141.488 -167.035
  85.640  131.112  174.926
  95.795  144.159 -175.973
  87.837  121.728 -173.207
  93.869  139.865  175.192
  96.936  137.153  168.041
  89.005  143.617  162.697
  87.752  138.808  177.843
  79.662  131.242 -178.063
  89.099  134.431  177.951
  90.908  145.201  177.874
  78.950  124.170 -177.137
  79.853  131.452 -174.833
  94.826  138.577  179.630
  87.680  125.324  175.668
  91.046  142.959  168.770
  86.290  139.356 -166.661
  95.951  133.502 -174.699
  78.633  140.762  176.666
  91.174  142.796  178.460
  83.785  137.099  174.325
  87.223  140.684 -173.941
  97.490  136.331  168.897
  96.840  136.329  178.189
  84.418  129.834 -174.503
  89.222  116.397  175.710
  91.743  136.556  178.297
  84.875  140.467  174.472
  89.036  136.412 -174.122
  88.272  140.396  175.122
 100.848  129.296  171.184
  85.269  150.473  173.024
  91.465  141.924 -173.657
  79.622  151.330  176.331
  83.138  135.631 -177.808
  86.663  135.046 -177.947
  81.249  139.777  177.663
  90.301  135.095 -163.324
  81.500  126.467  177.735
  89.182  133.074 -179.788
  99.503  132.538  174.775
  84.610  143.941 -178.950
  93.364  133.997  179.672
  89.768  142.111  169.288
  89.240  127.333 -176.335
  83.634  135.913  171.191
  87.531  129.775  170.352
  97.703  138.785  173.942
  89.253  138.871 -176.354
  83.037  131.691 -176.950
  84.272  141.712  175.958
  98.359  128.447  177.289
  86.500  142.309  171.080
  80.984  135.085 -176.550
 101.202  132.412  168.189
  89.884  140.469  172.108
  86.405  118.649  176.595
  91.888  145.024  166.562
  73.586  145.414 -179.347
  80.600  141.412 -172.857
  92.953  117.189 -179.960
  81.730  131.985  172.523
  85.818  136.597  149.771
  86.242  135.983 -170.530
  90.234  128.581  168.337
  88.877  134.564 -178.882
  86.022  142.922 -173.668
  92.274  136.942 -168.308
  81.248  135.983 -177.489
  90.075  130.110  171.062
  94.805  132.209  172.719
  99.176  127.205  163.280
  96.023  146.362  171.420
  80.458  134.656 -178.385
  89.715  144.533  174.685
  90.658  141.783  170.112
  85.721  135.728  169.410
  91.850  116.875 -168.153
  88.556  118.140 -172.726
  85.800  138.982  173.496
  83.799  125.075  175.957
  90.041  125.233  166.615
  93.273  139.234 -179.881
  91.900  121.511  179.876
  78.347  127.499 -164.967
  95.297  150.238  177.673
  84.772  137.343 -170.638
  90.939  146.940  177.180
  78.581  135.367 -175.383
  74.691  128.131 -175.615
  93.923  129.089  161.620
  88.677  135.972  172.485
  85.376  143.444 -171.952
  94.543  135.683  176.612
  82.780  141.015  171.683
  94.041  149.011 -178.038
  90.824  139.864 -173.657
  90.353  135.564  174.046
  90.838  135.318 -170.740
 101.545  124.693  178.749
  90.248  135.248  176.839
  91.077  148.007  179.442
  85.659  139.316  178.494
  81.924  136.227 -167.009
  92.196  134.996  162.637
  90.206  129.621  161.041
  87.035  134.245 -161.367
  87.971  155.659  176.455
  89.379  133.231 -160.363
  93.434  139.101  166.803
  83.029  136.754  163.017
  83.941  129.431 -163.181
  93.151  142.391  173.459
  87.310  146.609  173.564
  87.949  146.719  169.192
  90.856  136.238 -168.361
  93.915  133.448  176.395
  85.535  127.931 -165.827
  85.609  146.000 -169.117
  95.529  140.444  165.785
  84.465  123.691 -169.887
  81.091  149.451  178.672
  82.440  141.665  170.382
  88.121  134.143  174.940
  93.326  129.075 -174.614
  93.253  128.858  178.247
  83.467  143.328 -179.594
  90.689  137.705  172.300
  86.745  140.539  179.489
  91.004  146.374 -175.377
  89.349  124.585 -175.568
  90.541  126.653 -175.767
  87.981  146.501  161.739
  79.534  141.637 -178.565
  92.092  135.554  169.810
  91.834  138.457  173.392
  91.904  130.519 -174.344
  85.581  146.267 -177.794
  77.217  134.702 -162.411
  98.275  133.539  168.271
  92.594  125.332  169.247
  89.100  134.056  167.450
  95.221  124.310  162.634
  88.163  125.348  164.524
  95.407  128.109 -171.527
  89.403  148.268  170.961
  88.137  129.894 -163.767
  87.418  142.213  177.329
  86.455  144.989  167.817
  94.104  135.340  172.095
  82.899  125.451 -156.217
  83.079  128.568 -179.515
  89.141  119.565 -168.586
  79.573  142.923  177.169
  84.508  134.871 -174.314
  81.822  135.132 -178.286
  88.090  133.811  179.761
  96.212  122.467 -179.188
  82.879  137.015  160.223
  85.232  142.206 -176.353
  89.213  147.778 -170.572
  84.294  127.809  166.557
  80.808  138.910 -173.908
  76.864  137.255  171.274
  79.099  130.789 -174.318
  84.597  140.458  171.370
  99.096  108.732 -174.873
  85.451  139.929  176.091
  85.179  146.009 -177.588
  87.644  137.677  175.259
  83.437  146.085  173.500
  77.978  138.717 -178.653
  89.516  131.842  174.045
  85.814  138.658 -173.491
  81.164  135.485 -166.660
  73.607  135.315 -179.067
  83.447  125.191 -173.984
 100.424  130.114  179.336
  89.264  133.427 -169.940
  79.553  117.698  178.855
  91.386  140.691 -179.776
  88.253  136.061  171.775
 100.719  142.466  169.943
  77.025  138.087 -176.343
  84.857  122.828  161.059
  76.177  140.841 -175.743
  83.242  132.262  176.890
  78.516  146.413 -165.074
  94.830  136.045  174.469
  86.814  142.858  172.954
  90.546  138.458  171.442
 101.563  142.552  168.172
  92.293  142.064 -176.808
 105.350  150.588  168.923
  96.285  142.234  167.825
  85.466  129.868 -174.664
  88.911  138.916  175.420
  87.409  128.827  177.107
  81.525  156.042  171.799
  75.315  134.386 -178.907
  78.723  143.654 -166.318
  91.458  127.021  177.102
  97.013  126.901 -178.351
  81.972  150.615  168.068
  90.976  124.727  175.651
  86.547  137.893  171.777
  93.944  140.399  168.554
  98.025  137.251  167.763
  82.661  116.238  179.411
  93.149  133.689  175.768
  95.935  146.096  178.920
  91.714  122.960  163.805
  97.377  133.628 -179.519
  78.838  124.207 -169.617
  86.467  124.835 -175.435
  91.016  127.573 -174.576
  85.499  126.177  173.747
  86.968  133.773  172.284
  91.245  132.691  171.887
  86.908  127.190  172.691
  81.902  136.918  169.127
  92.673  135.001  154.933
  91.897  115.655  168.930
  94.356  117.573  174.659
  84.984  139.791  176.467
  79.725  139.633 -167.418
  91.705  128.637  167.907
  90.716  131.561  175.546
  94.989  134.133 -169.965
  83.185  115.813 -174.331
  87.913  128.442  173.994
  83.450  145.662  173.143
  89.432  146.017 -177.751
  82.065  138.543  172.899
  82.313  111.565  178.269
  74.522  128.636 -162.162
  97.115  138.118 -178.605
  82.977  150.779  151.216
  84.015  119.720  169.766
  94.458  131.479  173.544
  90.110  129.365 -173.690
  84.150  143.113  179.468
  81.617  133.968  172.021
  90.255  134.796  174.580
  88.450  128.915 -174.665
  87.889  147.328 -176.717
  78.164  129.752 -174.766
  96.213  144.816  155.862
  98.192  132.241  159.151
  93.266  128.745  160.084
  93.926  132.879 -173.679
  90.677  135.339  167.794
  88.795  137.590  172.897
  87.774  129.607 -172.525
  92.995  137.760  166.125
  93.286  138.112  167.705
  82.287  153.174 -168.632
  82.065  144.866  177.094
  80.600  153.256 -175.995
  85.714  116.862  145.309
  87.965  149.756  176.827
  89.886  128.571  171.252
  77.258  132.733 -165.620
  91.676  146.722  164.121
  95.675  142.992  177.825
  75.648  136.158  179.396
  91.959  125.039  173.703
  88.207  138.012  176.563
  93.953  124.002  178.395
  96.722  144.539 -160.556
  84.925  133.922 -175.440
  88.891  126.743 -167.527
  91.773  133.278  163.998
  90.636  131.790  172.673
  83.543  137.267 -171.120
  77.928  136.652  175.666
  87.374  145.627 -174.386
  82.888  139.680  172.590
  90.066  122.113  159.346
  86.354  117.252  166.654
  89.409  127.575  159.181
  91.133  134.648  179.411
  91.723  142.175 -164.432
  90.918  129.552 -176.145
  95.376  128.009  166.345
  83.553  150.049  163.977
  84.150  139.788 -171.829
 107.368  140.967  177.938
  87.995  132.473 -162.737
  87.520  135.509 -179.791
  99.299  129.645  168.510
  86.852  134.463  177.103
  71.221  148.217 -176.966
  86.619  126.164 -172.945
  77.751  149.055  179.909
  86.099  127.457  178.922
  91.684  129.630 -179.941
  95.675  133.962  161.311
  82.990  140.215 -179.960
 103.385  136.378 -176.977
  88.919  126.585  174.662
  92.431  127.967 -175.369
  92.211  144.669  166.177
  89.943  145.887  171.667
  96.606  138.505 -175.232
  84.080  124.885 -176.166
  83.221  142.644 -178.905
  86.643  145.607 -169.524
  90.663  135.737  170.337
  94.194  139.060 -164.673
  85.232  157.433  174.955
  90.876  124.563  166.104
  91.471  129.447  172.542
  87.042  135.315 -170.178
  95.704  140.845  159.517
  86.589  127.647  173.341
  83.076  142.496 -164.553
  79.402  138.321  174.372
  88.220  110.348  165.288
  96.639  135.250  174.320
  91.249  137.665 -179.204
  76.219  128.811  179.786
  98.229  124.713 -177.445
  88.348  129.741 -174.797
  92.589  118.474  173.591
  74.312  143.203  161.147
  89.840  137.987  176.066
  79.639  146.274 -179.926
  89.123  136.492 -178.376
  98.775  133.695  168.382
  77.241  146.773 -175.532
  80.295  135.128 -176.693
  84.763  129.965 -160.860
  96.166  137.676  176.610
  83.349  136.831  176.037
  87.914  129.191 -175.071
  83.437  124.648  175.684
  91.487  141.854  176.239
  89.195  117.287  171.963
  92.511  126.688  179.224
  81.655  129.726  179.459
  89.774  135.658  179.952
  91.674  134.932  173.844
  89.452  138.391  167.025
  95.583  132.383 -171.375
  94.483  143.054  176.766
  87.582  129.388 -177.754
  92.980  153.192  166.291
  89.551  124.657  164.151
  88.188  149.282 -179.804
  94.753  138.776 -178.701
  90.117  127.737 -166.636
  91.280  119.069 -178.481
  81.502  127.503 -171.792
  93.710  141.029  176.055
  93.186  136.872  176.773
  85.631  148.112  169.644
  86.693  137.441  177.506
  90.921  135.441  175.667
  88.465  134.999 -177.518
  85.565  137.478  175.939
  85.689  126.185 -171.601
  87.942  135.387  174.101
  93.084  144.343 -173.426
  71.559  133.510 -179.647
  77.934  136.230  174.366
  88.342  139.946 -179.023
  81.043  143.712 -177.538
  83.334  127.774 -171.460
  80.916  124.702 -158.888
  90.262  123.247  169.258
  86.477  146.949 -174.270
  82.751  140.277  179.462
  78.445  127.954 -169.273
  87.441  133.167  171.357
  88.159  141.494  173.156
  81.852  150.677  174.204
  75.754  147.283 -173.183
  88.284  118.196 -178.276
  93.074  140.620  172.118
  93.566  133.373  172.273
  75.983  139.593 -176.445
  95.669  137.805  169.029
  86.340  129.410 -166.925
  80.560  130.872  177.837
  91.463  134.725 -177.511
  95.117  120.019 -179.270
  88.567  137.842  169.793
  94.952  120.024  169.233
  80.003  129.776 -173.709
  88.000  137.794  165.268
  82.181  135.616 -170.085
  84.949  130.744  176.501
  93.210  133.750  171.572
  94.470  131.048  174.013
  95.840  137.484  177.429
  90.355  140.987  176.976
  89.717  139.890 -175.572
  67.861  124.343 -162.178
  88.955  130.441 -175.503
  91.691  138.321  177.190
  82.068  133.973  172.550
  76.585  135.392 -177.785
  87.071  137.979  163.897
  92.075  129.053  164.683
  88.113  133.061 -179.205
  87.407  145.477 -168.858
 103.753  146.432  164.169
  85.406  135.315  165.939
  90.315  146.419  170.966
  89.610  133.903  169.952
  88.487  141.966 -177.252
  90.095  139.064  176.697
  83.312  142.499  179.948
  73.492  151.918 -166.694
  81.021  142.876  179.041
  86.783  138.567 -167.929
  93.620  113.679  176.824
  89.543  144.449 -172.526
  97.511  132.081  172.964
  85.612  140.773  165.712
  86.223  143.147 -177.665
  96.404  133.177  161.650
  97.403  137.948 -169.203
  88.740  134.194  177.450
  85.317  139.698  163.499
  95.022  138.942  162.753
  91.567  133.824  162.947
  97.076  143.512 -179.285
  87.832  131.973  164.447
  87.366  128.120 -176.145
  85.412  137.159 -173.204
  92.409  138.021 -177.897
  87.180  132.172 -178.637
  84.360  124.226  167.403
  93.093  137.193  167.106
  88.961  132.639  176.754
  93.571  131.368  170.322
  91.869  141.804  173.141
  78.953  148.154 -170.358
  80.928  155.116 -173.000
  85.979  126.863 -174.050
  87.410  121.381 -179.826
  81.852  132.949  171.335
  75.541  150.080  166.732
  81.469  134.186 -171.633
  77.974  134.641 -176.011
  79.808  130.288  164.419
  91.482  133.568  168.809
  87.094  138.753  170.240
  92.210  133.645 -177.606
  82.168  139.696  171.860
  87.889  140.926  174.452
  91.826  129.660 -175.979
  89.504  136.970 -172.793
  89.594  151.498  165.418
  79.328  148.448 -170.671
  83.192  123.399  178.253
  92.835  132.044  179.956
  98.899  138.115  174.367
  90.025  134.151  173.080
  86.071  131.059  177.554
  86.257  140.244 -172.635
  83.953  129.818  173.831
  98.592  134.393  169.128
  90.216  132.689  175.510
  94.480  131.254 -177.063
  82.320  150.987 -174.637
  86.402  138.251  169.448
  83.324  142.257 -175.762
  96.005  145.375  164.204
  89.329  130.726  179.085
  86.623  136.060 -165.557
  83.533  143.693 -156.621
  90.123  125.415  179.072
  88.111  141.603  177.425
  85.090  142.902 -175.984
  85.376  142.397  179.918
  87.089  137.738 -179.559
  82.739  132.432 -174.478
  79.687  130.366 -171.968
  83.361  145.360 -175.400
  83.332  134.706 -167.595
  81.728  133.520 -168.063
  94.427  147.638  157.991
  91.042  147.026  168.299
  93.372  126.126  168.729
  84.526  129.014  175.397
  84.151  117.674 -177.220
  86.702  143.491 -162.602
  96.878  138.195  172.182
  84.041  133.179  179.178
  76.434  138.481  169.474
  87.383  138.629  173.920
  79.643  132.628 -167.397
  84.811  128.866  163.472
  92.631  136.614  178.804
  92.251  135.423  178.018
  75.560  140.097 -170.245
  94.261  139.476  164.326
  95.628  145.756  160.640
  80.560  137.414 -178.186
  79.654  146.188  178.819
  83.425  128.300  177.233
  88.142  138.836 -174.792
  92.202  136.146  169.825
  92.531  130.189  167.170
  72.367  136.723 -178.245
  87.401  116.821 -177.553
  96.032  146.794  162.203
  81.955  114.594  173.627
  92.394  126.114 -175.812
  85.969  132.234 -172.032
 103.072  130.935  174.593
  86.475  135.368 -163.653
 106.532  149.304  166.351
  92.997  138.217  161.775
  88.402  135.919 -178.343
  87.316  138.601  174.863
  89.350  136.107  160.622
  84.774  136.386  177.611
  80.668  132.908  177.767
  71.338  132.226  176.233
  76.282  132.726 -176.585
  84.885  124.565 -162.142
  88.734  149.257 -170.557
  91.697  137.044 -179.670
  79.704  137.347 -173.738
  83.145  133.334  177.756
  92.952  137.222 -170.359
  82.783  140.701 -177.480
  84.877  139.638  174.500
  85.242  137.683  172.015
  84.915  140.431 -173.713
  88.076  131.653  170.445
  92.942  136.767  174.266
  74.531  126.301 -161.285
  98.518  137.528  166.218
  89.562  123.841  173.613
  86.555  133.166 -174.834
 100.165  130.377  169.525
 101.764  127.892  171.011
  91.014  148.102  167.311
  80.339  151.553  171.375
  84.312  138.585  173.993
  95.818  135.289 -176.903
  85.205  137.674  178.766
  85.893  125.901 -170.027
  97.359  128.063 -172.680
  94.931  138.367  163.360
  91.832  126.374 -172.963
  80.188  142.637 -178.970
  83.880  135.264 -173.967
  71.342  153.726 -171.124
  95.184  133.222  166.528
  83.082  134.489  179.263
  84.720  134.194 -176.915
  93.457  138.352  169.959
  85.580  130.818 -174.964
  89.505  142.482  168.792
  94.013  124.524  172.655
  86.326  140.744  168.985
  87.333  131.743  171.739
  81.857  134.594 -174.095
  86.417  130.191 -175.569
  91.721  142.753 -170.716
  77.090  133.004  172.447
  94.765  131.478  173.760
  78.072  131.793 -174.341
  96.390  129.323  173.249
  94.775  124.567  177.132
  88.090  141.640 -164.255
  94.657  139.306 -176.785
  88.035  134.733  173.202
  93.602  135.711  165.436
