-133.191  150.037  172.538
-142.271  153.895 -178.474
-142.948  152.926  169.804
-148.942  154.944 -173.377
-142.401  155.550  179.156
-139.737  143.526 -172.781
-138.596  153.323  172.552
-134.150  139.559  164.765
-140.490  148.119  166.460
-140.166  145.871  170.967
-140.921  154.762  176.822
-135.716  148.138  173.334
-138.720  162.208  169.681
-117.286  149.936 -175.440
-129.989  154.344  173.855
-119.288  156.440  163.603
-134.452  156.004 -161.946
-114.363  136.024 -147.272
-127.299  148.436  165.689
-137.901  151.215  178.744
-140.718  149.611  163.659
-129.682  140.881  169.239
-132.246  165.359 -171.573
-135.438  140.383  169.607
-136.052  143.807  168.195
-123.559  151.205 -175.290
-141.293  152.528  168.930
-131.967  147.339 -177.259
-129.139  156.223  166.085
-128.034  145.699  160.877
-127.487  146.582 -179.291
-137.102  141.551  171.133
-135.777  147.653  158.886
-137.438  164.298  173.539
-118.259  154.910 -179.528
-146.765  162.402  177.689
-138.261  151.273  172.473
-116.674  139.143  162.878
-141.394  158.603 -178.693
-133.168  144.552  171.963
-135.943  163.612  171.094
-131.943  156.387  169.525
-147.657  131.101 -157.473
-132.189  151.967 -168.709
-144.430  145.167 -178.780
-125.978  151.667  176.963
-155.548  156.604  170.122
-145.589  157.974  172.905
-144.500  154.943  170.414
-120.270  150.107  161.022
-132.000  151.847  179.852
-150.398  154.128 -168.603
-138.261  156.379  171.746
-118.434  151.140 -175.323
-106.765  155.827 -165.400
-137.921  154.623  171.659
-151.742  160.585  172.731
-134.565  147.371  176.367
-128.099  153.884  177.017
-133.172  157.357  174.305
-117.412  156.912  169.097
-137.819  162.847  154.334
-119.956  154.772  171.874
-139.605  156.082 -176.553
-139.133  146.692  171.646
-134.523  144.781 -176.543
-135.554  150.595  169.808
-137.293  161.787  168.646
-128.226  141.394  173.072
-130.516  146.745  164.520
-137.008  165.928  163.515
-132.334  152.151  168.263
-137.615  153.856  167.723
-144.038  146.308  175.429
-138.793  155.533  167.189
-125.609  152.007  177.669
-135.425  161.675 -172.608
-134.758  144.549  168.158
-127.970  160.913  165.286
-141.949  145.600  165.627
-135.981  145.285  176.739
-124.805  148.050  154.485
-133.648  156.975 -173.422
-123.677  144.707 -170.038
-119.950  154.191 -175.652
-127.439  163.215  176.079
-135.793  157.886  158.963
-143.029  156.156  162.868
-134.224  151.421  178.577
-134.382  154.823  176.216
-133.495  159.419  177.351
-142.548  145.566  171.268
-139.690  146.891  176.940
-128.779  151.273  157.470
-137.051  149.818 -166.262
-121.284  148.312  178.179
-137.595  145.123  176.079
-133.392  144.258  171.181
-138.422  154.102  155.988
-134.208  144.422  165.859
-118.299  154.453 -178.163
-126.681  154.727 -176.155
-124.346  153.985  173.721
-140.709  159.810 -173.276
-118.324  143.984  151.057
-141.456  142.854  173.853
-132.956  150.608  175.540
-134.530  160.520  164.102
-117.515  154.650  165.923
-130.992  158.242  169.971
-131.238  147.839 -178.760
-131.306  147.047 -173.915
-139.594  150.299  167.042
-107.314  153.759  171.841
-122.651  156.145  177.261
-136.767  153.629 -179.330
-142.307  158.366 -174.359
-113.850  160.897  172.296
-142.487  149.918  174.107
-121.976  161.544  158.311
-139.545  149.781  154.064
-136.066  141.201  177.797
-138.069  153.205  175.340
-119.000  154.605  164.255
-136.908  159.207  163.572
-125.174  154.907  176.922
-133.182  144.092 -178.406
-133.537  156.268 -159.131
-142.193  155.816 -164.361
-127.987  154.868  167.219
-142.377  150.176 -173.321
-127.079  148.231 -169.159
-142.356  157.896  162.809
-132.898  160.893  167.759
-116.135  150.162  164.313
-136.529  142.769 -175.321
-134.813  153.818  168.559
-137.908  154.433  170.173
-135.680  151.250 -178.256
-127.636  156.893  166.396
-145.329  159.146  170.321
-137.492  157.177  178.140
-135.700  144.950 -169.205
-145.902  165.048 -173.557
-134.901  150.576  174.191
-112.966  154.902  167.812
-136.580  146.765  157.244
-116.580  151.374  175.878
-141.997  157.701  177.020
-135.639  148.313  170.545
-142.534  139.000  170.205
-133.505  157.387 -177.601
-134.469  153.209 -178.917
-127.931  152.692  176.889
-132.974  144.322  171.464
-142.754  153.441  170.625
-152.777  144.669  174.388
-141.336  158.009  169.631
-107.149  151.640 -175.717
-136.516  153.691  167.268
-125.729  142.989 -176.624
-125.000  158.034 -173.643
-150.235  145.184  177.708
-131.136  145.769  169.283
-147.280  156.610 -178.357
-119.623  146.227  174.993
-135.007  130.836  175.207
-144.976  148.687 -175.371
-123.721  157.155 -177.958
-146.264  146.688 -177.566
-138.750  149.323 -177.773
-121.132  148.191  168.899
-152.726  156.940 -179.937
-147.604  137.277  173.370
-128.210  154.076  178.221
-112.221  145.702 -161.103
-119.843  159.695  166.353
-144.848  155.104  179.462
 -99.568  139.269 -177.306
-132.854  157.582  165.852
-141.248  137.756  163.080
-128.150  150.458  176.615
-130.851  145.779 -170.848
-123.311  160.527  172.407
-138.902  152.126  173.227
-132.019  163.151  172.877
-126.894  144.651 -166.793
-145.180  144.223 -176.709
-137.558  144.171  166.447
-148.053  164.136  173.499
-118.112  161.047 -162.740
-129.516  144.357  176.262
-143.967  151.434 -177.128
-129.194  160.345  172.308
-130.866  158.534  169.288
-134.130  153.967  174.063
-136.162  147.465  173.448
-137.168  162.363  179.257
-145.443  145.261 -172.542
-120.268  153.587  163.648
-140.486  152.304 -178.840
-138.811  153.851 -172.511
-133.067  152.627  158.956
-143.114  143.121  166.746
-123.709  135.689 -176.676
-126.445  151.404 -171.090
-150.737  161.087  174.266
-133.683  151.644 -159.673
-138.023  145.799  168.401
-123.296  143.798  153.274
-127.969  150.969  164.650
-124.441  151.107 -177.837
-142.040  149.855  166.909
-150.634  155.567  173.646
-125.227  155.396 -163.917
-141.591  149.450 -179.133
-136.091  156.597  174.259
-142.732  172.247  177.636
-118.654  148.479  169.428
-113.870  155.646 -168.354
-139.311  141.938  163.706
-132.687  153.933 -164.921
-140.856  153.187 -176.163
-133.950  144.327  173.094
-142.882  161.555  156.740
-130.115  154.367  172.849
-139.451  146.885 -178.732
-112.551  160.587  178.370
-140.338  158.707  162.450
-135.802  146.033  177.191
-144.932  151.529  175.597
-132.578  165.244  175.890
-123.048  151.063  176.473
-123.159  158.778  176.202
-131.945  145.338  173.277
-143.912  149.658  176.485
-136.539  148.415  160.712
-136.336  145.763  179.980
-134.412  155.544  164.697
-146.546  155.634  165.279
-129.843  145.813  163.477
-134.751  142.424  165.696
-128.226  144.683  178.006
-144.482  153.432 -179.340
-131.263  141.499  171.792
-150.859  145.753 -175.202
-142.218  139.989 -163.109
-133.545  157.604 -178.161
-149.411  137.869  174.944
-139.441  157.088  155.061
-125.080  154.404  155.560
-137.144  155.683 -164.530
-138.966  160.802  179.367
-149.339  150.861 -169.995
-143.345  147.073  172.740
-143.522  163.224  178.572
-133.039  154.632  162.095
-127.082  154.463  173.532
-135.826  155.375 -173.120
-135.463  140.975 -178.492
-127.351  154.474  161.407
-121.795  147.599 -172.730
-106.482  157.793  167.535
-125.231  150.376  160.461
-130.641  149.126  171.895
-119.707  155.020  174.197
-127.347  145.916  166.557
-136.568  153.059 -177.471
-137.253  128.306 -178.944
-139.008  157.082 -175.649
-143.220  149.339  170.254
-138.536  148.553 -171.761
-143.383  154.891  170.823
-127.219  155.062 -171.327
-141.857  150.559  165.997
-142.689  151.538  174.304
-144.850  162.833 -177.667
-135.377  140.932  168.211
-136.922  151.376 -178.644
-147.746  166.478  168.081
-139.379  151.697  167.584
-139.867  152.632  178.957
-134.676  152.557  143.608
-154.829  139.067  164.712
-126.087  143.834 -168.355
-131.501  147.684  177.660
-103.726  154.322  175.486
-145.321  145.041  170.479
-149.398  154.087 -164.856
-145.874  138.072  177.239
-149.766  142.711  175.857
-139.985  147.344  177.527
-125.549  147.703 -173.849
-149.162  140.744  172.576
-142.079  155.615 -174.125
-127.816  148.752  166.510
-141.270  156.969  171.858
-135.201  142.892  170.354
-124.252  153.933  174.152
-138.627  150.785  178.018
-138.543  143.786  175.902
-147.679  137.469  161.756
-144.062  153.755 -169.945
-125.813  151.128 -177.183
-146.856  162.842  171.802
-137.449  163.935  177.484
-124.892  151.619  171.335
-125.282  155.167 -175.350
-136.678  148.328 -177.050
-114.598  149.605  159.824
-142.073  153.765 -178.480
-129.279  144.393  172.934
-143.941  162.584  179.819
-131.827  162.387 -177.242
-140.143  151.272  173.450
-140.545  155.026  177.054
-144.976  147.277  174.604
-143.770  155.569  179.004
-138.403  151.986 -175.884
-132.545  161.279  163.541
-126.539  147.395 -166.787
-128.278  142.135 -155.676
-138.777  156.983 -179.724
-145.271  139.547  168.005
-129.402  146.974  167.162
-133.009  156.759  169.985
-134.915  164.452  171.491
-135.679  158.800 -172.554
-114.398  160.603  167.991
-143.673  154.433 -178.434
-133.749  151.613  158.776
-143.988  153.644  171.799
-140.278  148.141  178.885
-128.186  153.592  178.581
-139.391  135.848  173.848
-145.935  157.007 -175.803
-136.052  152.762  169.063
-128.188  149.565  159.764
-132.214  153.312 -157.199
-143.395  143.246  179.956
-122.017  149.004  174.645
-136.809  147.048 -178.559
-137.273  153.809  170.145
-131.270  152.832  172.397
-128.579  153.027  176.912
-135.060  144.212  168.762
-140.168  143.937  170.553
-135.371  144.228  178.232
-141.516  153.221 -175.496
-147.053  148.992 -170.666
-133.097  150.645 -175.142
-120.432  152.493 -179.593
-128.660  155.891  160.374
-139.940  157.209  168.602
-143.948  148.029  170.932
-152.461  139.124 -175.924
-134.925  150.663  177.604
-147.582  149.545 -178.784
-128.371  158.288  168.922
-134.117  148.231  154.682
-136.221  153.737 -177.281
-142.352  148.149  177.553
-125.788  162.017 -163.047
-129.172  155.684  166.705
-138.943  143.493  179.813
-139.849  148.714  171.340
-130.242  152.751 -174.781
-135.633  154.568 -169.659
-143.276  154.947 -176.893
-134.274  148.665  165.526
-147.327  150.720 -173.013
-135.086  153.705  173.899
-136.159  156.761  173.596
-128.426  147.426  167.363
-131.040  150.755 -178.839
-131.040  164.424  159.574
-139.181  141.737  173.436
-117.268  160.471  178.445
-145.224  151.748  156.522
-128.199  157.441 -160.684
-127.504  151.706 -170.750
-139.355  133.151  170.965
-135.117  146.355  164.841
-145.779  160.619  170.602
-143.926  153.165 -172.007
-140.077  154.821  176.110
-132.528  149.592  157.755
-112.541  164.565  175.716
-140.341  145.138  173.522
-149.594  141.689 -176.848
-148.476  153.509  171.336
-139.693  150.449  176.956
-140.163  156.036  173.960
-137.179  171.050  161.680
-115.051  145.918 -172.175
-121.278  152.332 -162.233
-115.934  153.622  170.642
-122.021  153.303  178.021
-146.969  155.853  177.372
-131.934  160.200  171.476
-122.152  152.544  174.320
-148.779  161.112  172.060
-130.411  150.020  179.100
-137.983  153.440  177.709
-152.987  139.647 -158.245
-126.024  154.806 -166.856
-126.757  150.998 -178.882
-106.824  153.374  179.972
-115.245  154.604 -166.903
-131.493  148.723 -168.462
-137.751  153.094  178.459
-126.521  155.483  165.936
-144.060  159.425 -170.618
-129.925  141.492 -177.307
-118.787  141.695  166.572
-131.322  160.452  162.793
-129.967  135.480 -155.938
-130.117  146.632  158.269
-147.068  150.602 -166.709
-125.423  144.458  179.206
-131.553  149.048  173.248
-149.502  148.048 -170.346
-131.739  159.468  177.018
-150.858  145.605  177.676
-124.865  147.901  162.154
-138.640  162.533 -175.827
-143.740  155.322  179.165
-129.722  145.321  164.923
-142.797  157.240  177.571
-134.083  155.639 -176.427
-141.282  150.431 -177.078
-136.821  155.234 -177.781
-128.908  149.870  168.944
-125.362  161.455  171.743
-148.797  155.240  164.333
-135.541  138.415  178.063
-132.261  151.421  158.215
-148.298  161.062  159.857
-139.843  159.775  175.432
-126.824  156.215  164.115
-134.739  158.495  166.529
-131.909  151.286  155.417
-137.976  141.204 -173.468
-151.484  145.725 -175.879
-143.662  154.525  178.519
-126.196  154.117  178.261
-142.100  146.392  165.956
-119.961  143.083  179.793
-132.938  158.169  162.907
-152.822  154.810  171.738
-140.733  147.975 -172.430
-117.904  139.571 -174.328
-113.702  159.408  179.332
-131.375  147.001  173.274
-133.116  149.857 -179.980
-147.938  156.284  166.726
-127.747  160.488  174.497
-144.477  154.874  164.163
-130.898  148.886  172.524
-126.233  142.869  178.138
-137.655  158.571  173.262
-136.487  154.234  157.173
-143.985  150.365 -177.114
-139.289  151.230 -168.361
-132.890  155.181  155.882
-131.661  147.302 -157.588
-126.837  148.592  177.748
-145.817  151.269  174.198
-134.457  143.760  157.820
-124.169  159.822  158.143
-144.142  162.874 -169.671
-127.544  133.712 -169.668
-135.284  146.961 -179.225
-132.875  152.559  156.995
-137.236  148.261  175.620
-118.655  154.635 -179.160
-121.197  147.946  171.424
-120.909  156.421  163.747
-142.944  149.049  178.195
-136.412  141.116  167.450
-124.319  151.242  169.852
-125.230  146.917 -174.022
-127.919  159.851 -174.647
-134.966  156.387  168.455
-127.870  158.405  171.267
-142.457  155.328  175.308
-126.502  154.892  178.806
-116.803  149.767  165.419
-135.782  154.679  173.547
-120.994  155.183  155.465
-139.387  156.004 -170.636
-127.067  155.781  171.256
-138.396  146.652 -172.678
-135.543  151.128 -177.784
-128.972  144.222  171.832
-142.728  141.871 -172.937
-134.290  158.253 -167.614
-134.364  141.167 -178.872
-138.662  161.271  179.581
-128.211  151.642  170.449
-119.569  156.627  169.922
-135.661  143.387  176.164
-128.595  155.787  177.716
-138.974  145.012  179.567
-134.813  147.046 -172.203
-128.874  143.681  175.499
-146.573  152.316  172.006
-138.098  168.261 -178.620
-149.731  145.778  172.279
-136.743  150.051  152.585
-118.137  175.632  159.274
-122.191  154.280  169.087
-140.179  144.238  174.576
-143.917  157.318  150.683
-150.986  150.157 -169.427
-136.249  145.789  175.579
-139.580  147.099  174.553
-139.964  149.769  172.011
-142.802  152.690 -177.510
-138.024  149.985 -159.850
-137.036  141.118  172.413
-140.813  166.335  178.027
-149.306  158.053  170.751
-144.316  153.800  176.254
-137.033  156.139  174.296
-135.770  155.855 -178.046
-146.388  142.214  170.922
-133.370  148.310  169.434
-158.765  167.783  172.710
-140.028  136.171  172.985
-118.192  140.385  171.220
-125.688  162.106 -174.685
-127.686  151.401  165.922
-149.685  166.729 -179.699
-144.496  150.583  175.316
-112.706  150.003 -168.036
-137.019  144.305  170.552
-137.002  157.846  176.528
-141.098  147.852  177.948
-135.909  156.454  155.806
-131.481  161.781  171.606
-138.646  143.216  167.383
-137.365  149.833 -179.173
-129.163  141.767  177.111
-145.284  141.774 -173.102
-146.965  139.646  167.654
-135.615  167.194 -178.703
-146.075  158.966  177.794
-106.041  148.141  177.727
-140.852  148.819  179.172
-141.127  156.341  155.753
-117.174  150.467  176.620
-118.829  141.086 -160.550
-125.274  159.307  174.442
-127.237  156.196  165.569
-137.105  158.009  174.482
-149.598  142.913 -178.095
-132.873  143.285 -175.714
-135.464  162.780 -169.455
-129.896  143.929  178.388
-138.890  159.538  171.086
-125.663  153.327  178.560
-128.294  155.373  176.200
-121.192  161.344  161.543
-133.659  162.707 -162.164
-120.189  154.299  174.078
-117.272  153.060  153.333
-139.906  151.973 -177.932
-138.114  149.058  155.128
-148.521  147.010  167.731
-138.109  151.157  168.240
-145.487  152.825 -179.602
-132.575  158.300 -172.058
-128.955  159.147  174.873
-133.434  156.721 -179.255
-130.506  146.923 -170.023
-145.532  151.799  174.471
-137.543  144.851 -176.539
-122.474  147.725 -175.191
-137.316  147.675  163.950
-129.407  149.088  156.896
-128.287  157.981  174.934
-140.643  151.940 -172.381
-140.820  150.565  179.756
-140.346  153.831 -178.725
-145.692  150.273  167.104
-136.489  151.216  176.768
-130.577  155.327  172.988
-143.660  159.539  160.085
-134.635  143.343  171.537
-124.216  152.745  175.313
-127.727  160.865  160.760
-149.858  149.834 -177.260
-141.819  164.080  171.977
-134.167  150.408  172.232
-143.616  159.541  177.417
-140.667  151.421 -177.782
-137.665  156.728 -174.275
-129.343  152.906  175.098
-136.063  160.596 -174.556
-127.187  160.538  175.246
-139.003  150.616  172.410
-145.782  154.954 -165.868
-141.658  146.876  177.050
-143.941  151.490 -174.007
-140.677  145.032  161.015
-127.404  142.706  161.068
-133.317  146.839  165.724
-143.213  142.983 -179.179
-128.626  163.851  176.731
-133.242  150.111  169.773
-141.309  161.654  166.972
-142.178  150.241  159.522
-127.076  170.481  166.198
-137.949  142.219  162.538
-135.011  154.142 -163.797
-123.284  154.798 -167.044
-139.373  153.535  174.025
-139.441  151.542  173.919
-141.057  160.061 -153.605
-134.195  142.380  158.815
-141.420  154.021  168.124
-129.749  157.536  151.490
-125.592  148.120  177.634
-143.464  154.686  161.206
-147.109  142.974 -179.834
-100.418  138.461  172.727
-143.377  150.732 -179.526
-138.224  146.252 -177.176
-138.754  152.170  166.947
-118.111  144.138 -179.679
-115.064  154.912  172.915
-137.572  157.302  178.263
-128.766  149.140 -175.214
-140.809  141.904  176.586
-114.878  150.716 -173.914
-116.835  131.803  174.372
-127.857  159.526 -171.807
-134.260  138.477  174.425
-134.087  151.095  159.888
-123.396  153.139  175.548
-127.902  151.772  158.293
-129.727  152.631 -173.216
-141.486  143.947  173.898
-125.636  145.039  172.918
-111.381  139.993  161.400
-134.497  163.938  175.036
-128.528  149.855  166.134
-143.979  166.071 -176.490
-138.104  141.755 -172.608
-141.431  153.435  171.169
-141.270  156.697  176.554
-134.872  148.298  166.825
-142.550  147.069 -171.310
-123.949  150.288 -162.663
-136.803  167.331  155.081
-134.015  152.299 -173.913
-137.531  140.783  178.464
-126.312  148.850  169.332
-142.186  147.924  163.246
-142.930  146.365 -174.879
-143.237  141.652  168.499
-132.116  157.196  179.451
-132.356  159.312  174.986
-108.640  150.673  175.052
-124.214  151.225  174.968
-131.780  155.987  164.630
-142.896  142.639  178.714
-132.685  141.551  160.109
-131.686  151.695  172.615
-137.665  159.032  169.839
-123.697  149.318  164.087
-144.705  157.829  151.177
-116.744  150.736 -174.974
-130.469  146.529  178.184
-113.747  148.886 -173.602
-139.240  161.492 -167.305
-142.156  145.991  178.346
-138.873  155.302 -177.433
-109.361  147.384  176.937
-119.184  149.775 -158.872
-122.469  152.912  175.363
-136.469  160.515 -168.059
-124.989  157.385 -161.606
-137.307  157.605 -175.218
-140.901  162.042  170.836
-137.332  148.682  177.517
-147.269  159.197  171.384
-132.017  154.755  163.543
-122.667  124.333 -164.922
-141.101  155.644  172.766
-121.429  147.381  179.265
-145.311  145.373  177.978
-126.289  144.839  169.558
-125.153  142.943  174.160
-146.547  148.371  176.957
-159.979  150.380 -177.998
-129.896  145.634 -177.928
-138.243  144.949  167.990
-149.735  150.277  159.007
-137.213  151.942  178.563
-137.977  143.500 -175.613
-137.032  156.681  175.531
-133.383  159.540  157.289
-118.474  143.570  161.233
-132.531  138.530 -178.282
-140.779  153.566  177.839
-127.825  147.624  174.540
-126.141  159.436  151.343
-132.598  162.961  171.947
-137.125  173.462  177.133
-133.632  159.534  164.414
-129.780  156.036  162.933
-109.912  151.401 -163.671
-134.936  152.944  155.804
-142.500  133.830  172.156
-134.946  146.768  164.965
-142.125  145.766  176.205
-139.721  160.437  160.866
-142.311  151.799  176.457
-135.231  151.069  169.395
-143.759  151.659 -175.066
-149.701  154.464 -174.916
-137.045  147.340 -175.293
-139.253  141.913  166.706
-130.692  155.408 -170.431
-126.509  157.146 -179.188
-139.225  157.154  174.697
-128.597  145.569  167.829
-132.500  148.494  169.491
-135.907  141.670  178.089
-131.943  157.317 -168.885
-140.349  158.289  176.144
-135.809  161.234  170.739
-110.568  155.997 -176.764
-139.880  156.744  154.326
-132.644  146.494  170.383
-128.058  147.702  169.995
-130.984  162.231  159.240
-101.586  156.564  160.351
-128.171  150.276  159.948
-133.211  159.676  167.001
-143.651  160.310  164.486
-145.106  150.796 -171.450
-139.603  144.781 -172.229
-142.608  165.192  173.107
-133.723  152.649  168.900
-130.355  148.901  172.849
-143.146  150.107  177.673
-127.894  135.351  173.931
-139.355  145.654 -175.201
-138.435  158.738  163.628
-116.892  152.719  175.154
-120.922  153.002  158.491
-130.780  156.229  171.157
-125.552  153.314 -166.544
-125.288  143.024  173.347
-147.646  162.307  167.544
-133.330  152.030 -171.739
-121.259  151.813 -173.042
-139.796  142.484 -157.068
-133.635  158.870 -167.673
-139.639  141.608  160.575
-102.540  159.826 -173.298
-133.487  143.478  176.764
-135.910  150.487  166.125
-136.981  146.409 -171.064
-128.867  146.218  165.474
-128.734  148.465  167.928
-146.086  142.494  178.701
-122.014  158.077  178.209
-129.443  155.451  160.275
-141.969  152.641  169.695
-131.603  156.374  171.925
-138.000  149.233  164.297
-120.373  138.999  164.063
-130.953  152.764  164.953
-123.968  144.383  161.564
-145.060  146.437  169.394
-138.359  151.537  169.736
-133.299  155.486  162.824
-122.304  154.541  179.851
-130.449  150.004 -176.489
-112.211  149.362  167.068
-127.010  145.368 -173.176
-133.940  148.376  169.482
-145.060  140.056 -167.707
-138.144  154.253  171.500
-139.213  146.952  162.378
-137.240  136.175 -176.513
-123.413  161.230  163.713
-132.329  153.669  171.749
-137.295  154.021  166.017
-128.661  150.451 -176.270
-137.061  162.155  176.093
-142.767  146.407  174.628
-145.778  154.479  169.894
-136.596  153.180  172.816
-127.650  145.101 -176.940
-140.437  159.135  168.051
-133.195  149.178  168.823
-140.882  134.052  165.231
-145.202  147.039  176.348
-155.321  151.247  176.049
-127.440  138.176  161.306
-125.276  146.227  175.771
-123.558  160.131 -178.991
-126.191  143.638  178.364
-141.560  132.115 -170.813
-138.471  145.142  174.871
-137.528  150.604 -176.496
-146.635  146.146 -179.702
-125.444  147.258 -173.596
-143.855  156.556  171.267
-128.893  138.616 -177.573
-120.508  144.607  179.159
-134.606  164.500  166.836
-141.176  148.011  174.766
-131.487  154.256  156.060
-131.010  162.152  160.885
-121.062  155.532  175.419
-134.576  158.890  168.111
-133.234  149.586 -176.876
-135.296  150.481 -170.007
-128.509  151.234  170.572
-146.427  149.177 -173.988
-132.262  148.512 -176.432
-141.974  150.351  178.027
-132.427  151.302  179.774
-133.451  148.383 -178.648
-133.905  146.244  167.823
-133.617  151.911  176.997
-130.219  152.659  168.369
-145.404  145.759  179.111
-149.723  145.742 -177.969
-137.186  162.809 -175.166
-124.563  152.410  150.700
-142.016  144.625  178.365
-122.172  151.876  177.429
-137.436  143.149 -179.815
-132.569  142.412 -170.393
-133.193  155.693  173.967
-142.056  159.119  175.465
-138.707  158.298  165.504
-133.630  155.027  163.528
-131.758  155.504  149.851
-131.015  159.721  173.431
-139.099  157.812  162.797
-131.601  158.702  175.099
-133.054  149.898  176.546
-131.390  138.281 -173.780
-134.504  151.399  154.163
-133.385  149.424  169.281
-133.412  151.748 -178.602
-120.720  142.907 -174.010
-139.142  156.356 -174.485
-131.774  150.553  172.055
-143.182  153.995 -179.819
-125.186  150.210 -169.156
-132.263  166.907  160.010
-129.207  164.448  155.453
-123.749  154.605 -177.331
-138.381  145.797  169.356
-140.380  150.955 -180.000
-138.568  151.492 -177.223
-152.228  152.438  166.733
-132.310  149.455  163.225
-111.810  150.385 -177.386
-131.976  158.511  161.462
-145.861  166.560 -174.061
-126.940  149.104 -151.785
-116.759  148.348 -177.523
-137.627  158.612  177.937
-144.741  158.175 -169.977
-114.654  148.692  165.249
-110.187  151.023 -175.467
-149.382  154.400  179.403
-147.889  149.948  164.317
-129.937  144.326  168.412
-129.550  160.363  169.000
-143.794  137.973  162.745
-136.907  157.235 -178.386
-140.276  152.614  163.929
-138.598  155.713 -176.302
-141.331  147.113  172.634
-142.202  152.281  159.700
-143.575  151.845  176.438
-134.159  150.849  175.343
-139.269  149.920  167.811
-144.360  165.925  174.699
-127.674  149.973 -177.313
-149.068  145.964  173.568
-141.624  163.138 -173.476
-132.526  141.588  175.372
-145.412  159.541  173.186
-131.599  143.610 -175.626
-142.254  155.582 -177.039
-132.499  152.241  170.806
-126.907  156.864  174.329
-144.824  157.523  171.993
-125.494  156.856  174.083
-150.865  145.850  179.009
-147.080  153.687  174.495
-142.014  144.435  161.979
-150.046  143.318 -173.957
-146.837  150.327 -173.503
-134.857  145.109  159.254
-132.570  153.001  169.805
-127.534  146.193  177.829
-139.614  150.828 -178.540
-131.613  155.634 -178.549
-130.576  152.133  159.366
-142.713  156.792 -173.766
-130.096  142.383  149.554
-139.003  147.734 -177.645
-151.683  154.005  173.927
-122.468  161.651  162.491
-120.232  146.117  161.925
-128.437  168.742  169.503
-126.437  152.062  178.728
-151.017  165.000 -175.880
-139.777  157.701  157.090
-142.305  156.388 -174.276
-142.450  151.827  157.286
-134.794  144.045  178.006
-147.225  140.221 -179.126
-153.758  145.827  170.916
-128.174  142.069  169.721
-134.938  159.229  179.558
-145.631  130.715 -169.687
-122.317  158.939  178.241
-133.787  157.472  163.986
-118.852  143.226  172.376
-136.876  156.594  173.555
-132.097  149.296 -167.959
-140.319  141.472  172.462
-141.231  151.658  162.933
-128.228  142.758  172.854
-129.440  150.149  170.382
-133.276  158.874  177.559
-135.136  137.131 -166.029
-127.819  141.774  165.206
-138.510  161.226 -179.638
-130.177  153.921  174.210
-140.721  167.518  166.969
-126.842  164.425  162.878
-140.246  159.009 -172.835
-123.567  146.099  165.682
-148.954  156.992  174.988
-109.452  151.289  173.758
-127.690  161.752 -178.722
-139.394  160.893 -174.413
-106.490  151.532  166.992
-130.395  164.156 -177.010
-116.432  126.764 -175.008
-106.786  154.428 -176.451
-131.247  159.978 -165.669
-134.185  144.313  174.603
-137.482  155.544 -173.322
-131.402  151.987  176.488
-137.494  155.012  171.134
-122.401  156.339 -175.010
-137.778  136.977  158.293
-138.913  150.255  159.670
-103.248  164.298 -167.287
-133.712  124.507  176.108
-143.140  142.911  166.073
-102.616  168.892 -161.617
-133.529  143.881  161.302
-130.984  156.196  160.260
-119.639  157.830 -179.198
-129.000  141.150 -168.740
-128.728  154.715  175.292
-140.591  145.737 -179.912
-127.781  151.864 -160.134
-117.457  143.434 -168.983
-127.337  148.472 -177.945
-138.252  155.986 -170.314
-137.287  166.080  173.424
-129.651  145.254 -163.486
-134.737  147.977  176.080
-142.372  150.799  173.978
-119.300  151.594 -173.512
-134.900  155.513 -174.063
-121.681  155.283 -178.595
-135.620  137.155  176.732
-126.998  149.655  171.266
-145.923  156.646 -173.407
-122.262  163.845 -179.403
-134.424  157.814  176.040
-135.787  159.821  179.023
-114.149  151.189 -165.852
-142.535  158.716  169.931
-121.858  137.536 -167.471
-143.363  152.268  160.731
-147.919  155.719 -179.899
-129.579  148.913  173.249
-141.857  146.749  166.268
-126.307  140.332 -173.653
-128.089  152.002 -176.568
