  78.715  146.370  166.019
  86.650  146.537  173.880
  65.686  146.563 -169.042
  79.896  151.628 -176.300
  78.192  139.818 -177.193
  91.783  142.751  170.581
  77.125  155.692  171.385
  84.395  152.081  158.992
  76.851  151.378 -176.246
  84.874  142.408 -179.698
  72.319  159.142  179.923
  80.645  147.237 -176.250
  79.163  150.303 -172.962
  73.947  145.883  174.307
  82.721  139.087 -176.061
  81.219  155.178  175.909
  80.686  150.865  165.180
  65.396  145.864 -166.188
  73.032  154.076 -168.598
  73.238  158.944 -159.084
  74.502  146.239 -179.316
  80.465  140.369 -164.229
  83.306  168.185 -176.725
  84.831  156.802  173.026
  82.986  154.955 -177.734
  80.621  150.038 -172.450
  68.982  150.461 -176.313
  78.593  160.340  171.217
  81.619  142.090 -170.337
  81.739  153.206 -173.750
  81.006  149.272 -167.135
  74.917  161.365 -172.252
  82.092  162.825  178.967
  79.818  151.276 -166.571
  82.498  142.452  177.072
  91.493  162.938 -179.417
  91.663  151.548 -164.901
  82.294  148.098  174.280
  80.959  151.696  179.069
  85.624  160.058  167.556
  76.393  153.069  175.577
  62.533  151.196 -155.414
  83.788  147.900 -171.804
  82.126  160.691 -165.509
  77.795  150.873  175.710
  66.933  149.337  173.204
  77.067  145.067 -178.141
  81.413  148.272  167.199
  76.479  156.382  169.426
  58.163  151.162 -176.843
  85.428  147.445  161.214
  69.640  155.575  177.963
  85.773  143.170  174.667
  82.106  154.202  173.907
  82.096  151.758  170.749
  76.378  152.010  175.786
  78.198  157.476  172.380
  78.926  161.267  160.018
  74.518  138.532 -177.120
  84.333  149.078 -176.273
  77.185  149.472  162.971
  88.014  142.922  163.837
  62.641  152.870 -173.488
  69.698  150.424 -168.091
  82.992  148.750 -172.300
  74.802  153.292 -175.731
  77.264  149.949  175.932
  78.802  152.482  177.453
  65.748  150.582 -171.100
  83.719  145.918  166.925
  82.864  147.542  177.595
  79.340  148.669 -169.747
  74.377  144.954 -172.018
  77.301  142.136 -178.360
  80.557  153.833 -171.063
  77.364  154.168  174.865
  82.022  144.161  174.553
  76.916  139.670 -159.877
  72.278  160.955 -177.277
  84.072  149.720  169.545
  81.386  141.721 -178.937
  68.750  155.285 -159.294
  65.958  161.737  177.023
  73.980  152.508 -165.641
  79.512  152.117 -169.214
  85.001  159.256  174.496
  87.390  147.971  172.015
  71.156  153.369 -172.333
  77.195  146.312 -146.192
  73.999  145.574  177.143
  77.404  141.825 -167.897
  87.119  148.243 -176.469
  74.628  139.853 -174.963
  74.356  154.446  173.753
  82.228  153.263 -172.388
  79.566  152.223 -162.788
  78.074  154.601 -172.876
  83.091  142.123 -172.612
  78.981  143.299  179.446
  81.084  153.741 -172.908
  80.528  136.018 -167.021
  70.907  147.141 -171.484
  86.353  144.514  172.148
  82.594  158.850 -172.780
  83.717  148.087 -174.878
  79.666  156.203 -177.318
  70.279  155.694  178.452
  73.808  150.775  177.212
  77.671  157.983  169.671
  88.408  148.668  171.780
  75.667  149.947  176.458
  80.254  158.117  177.453
  71.449  154.759  174.276
  72.628  140.187 -166.270
  57.986  160.539 -170.305
  75.325  148.404 -173.117
  84.882  149.507 -174.416
  83.272  147.229 -178.018
  86.830  149.556  176.450
  79.194  159.992 -176.309
  65.484  161.138 -167.417
  79.654  149.536 -172.713
  85.618  143.701 -172.327
  76.810  149.091 -169.070
  76.604  146.085  176.467
  77.815  158.275  179.619
  87.468  157.688  156.033
  82.450  136.010 -176.350
  77.125  149.883 -166.154
  81.680  144.458 -175.770
  83.670  143.544  177.758
  81.678  158.707  174.722
  78.787  147.442 -179.301
  80.478  146.134 -173.547
  76.818  152.846 -179.350
  78.254  153.220 -178.410
  78.125  152.640  174.065
  81.712  154.600  170.072
  76.477  148.459 -172.684
  68.695  155.634  173.705
  75.221  160.079  167.177
  71.334  154.517  174.852
  81.106  145.334  177.958
  92.743  146.247  166.581
  79.999  147.949  171.802
  84.295  146.763  168.648
  78.977  162.090  164.226
  76.801  155.246 -179.591
  86.122  141.527  168.637
  65.067  147.307 -169.967
  64.945  138.787 -160.549
  79.102  150.070  172.774
  79.730  152.297 -173.535
  82.318  151.695 -179.337
  85.000  150.951  169.273
  76.226  160.805  177.837
  70.102  154.005 -173.577
  73.343  146.591  175.870
  80.603  141.316 -168.840
  85.119  151.831  174.446
  66.856  157.956 -172.846
  75.230  155.300 -173.976
  70.212  132.081 -174.161
  67.221  150.556 -164.764
  77.745  157.103  170.203
  63.060  145.526 -168.937
  78.439  163.032  174.429
  59.600  153.890 -168.792
  78.584  154.162  179.190
  82.457  145.469  175.498
  79.844  158.384 -176.219
  76.885  140.449 -178.003
  78.191  151.819 -176.597
  85.664  144.656  175.971
  82.648  156.846  173.510
  78.356  161.718 -175.152
  65.333  153.539 -172.925
  82.389  159.325  166.561
  81.762  148.064 -168.678
  87.998  143.861  178.214
  82.988  161.210  177.858
  68.889  136.122 -172.009
  69.958  149.912 -166.639
  88.685  142.854 -149.879
  76.032  148.899  177.807
  79.465  164.523  173.478
  69.693  150.518 -178.978
  74.430  140.847 -167.843
  78.523  148.417  172.543
  90.693  146.062  166.122
  81.249  156.586  173.491
  79.173  153.776  177.554
  86.852  140.969  170.597
  91.945  143.834  178.162
  83.398  147.468  166.663
  83.025  148.150  178.981
  77.002  160.499  177.747
  92.431  155.847  172.363
  78.418  147.541  165.742
  75.653  151.921 -178.616
  79.382  147.642  177.461
  87.649  151.133  175.279
  72.865  150.240 -162.965
  93.171  162.426  157.917
  68.168  157.338 -175.447
  73.532  148.061 -179.199
  68.450  155.327 -162.610
  70.786  165.281 -169.877
  77.912  160.182 -179.063
  66.017  163.344  179.885
  83.534  155.759 -178.814
  66.118  153.432 -168.699
  83.956  145.452 -174.626
  78.004  144.103  179.972
  74.027  150.695  175.597
  74.228  145.002  174.205
  77.617  158.339  175.924
  78.211  161.619 -171.039
  79.170  151.634 -178.215
  76.242  153.207 -171.054
  80.496  138.587  176.101
  82.131  136.531 -176.978
  76.332  166.746  176.552
  85.490  149.157 -177.131
  69.758  157.080 -174.152
  82.293  136.232 -161.398
  81.041  150.842 -177.991
  75.044  140.994 -171.978
  82.731  146.481 -161.147
  78.894  146.179 -178.001
  85.093  153.895 -174.761
  79.131  156.299  176.965
  76.253  154.315  175.704
  69.913  151.651  173.398
  77.364  152.726  179.623
  73.155  146.087 -168.433
  83.573  147.105 -177.122
  66.657  150.145  175.643
  85.179  146.294  175.858
  74.883  144.147 -161.076
  76.328  151.770  174.668
  76.105  153.447  174.028
  81.909  154.196 -170.118
  84.277  141.256 -168.244
  83.877  144.575 -174.464
  76.519  137.866 -175.270
  79.539  154.881  174.995
  90.826  144.499  164.258
  83.253  151.288  170.637
  88.488  161.461 -164.923
  78.716  156.761 -176.326
  76.706  151.696 -171.231
  71.457  144.349 -176.493
  81.326  141.634 -179.474
  77.658  146.363 -158.642
  72.345  143.950  174.694
  82.634  164.456  173.678
  71.018  154.928 -173.065
  75.793  150.832  175.583
  78.119  145.953 -170.048
  86.433  145.628  176.421
  77.364  161.327 -164.894
  72.307  152.188 -172.335
  80.102  151.705  171.506
  74.032  145.589  178.453
  80.191  151.704 -177.022
  78.762  144.272  166.209
  73.739  150.634 -175.427
  77.357  152.495 -161.088
  85.531  154.589 -176.448
  79.798  149.511 -155.431
  76.000  159.870  177.324
  81.519  154.593 -170.446
  87.434  147.047 -179.454
  73.917  144.382 -167.872
  73.975  158.059 -177.113
  89.645  139.619  172.875
  75.943  146.774  166.667
  84.269  150.400  174.853
  68.848  143.269  178.358
  74.881  148.921 -176.826
  83.882  144.509 -174.780
  69.878  155.842 -164.290
  81.290  155.543 -172.731
  89.954  153.095  171.476
  89.424  143.430  175.617
  88.651  137.138  172.595
  63.582  152.773 -166.441
  73.408  146.414  176.443
  78.932  151.343  178.306
  72.503  160.433  178.936
  70.022  152.779 -179.931
  79.789  153.180 -168.369
  81.172  150.068 -177.422
  88.484  157.863  176.667
  78.249  163.114 -171.285
  87.119  146.290  178.269
  78.762  142.405  167.940
  78.833  150.763  176.797
  76.518  140.855  173.407
  87.923  140.258 -178.643
  75.854  151.471 -174.985
  80.466  131.374 -169.437
  83.285  138.020  169.969
  77.439  154.066 -178.538
  83.093  146.338  173.909
  85.755  149.333  177.965
  81.170  155.474 -178.508
  90.513  141.205  167.650
  79.345  143.408  176.374
  84.247  147.320  171.234
  76.894  149.932  178.256
  78.027  164.654 -173.251
  83.110  150.226  173.411
  72.732  162.607 -175.438
  79.811  142.060 -170.291
  83.168  148.057 -167.322
  79.730  155.807 -167.151
  84.806  143.898 -179.201
  78.874  145.615 -159.279
  82.168  146.813  177.193
  71.722  155.716 -156.765
  80.287  160.831 -172.841
  78.408  145.196 -173.296
  78.595  140.116  168.362
  83.200  139.629  179.187
  72.981  151.870 -176.174
  70.387  147.163 -178.242
  84.580  152.434 -169.216
  74.338  149.853 -168.123
  77.854  150.691  179.456
  80.362  154.372  165.539
  78.819  142.292 -168.834
  78.783  153.340 -165.974
  67.287  152.424 -171.903
  92.317  150.603  163.343
  74.932  150.236 -172.615
  84.404  154.056  167.936
  73.177  149.772 -171.019
  74.250  148.318  176.875
  79.721  161.705 -178.066
  74.946  136.803  170.899
  79.031  148.599 -168.364
  78.385  159.671 -176.955
  72.674  156.806 -177.896
  87.764  156.465  170.205
  77.020  163.880  179.966
  76.535  144.502  174.303
  71.670  154.095  175.480
  76.432  144.425 -178.068
  79.457  155.016 -177.080
  70.168  147.764 -172.620
  84.790  154.036  172.052
  72.953  154.698 -174.435
  75.855  140.435 -177.494
  85.508  140.934 -179.864
  75.055  164.869  173.477
  79.594  138.996 -178.094
  82.452  144.352 -176.452
  78.858  140.355  176.431
  78.613  145.296 -176.151
  76.379  159.309 -166.491
  81.202  168.403 -177.419
  70.691  147.513  178.889
  72.156  145.513 -177.827
  84.576  152.403  164.735
  78.488  163.077 -173.927
  81.891  146.876 -175.669
  71.819  155.820  175.015
  81.439  163.479 -175.439
  77.389  156.625  172.562
  92.131  149.200  179.632
  82.709  153.356  169.300
  85.549  160.237 -174.138
  74.962  137.460 -175.890
  92.350  153.891  174.858
  95.592  141.372  179.768
  80.791  149.279 -173.942
  56.561  140.443 -174.419
  86.430  142.037  173.801
  74.589  148.013 -178.411
  88.724  149.774 -169.633
  66.531  151.342 -158.660
  72.766  154.025  172.630
  84.164  137.105  163.606
  81.058  133.316 -177.215
  75.207  144.233  177.452
  72.857  158.644 -173.133
  75.103  155.841 -173.263
  68.345  152.112 -174.653
  83.229  142.857 -164.429
  73.468  143.954 -170.430
  79.746  167.965  163.305
  76.902  163.819  177.688
  87.916  154.372 -175.732
  72.412  140.920 -174.513
  85.113  134.205  178.891
  68.370  153.303 -173.379
  69.786  144.788 -168.574
  71.154  157.415  169.962
  72.965  138.270 -177.841
  77.040  149.842  177.729
  80.595  151.776 -177.694
  77.019  160.065 -179.837
  66.969  149.277 -171.420
  70.488  148.247 -171.890
  70.398  151.399 -175.816
  78.536  148.106  176.967
  79.090  151.893 -175.460
  87.144  138.233  168.785
  84.519  148.564  166.453
  83.905  138.049  160.021
  81.535  148.567 -179.524
  86.397  154.504  167.197
  72.179  156.907  171.481
  79.709  146.306  174.806
  70.765  144.611 -178.042
  77.669  137.479  179.194
  76.354  144.428 -167.627
  81.576  144.314 -161.955
  88.765  157.036 -175.812
  88.644  147.273  171.282
  74.791  153.300 -172.849
  87.124  154.036 -179.907
  80.501  132.031 -178.061
  81.702  150.561  164.502
  81.660  147.997  174.245
  70.625  134.685  178.296
  75.456  148.580 -167.752
  77.088  146.751 -167.743
  84.487  153.775  171.932
  83.899  158.291 -176.464
  76.207  151.006 -177.902
  75.205  156.817 -166.572
  90.185  144.200  178.395
  74.546  146.887 -172.649
  75.776  159.783  170.720
  88.943  146.804 -174.587
  78.571  150.988  177.304
  64.562  152.465 -164.312
  79.618  135.701  165.523
  85.528  138.967  179.213
  80.709  156.137 -176.278
  74.862  162.382  173.979
  66.002  160.081 -160.759
  73.447  141.552 -167.268
  82.901  156.136 -172.298
  83.178  151.049  172.058
  71.952  151.699 -176.845
  80.712  152.950 -175.399
  80.865  154.143  165.422
  84.281  148.456  163.380
  85.581  137.480  175.035
  79.052  135.422 -177.449
  74.265  152.137 -167.845
  81.356  144.568 -171.975
  72.027  160.008 -176.098
  76.436  149.649  172.942
  73.302  161.798  173.466
  67.988  149.313 -149.375
  80.450  151.042 -170.189
  70.538  148.216  179.612
  63.604  152.894 -172.931
  62.711  152.391 -165.249
  80.878  136.721 -162.048
  85.326  144.314 -176.736
  89.756  153.401  178.593
  81.707  157.831  176.159
  73.373  166.625  160.346
  60.386  153.544 -174.600
  80.570  148.710 -171.780
  87.758  151.718 -173.684
  87.700  151.330 -178.351
  81.127  148.311 -177.184
  76.870  148.729  163.070
  82.370  149.551 -166.397
  69.782  161.434  167.492
  79.663  153.331 -169.977
  67.700  147.912 -160.606
  74.951  147.286 -162.477
  81.649  141.132  172.089
  74.585  163.063 -176.665
  81.494  152.993  171.425
  88.343  151.625 -179.168
  74.428  136.718 -174.322
  83.420  142.255  175.375
  83.388  151.779 -178.254
  86.910  146.685  178.836
  80.986  145.252 -172.473
  89.398  151.318  161.887
  72.917  155.033 -166.386
  80.628  162.178 -167.010
  76.204  148.298  179.166
  76.368  147.578 -174.997
  76.893  155.903 -175.297
  81.381  144.718 -178.937
  83.114  160.531  174.132
  80.390  141.218  178.889
  80.479  145.554 -175.796
  85.444  141.912 -169.515
  71.604  147.156 -173.129
  78.925  147.992  177.101
  69.679  169.430 -179.501
  86.193  157.036  175.202
  85.400  149.171  159.107
  76.265  154.498 -167.006
  75.552  137.074 -166.077
  80.057  156.434  170.157
  82.304  149.926  167.344
  75.559  159.190 -159.354
  81.205  164.330  175.874
  76.741  157.283  171.321
  85.364  145.774  172.601
  73.906  160.118  173.978
  78.450  154.264 -169.378
  77.201  161.650  168.987
  85.673  143.893 -176.298
  89.232  141.743  173.484
  83.792  151.498 -176.586
  73.090  159.764 -169.637
  75.012  153.580  179.941
  81.531  149.006  174.360
  79.804  154.860  173.966
  79.992  137.713  176.384
  76.556  151.779  168.871
  78.757  146.990 -160.966
  61.377  164.331 -164.097
  96.402  147.559 -179.085
  84.526  146.085  174.133
  78.338  140.384  177.172
  89.937  144.266  153.667
  74.453  157.790 -175.391
  79.496  146.687 -171.604
  80.980  134.006  178.801
  65.207  146.429 -174.000
  81.010  137.268 -173.963
  77.860  150.066 -172.370
  78.412  167.596 -177.760
  68.391  164.867  179.492
  80.019  162.380 -177.288
  81.334  149.757 -162.614
  77.705  147.010 -177.838
  89.637  153.841  177.510
  78.421  149.349 -168.074
  75.777  146.937  171.724
  78.232  163.760  165.279
  85.116  145.933 -176.768
  74.135  147.439 -173.362
  75.734  159.417  172.774
  68.821  139.601  166.819
  66.369  159.948 -172.325
  74.347  137.288 -176.993
  75.632  147.979 -167.360
  72.377  146.787 -179.579
  83.268  148.441  165.282
  78.881  147.906  171.945
  78.313  154.985  165.095
  77.405  150.049 -178.010
  84.783  153.974  177.358
  84.713  147.042 -172.231
  79.503  149.242  166.681
  88.092  166.073 -177.073
  88.415  136.884  176.712
  88.892  140.069 -170.274
  85.006  143.693  179.197
  80.324  147.302 -175.444
  67.903  142.850 -175.508
  71.503  153.610  179.140
  82.489  147.513 -174.329
  81.827  148.016  163.942
  77.848  155.253  170.027
  81.173  146.330 -160.902
  73.841  135.589 -177.083
  76.417  148.800 -169.590
  76.224  157.112 -175.212
  62.162  157.980 -167.799
  83.772  149.887  171.388
  65.928  145.665 -174.735
  81.757  147.073 -176.142
  85.020  145.769 -170.735
  75.988  155.249  173.077
  79.088  150.036  168.331
  84.122  149.572  171.281
  73.192  149.803 -167.900
  76.957  159.079 -176.255
  75.407  145.454  174.017
  75.843  152.618 -178.904
  66.702  151.582 -175.581
  86.602  150.398  177.467
  76.220  146.591 -170.205
  76.394  146.457 -177.918
  79.316  161.230 -171.085
  84.094  142.157 -173.890
  83.525  150.158 -178.128
  78.150  145.043 -177.789
  72.376  148.705  179.212
  66.376  157.477 -170.043
  72.442  147.992 -175.160
  79.396  154.868 -165.748
  82.751  153.525 -171.643
  84.231  161.373  167.355
  70.941  148.544  169.292
  91.155  139.850  177.610
  65.790  147.439 -170.022
  82.627  146.450  166.935
  81.265  149.087 -168.697
  77.933  149.743 -154.283
  71.137  145.364 -167.908
  84.941  156.475 -173.271
  70.958  150.212 -156.192
  68.584  144.506 -168.092
  78.549  158.030  176.154
  79.668  159.533  175.982
  72.606  148.109 -179.566
  72.140  149.745 -168.277
  75.512  144.402 -176.595
  82.774  160.402 -176.869
  72.374  141.879 -175.694
  76.306  154.883 -175.397
  73.726  173.015  163.071
  76.173  158.365 -174.300
  71.606  161.594 -172.823
  84.848  156.704  179.628
  75.210  144.352  172.582
  80.292  143.188  172.655
  90.422  146.505  174.257
  69.417  158.442 -173.746
  74.384  157.169 -176.463
  89.367  141.717 -165.819
  84.782  149.546 -174.535
  60.707  149.080 -162.660
  84.252  154.405  165.676
  70.267  148.272 -169.953
  73.180  158.327 -163.570
  76.307  156.499 -175.404
  65.319  149.507  177.144
  72.992  142.308 -163.120
  74.987  148.632 -177.657
  82.271  161.434 -176.391
  74.738  143.395 -179.738
  83.329  146.298 -174.895
  74.099  142.144 -176.658
  84.797  146.441 -171.878
  74.561  126.325  179.500
  81.632  150.261 -179.862
  70.277  151.838 -166.623
  68.493  147.381 -176.516
  76.504  145.854 -174.588
  86.475  145.573 -164.781
  72.286  146.373 -177.217
  71.850  155.061  179.956
  80.081  149.825  179.092
  75.127  156.118 -171.481
  70.933  167.746 -168.274
  80.683  138.178 -177.934
  76.567  145.381  178.809
  74.215  154.506 -179.615
  78.584  157.768  170.527
  71.769  142.090 -168.875
  76.536  156.051 -173.450
  76.231  148.620 -175.991
  75.196  154.593 -178.441
  77.343  143.263  172.232
  68.735  161.612 -171.409
  86.446  148.165  176.988
  82.345  145.827  175.734
  78.421  155.113  158.968
  77.698  142.356 -171.273
  80.703  150.934 -171.425
  84.321  143.572 -164.852
  81.201  154.164  165.646
  78.802  147.701 -168.184
  76.902  152.680 -178.364
  72.526  158.945 -158.756
  79.249  150.999  172.903
  74.570  141.547 -152.879
  74.361  147.980 -176.849
  69.421  144.867 -176.465
  60.762  154.711 -161.135
  86.110  159.060  177.992
  68.980  153.528  173.550
  81.098  150.427 -174.390
  76.837  151.888  175.160
  77.203  147.921 -165.775
  74.875  152.266 -171.273
  81.664  159.794  179.462
  83.324  154.840  167.327
  81.733  139.757  168.500
  69.456  164.302  179.086
  83.346  152.633  164.226
  82.057  155.216 -175.425
  73.372  144.346 -162.814
  89.398  140.927  170.090
  76.835  155.418  175.467
  73.233  156.388 -171.811
  83.500  142.456  170.771
  80.120  159.847 -173.907
  83.314  146.966 -171.454
  87.363  150.104 -168.122
  79.017  149.840  171.410
  74.206  142.283 -170.743
  83.820  137.735  176.063
  77.735  136.967  177.272
  75.415  142.259 -179.837
  84.399  146.053  169.098
  75.143  147.146  173.044
  74.562  158.014 -179.430
  78.119  141.808  177.815
  87.777  158.006 -171.745
  77.926  141.898 -173.118
  74.078  142.562 -169.542
  78.146  159.117 -164.981
  80.516  151.435  178.797
  79.808  148.671  178.812
  81.778  155.312 -174.611
  77.656  164.951 -164.443
  75.593  159.717 -168.947
  80.829  131.695  174.970
  83.149  147.620 -176.989
  73.774  140.226  167.408
  71.590  166.765 -176.798
  83.724  137.702  172.986
  75.275  151.176 -165.876
  83.263  154.069  172.121
  80.562  143.245 -168.096
  69.387  149.239 -163.409
  73.024  143.948 -169.540
  75.856  148.576 -177.836
  90.150  145.275  174.729
  80.861  151.183 -176.011
  70.832  162.854  177.637
  86.520  143.606  169.506
  73.590  155.925  178.043
  61.188  158.448 -146.984
  79.217  153.221 -172.870
  72.282  155.733 -169.860
  83.539  141.021 -176.723
  83.208  147.217 -171.160
  79.811  150.161 -178.631
  71.259  148.195  177.322
  83.924  147.561  167.265
  84.981  141.056  170.956
  78.550  144.456 -165.022
  83.068  141.333 -169.911
  76.462  123.330 -172.737
  70.327  164.022 -169.314
  79.047  128.570 -177.823
  79.290  147.274 -171.262
  77.469  150.413  179.018
  71.544  151.624  172.863
  79.220  126.644 -166.611
  78.401  147.167 -172.797
  84.685  147.379  165.181
  79.286  141.992 -167.219
  73.527  149.361 -177.496
  68.480  148.741 -175.347
  80.452  150.656  178.775
  78.464  146.078 -177.064
  76.357  163.379  175.599
  90.367  152.691  172.662
  74.668  143.332 -171.074
  82.639  152.902 -172.711
  84.480  149.042 -160.189
  75.485  132.085 -156.127
  73.769  148.634  178.971
  85.312  153.052  178.305
  77.945  144.376 -177.225
  83.012  157.660  168.102
  72.038  145.350 -174.983
  80.110  142.515 -168.081
  73.524  162.601  178.423
  81.875  153.946  173.899
  67.709  149.734 -170.901
  72.189  153.063 -171.465
  76.281  147.401 -179.847
  82.389  151.157 -175.457
  89.822  140.984 -177.534
  78.248  146.238 -176.343
  72.163  140.521  173.679
  70.093  154.970 -176.756
  73.707  146.947 -175.298
  70.024  163.461 -164.118
  79.803  149.834  168.957
  90.568  139.494  166.898
  67.772  161.676  179.783
  85.264  143.227  175.292
  67.519  138.476 -163.786
  67.409  144.064 -164.860
  79.688  152.558  173.806
  78.577  154.013 -177.801
  66.626  139.723  177.781
  84.181  156.843  160.405
  79.878  147.900 -168.509
  75.725  158.598  177.725
  85.301  140.233 -178.684
  75.980  142.744 -163.839
  78.384  159.809 -178.742
  68.082  156.247 -174.736
  78.129  148.809  173.823
  75.219  140.166  172.361
  89.616  144.383  172.165
  79.217  160.804 -176.878
  76.288  156.082  177.035
  75.740  156.294  179.215
  75.420  151.151 -179.524
  76.448  152.734 -175.945
  80.382  145.357  175.401
  83.507  154.333 -174.444
  78.733  160.368  173.206
  71.749  149.447 -178.808
  70.531  145.126  175.852
  66.375  137.978 -171.789
  84.964  154.403  160.336
  72.626  168.656  154.578
  75.600  156.594 -166.090
  84.531  154.581  178.701
  85.092  159.247  173.639
  76.888  145.125  179.683
  72.306  150.035  177.955
  78.705  137.770 -177.251
  85.549  158.772 -176.069
  88.772  148.221  174.627
  75.542  159.322 -178.675
  69.086  153.311 -179.350
  82.558  140.953  177.437
  78.633  152.219 -175.844
  90.122  151.844  176.122
  81.741  152.825  176.601
  85.701  149.700 -176.352
  72.946  144.927 -171.798
  80.551  146.049 -179.885
  75.632  140.012 -169.942
  89.326  143.227  176.767
  79.437  146.838 -178.791
  71.652  147.043 -176.377
  79.641  146.958 -173.385
  76.286  153.791 -173.664
  75.115  157.523  179.637
  82.299  145.846  168.665
  77.242  156.639  176.754
  76.337  157.785 -176.724
  73.847  162.614 -173.919
  74.873  157.379 -172.181
  84.819  147.297 -173.556
  71.662  153.346 -179.909
  76.773  157.211 -166.635
  74.939  143.112 -163.490
  82.387  139.951 -170.453
  86.765  149.668  178.037
  78.638  159.935  172.530
  76.946  151.155 -178.508
  88.186  156.275  159.315
  66.711  148.990 -177.475
  79.464  136.185 -171.336
  85.362  150.758  176.425
  67.043  149.722 -177.447
  77.946  164.123 -168.481
  76.157  134.304 -170.760
  82.265  143.938 -174.296
  72.940  148.345 -175.600
  73.833  141.787 -177.346
  68.730  149.095  178.933
  78.093  138.657 -172.956
  84.098  157.552 -176.411
  69.818  155.379 -177.895
  80.001  156.606  174.698
  82.047  150.054  177.426
  68.635  151.636 -170.741
  89.619  154.956 -179.768
  71.157  159.452 -163.433
  82.276  141.852  172.087
  83.252  144.138  167.820
  85.431  143.338  171.463
  83.170  132.148  170.585
  87.889  150.687  173.913
  78.417  154.522 -175.091
  84.883  144.679 -179.195
  73.050  155.346  179.197
  90.612  148.276  176.509
  78.629  150.614 -172.537
  73.434  144.160 -174.149
  78.607  161.024 -176.775
  73.766  153.524 -163.787
  91.053  136.525 -173.215
  75.240  148.564 -171.141
  78.779  151.846  166.522
  83.785  140.691 -169.155
  86.830  145.702 -175.661
  67.033  151.138 -168.843
  76.865  149.931 -169.103
  75.388  138.880 -169.586
  69.287  152.026 -172.438
  77.753  142.139 -167.361
  72.440  146.090 -171.128
  66.267  165.090 -172.094
  74.515  148.137 -170.667
  85.693  149.973  177.124
  72.143  153.657  179.481
  79.179  152.721 -168.774
  86.166  146.917  179.901
  76.147  141.281 -172.542
  77.157  157.680 -177.339
  78.530  145.732 -170.318
  78.490  153.498 -169.693
  77.850  158.186 -175.449
  77.875  152.830  173.102
  81.179  151.805 -177.144
  85.578  148.471  174.437
  75.011  140.115  172.198
  75.687  145.881 -177.133
  76.768  142.277 -179.952
  80.773  152.357  176.963
  80.483  150.147 -177.567
  75.092  158.888 -177.319
  72.800  151.433  178.535
  71.923  144.856 -170.842
  88.977  163.928  171.893
  91.995  146.610  172.442
  76.224  144.772 -179.659
  82.728  156.121 -171.611
  79.965  150.815 -166.971
  73.688  147.847 -179.966
  76.611  141.928  169.448
  77.629  152.410 -176.821
  72.745  136.578 -166.966
  80.330  147.954  171.680
  69.181  147.180 -175.655
  73.947  147.982 -173.314
  83.806  145.432  174.597
  85.702  135.040 -179.021
  75.879  134.576  179.007
  85.827  149.812 -176.096
  76.284  150.172  176.053
  74.530  156.148 -162.959
  78.499  151.173 -172.349
  73.818  150.739  176.721
  86.467  164.968  173.437
  82.126  148.931  179.573
  75.856  140.564 -159.947
  78.504  142.023 -174.627
  78.392  144.620  176.619
  78.338  150.518  151.358
  74.233  131.315  177.527
  73.205  151.878 -179.374
  76.216  147.630 -175.441
  95.389  151.015  178.792
  76.981  144.919  177.667
  66.922  146.703 -162.317
  77.599  158.382  171.153
  67.119  145.194 -168.430
  77.832  132.780 -172.245
  77.213  158.572  173.997
  68.844  159.019  179.102
  81.902  149.173 -171.784
  66.691  153.397  176.109
  92.078  150.370  156.952
  77.551  154.063 -169.178
  72.267  157.619 -171.812
  78.555  153.154 -170.855
  79.588  154.434 -170.988
  76.211  139.972 -174.374
  74.567  153.048 -170.158
  70.514  158.836  168.615
  77.436  147.345 -169.668
  77.316  153.306  175.508
  77.627  160.420 -174.268
  74.818  153.479  177.248
  74.401  142.314 -176.605
  71.424  145.513 -169.536
  72.373  141.450 -172.313
  70.761  168.045 -174.994
  79.612  140.034  172.334
  85.950  158.882  171.262
  80.191  154.212  172.987
  76.728  152.866 -163.976
  75.587  155.613 -176.844
  79.669  156.887 -176.621
  65.411  143.165 -173.682
  68.924  158.433 -162.694
  77.218  148.849 -177.415
  75.289  155.450 -149.988
  79.751  158.059  174.172
  64.026  139.616 -169.964
  72.228  146.208 -167.475
  81.414  160.219  174.485
  82.110  153.123  170.685
  82.601  149.734 -171.485
  77.308  157.041 -165.366
  81.224  144.582  174.960
  74.384  146.904  179.830
  83.722  152.656 -165.601
  77.585  155.243  175.838
  75.988  150.174 -166.615
  78.950  154.448 -177.902
  79.203  157.176  179.260
  81.107  151.862  166.262
  83.125  157.259 -177.418
  78.333  158.767 -172.670
  80.721  157.327 -169.912
  76.112  159.861  174.847
