 -10.154  126.129  173.356
 -16.836  136.927  164.326
 -27.971  139.230  172.597
 -17.488  152.235  159.596
 -16.183  146.027  144.098
 -15.621  141.105  159.526
 -19.917  154.694  149.849
 -25.692  144.914  155.632
 -20.140  138.679  176.448
 -30.949  147.494  157.777
 -10.639  138.585  172.150
 -34.823  150.582 -171.994
 -24.556  153.247  163.125
 -30.907  142.003  156.058
 -19.672  141.396  150.706
 -23.875  152.005  156.210
 -27.895  149.768  151.427
 -29.138  133.290  157.676
 -21.780  142.854  156.859
 -18.291  135.136  170.808
 -20.953  149.197  149.167
 -25.910  141.420  164.696
 -35.093  144.169  168.354
 -16.327  152.565  159.654
 -29.181  139.894  161.634
 -30.362  135.569  165.842
 -25.337  143.044  170.627
 -18.398  146.837  169.748
 -26.304  135.608  163.331
 -15.084  135.976  158.605
 -28.970  145.979  157.938
 -15.004  143.741  168.524
 -15.731  151.412  168.893
 -20.457  142.057  154.034
 -25.426  146.556  154.836
 -17.333  134.390  145.735
 -32.062  160.070 -173.797
 -18.887  146.846  155.569
 -27.030  142.250  157.351
 -20.143  149.727  159.299
 -20.572  159.052  168.277
 -15.793  144.991  165.924
 -14.876  142.536  177.348
 -10.282  144.966  154.829
 -16.218  139.751  148.766
 -24.102  142.065  173.726
 -25.118  136.897  147.458
 -29.109  136.930  174.876
 -31.205  138.556  179.562
 -22.912  155.817  164.402
  -7.265  138.994  160.309
 -23.055  155.041  146.376
 -23.474  141.344  164.884
 -26.322  144.445  166.296
  -7.246  144.826  157.672
 -16.563  142.619  177.757
 -30.381  140.448  163.022
 -22.267  141.154  154.036
 -25.545  141.962  171.916
 -19.610  149.009  166.108
  -5.528  134.517  157.412
 -21.756  135.725  148.858
 -37.344  141.496  162.282
 -23.075  142.819  176.988
  -8.767  137.057 -179.328
 -18.799  146.282  148.477
 -26.916  150.544  157.605
 -24.641  146.599  158.320
 -20.446  145.573  160.399
 -24.258  149.139  167.555
 -25.816  145.415  163.216
 -12.050  144.358  143.183
 -13.354  131.787  148.051
 -21.555  147.029  178.807
 -24.946  129.097  150.560
 -32.617  148.830  159.845
 -18.291  139.922  179.588
 -22.162  139.768  160.413
 -29.088  142.803  163.463
 -17.233  143.741  167.692
 -17.661  131.009  166.247
 -11.662  138.832  164.021
 -25.978  147.059  168.753
 -20.601  143.012  171.410
 -26.610  145.646  174.663
 -17.412  144.468  153.616
 -26.077  133.873 -178.037
 -21.123  150.878  154.105
 -20.379  150.753  156.674
 -17.639  139.958  162.847
 -17.583  133.118  168.835
 -24.912  142.337  163.127
 -16.378  148.084  149.214
 -22.648  154.050  172.438
 -21.600  133.004  160.381
 -11.059  141.357  148.346
 -16.858  141.118  163.565
 -21.186  157.328  154.706
 -17.495  158.348  147.175
 -12.137  136.231  147.705
 -18.968  128.063  175.434
 -17.349  137.374  152.900
 -24.448  142.331  140.305
 -17.174  145.842  160.541
 -29.101  148.142  178.070
 -28.642  134.358  176.528
 -23.763  145.978  165.347
 -18.067  127.639  169.476
 -28.951  141.560  166.718
 -27.820  126.874  165.452
 -13.724  154.232  140.831
 -11.001  135.895  164.561
 -26.767  150.031  147.082
 -17.563  142.427  161.787
 -18.484  144.922  179.804
 -14.082  147.187  148.068
 -26.902  138.035  174.836
 -31.480  160.251  165.447
 -22.721  151.362  166.928
 -28.604  127.025  164.215
 -21.747  132.119  146.240
 -24.396  145.030  175.903
 -12.918  152.327  140.798
 -21.261  149.338  158.062
 -13.116  138.053  161.293
 -19.377  158.541  169.709
 -24.752  140.458  142.851
 -10.550  151.784  169.647
 -28.261  140.228  167.124
 -26.538  153.672  162.064
  -3.871  146.504  173.488
 -14.816  139.472  154.127
 -42.940  147.166 -175.770
 -25.786  150.739  167.407
 -22.681  154.573  173.360
 -19.104  143.670  154.349
 -26.707  138.947  165.079
 -20.940  125.870  154.659
 -20.792  140.035  174.469
 -22.505  151.491  173.760
 -27.936  136.547  161.114
 -21.912  138.391  157.678
  -3.957  143.711  151.673
  -6.388  142.553 -177.970
 -30.776  135.933  171.461
 -21.286  141.840  170.719
  -0.549  144.404  148.658
 -24.121  146.511  158.370
 -29.465  144.533  178.899
 -14.698  139.145  172.452
 -21.445  132.900  156.597
 -23.296  137.113  157.107
 -16.009  137.119  172.108
 -20.754  137.122  152.136
 -26.417  135.468  172.346
 -25.744  135.489  176.557
 -18.065  146.044  153.381
 -11.385  140.922  170.553
 -22.477  135.550  167.544
 -25.153  138.269 -179.341
 -23.460  137.689  178.012
 -23.188  148.586  158.460
 -26.468  143.375  173.727
 -17.554  153.824  138.834
 -24.412  143.417  163.909
 -27.466  149.587  170.348
 -21.606  148.333  163.695
 -19.940  151.971  174.487
 -25.146  143.139  151.638
 -28.846  155.383  167.408
 -36.701  142.957  165.427
 -33.489  155.520  161.485
 -18.770  135.571  155.150
 -15.270  137.579  165.318
 -14.554  148.059  145.545
 -26.328  132.753  165.382
 -13.622  142.422  171.051
 -26.646  147.609  143.986
 -20.047  133.103  157.132
 -22.872  140.158  165.686
 -15.087  113.928  174.998
 -27.238  151.152  169.054
 -23.060  153.210  163.040
 -26.669  151.198  148.844
 -32.252  145.823  151.653
 -18.172  148.708  154.963
 -19.622  150.733  147.513
 -21.714  139.677  160.899
 -17.968  151.463  157.324
 -13.143  148.697  153.232
 -20.019  133.901  158.767
 -14.366  142.234  147.379
 -23.021  142.754  177.639
 -14.549  140.450  175.101
 -25.453  141.710  159.984
  -8.790  135.225  156.019
 -17.554  156.240  137.234
 -17.666  146.346  152.581
 -27.676  140.656  152.304
 -27.002  149.725  152.197
 -25.612  147.168  175.574
 -28.605  146.253  168.118
 -32.875  153.798  161.460
 -13.635  138.023  166.451
   4.795  142.452 -168.647
 -25.590  161.799  156.595
 -26.772  149.721  167.187
 -20.410  154.931  158.485
 -13.668  139.398  145.787
 -18.789  142.092  158.997
 -13.561  132.417  159.121
 -25.202  139.314  174.400
 -30.616  139.402  162.490
 -20.920  132.999  169.928
 -12.062  138.111  162.677
 -17.318  147.248  158.250
 -13.717  140.583 -173.883
  -9.601  136.235  172.623
 -19.171  135.899  160.466
 -16.230  145.005  169.906
 -18.503  136.952  154.692
 -24.676  135.221  172.178
 -10.202  140.664  166.098
 -23.589  133.739  169.197
 -23.331  142.705  176.158
 -21.597  141.464  163.941
 -22.662  144.730  167.654
 -15.808  138.543  160.815
 -15.357  147.827  162.895
 -28.435  139.533  170.024
 -25.940  142.752  156.534
 -14.888  141.288  170.118
 -28.103  141.090  154.016
 -18.188  140.338  169.017
 -27.742  151.742  165.204
 -27.759  139.820  155.982
 -17.793  138.684 -170.458
 -25.060  137.972  178.755
 -26.369  145.316  161.852
 -15.550  147.181  159.018
 -26.976  137.242  162.146
 -15.159  143.436  166.120
 -27.432  138.638  159.741
 -19.207  152.280  146.064
 -15.998  131.238  166.289
 -14.542  141.224  145.667
 -28.046  148.829  165.896
 -21.737  156.033  168.009
 -11.475  143.167  157.018
 -32.711  146.517  147.809
 -19.942  135.944  149.176
 -10.053  146.101  164.279
 -26.441  158.076  168.489
 -22.172  136.933  162.223
 -30.491  147.114  159.816
 -15.412  146.551  162.540
 -23.452  139.536  168.205
 -16.259  148.761  160.685
 -38.416  150.956  174.513
 -14.072  141.529  174.357
  -9.292  144.468  161.275
 -18.349  141.542  167.183
  -1.089  135.673  167.266
 -18.453  136.860  162.686
 -24.212  147.074  149.762
 -33.610  151.654  173.753
 -15.123  136.072  170.053
 -21.551  145.125  154.205
 -19.456  147.007  139.597
 -31.962  149.419  160.725
  -3.511  138.711  152.924
 -12.143  136.225  177.372
 -17.659  146.791  174.892
 -11.222  142.792  152.948
 -11.776  144.197  151.629
 -19.397  133.291  167.428
 -18.919  130.643  173.517
 -29.133  132.369  156.031
 -14.657  142.518  157.131
 -25.037  141.157  153.741
 -16.804  150.537  164.395
 -25.060  148.249  160.105
 -22.240  143.295  165.291
 -12.750  142.454  161.934
 -16.771  143.854  165.770
 -33.372  151.026  169.511
 -37.663  128.825 -178.540
 -16.435  151.137  158.115
 -25.230  143.109  177.339
 -34.431  146.187  163.884
 -36.450  141.981  166.308
 -17.041  143.896  160.319
 -16.344  144.716  165.352
 -12.712  146.584  160.563
 -22.928  146.566  154.317
 -21.960  159.795  144.222
 -23.680  137.647  163.991
   0.334  142.764  147.488
  -5.590  122.430  170.575
 -13.874  143.779  163.328
 -31.119  134.661  173.645
 -40.555  144.621  168.805
 -24.727  150.682  170.729
 -13.285  138.378  154.007
 -12.527  141.623  154.958
 -15.658  142.660  158.965
 -22.855  127.328  157.675
 -11.278  161.331  159.459
 -28.738  150.505  157.163
 -29.679  150.012  172.504
 -22.463  129.991  149.724
 -21.789  144.610  166.949
 -19.537  147.947  170.681
 -10.381  144.898  160.824
 -22.259  142.231  166.067
 -23.220  144.191  169.219
 -20.694  156.699  141.176
 -17.790  136.441  168.776
  -8.318  134.509  169.546
 -16.728  152.902  163.272
 -23.798  138.787  173.201
  -7.853  153.304  165.805
 -26.624  144.499  158.575
 -14.301  139.302  145.860
 -14.303  153.691  149.192
 -23.981  144.899  166.261
 -25.664  143.291  160.718
 -17.871  148.790  154.486
 -30.564  160.581  159.390
 -15.672  131.259  156.988
 -22.238  141.693  151.861
 -25.718  147.403  175.496
 -19.132  139.384  177.859
 -24.337  131.269  157.310
 -20.397  149.102  169.511
 -20.501  145.303  155.546
 -23.831  138.183  168.913
 -26.903  145.577  143.627
 -29.527  143.436  176.097
  -2.518  128.567  150.337
 -25.165  145.705  177.358
 -17.072  148.021  166.169
 -24.219  144.714  166.174
 -11.730  140.276  153.042
 -19.757  146.070  168.062
 -22.055  136.723  162.769
 -29.121  154.107  155.503
 -18.748  140.373  174.912
 -24.104  140.895  156.581
 -26.900  133.740  162.210
 -23.184  136.159  175.341
 -18.607  153.496  165.661
  -8.347  141.798  165.232
 -24.839  145.915  171.442
 -19.780  143.663  167.004
 -18.879  141.809  164.459
 -19.527  151.385  158.822
 -14.745  148.282  155.307
 -20.644  139.032  142.976
 -13.210  151.850 -174.313
  -4.869  141.869  158.269
 -30.159  147.709  167.477
 -23.678  142.802  163.935
 -16.463  149.399  156.075
 -22.645  146.496  156.396
 -29.892  146.454  155.667
 -15.207  136.355  173.288
 -17.824  141.234  165.399
 -20.098  148.151  168.407
 -36.193  142.377  160.363
  -5.176  141.811  167.573
 -25.570  141.983  149.815
 -10.507  147.790  145.655
 -25.406  136.127  171.342
 -27.452  145.141  160.702
 -27.658  138.101  161.050
 -28.036  152.947  171.769
 -18.754  147.562  159.994
 -17.426  144.386  158.743
 -24.389  141.530  172.604
 -21.089  136.169  163.156
 -10.798  140.039  164.365
 -27.720  151.472  171.041
 -23.534  142.851  170.478
 -16.114  137.733  165.792
 -26.594  144.855  176.736
 -26.357  141.243  166.956
 -16.947  142.804  138.428
 -29.099  143.190  158.046
  -9.751  150.602  174.836
 -18.131  147.554  158.469
 -15.544  153.674  149.163
 -19.343  138.612  157.742
 -23.653  140.231  166.694
 -25.828  155.832  167.083
 -10.438  146.174  170.784
 -26.241  154.528  176.310
 -16.480  150.629  153.542
 -20.296  141.177  162.173
 -27.492  152.910  174.380
 -15.920  142.762  176.148
 -17.168  143.411  171.352
 -16.361  134.328 -178.987
 -26.375  150.010  150.857
 -32.058  148.604  161.056
 -18.233  140.180  163.198
 -18.242  141.438  154.608
 -35.639  150.852  175.958
  -8.454  142.880 -173.627
 -14.506  148.476  157.503
 -20.172  130.806  169.222
 -26.066  147.772  167.899
 -25.503  137.040  166.425
   2.329  136.475  129.495
  -9.262  135.192  160.508
 -23.656  157.305  166.273
 -14.474  138.381  178.890
  -5.345  133.216  158.643
 -20.154  146.852  163.445
 -20.123  147.316  160.365
 -20.165  146.135  149.347
 -23.183  136.311  157.870
 -13.561  143.408 -176.137
 -28.807  128.091 -177.270
 -27.659  145.594  162.868
 -14.816  144.156  170.513
 -13.559  135.066  160.656
  -8.628  140.519  172.111
 -22.412  147.181  160.466
 -22.165  144.129  157.398
 -26.005  145.128  138.357
 -17.327  143.561  166.695
 -21.874  136.751  173.802
 -24.861  140.909  170.189
 -20.071  149.163  162.325
 -13.587  139.351  164.544
 -19.745  138.752  163.957
 -18.291  144.586  161.044
 -23.665  145.609  164.335
 -19.813  151.053  171.132
 -20.015  121.622  172.333
 -24.632  124.982  160.931
 -12.458  144.928  156.465
 -21.713  145.323  173.144
 -13.525  159.239  147.371
 -10.757  134.910  171.952
 -14.150  153.661  150.600
 -23.182  145.782  169.399
 -16.768  132.450  156.847
 -29.010  146.119  157.581
 -26.768  162.990  164.406
 -15.397  127.967  156.684
 -22.838  131.686  174.608
 -25.993  149.524  157.348
 -13.145  145.889  173.289
 -30.814  138.798  163.234
 -31.223  148.521  156.446
 -28.261  150.128  170.693
  -3.751  132.207  161.051
 -21.410  144.980  161.662
 -10.230  142.329  165.215
 -16.007  120.614  161.552
 -29.176  145.514  167.518
 -29.095  144.719  169.176
 -24.773  137.943  172.044
 -21.743  141.964  151.922
  -9.511  152.089  153.530
 -15.696  151.065  155.723
 -24.646  132.653  171.766
 -34.214  149.183  158.476
 -28.230  146.858  159.251
 -19.640  141.066  156.365
 -29.894  155.423  174.840
 -28.335  149.903  161.418
 -22.322  139.230  159.566
 -20.566  126.899  155.778
 -18.405  152.362  143.111
 -38.420  137.571  170.044
 -31.601  152.882  168.688
 -25.789  137.767  179.893
 -17.494  151.952  153.938
 -28.309  139.971  173.493
 -24.450  132.618  170.797
 -13.053  150.100  172.271
 -16.479  143.393  148.130
 -19.085  150.786  164.315
 -31.457  137.463  154.867
 -18.274  146.519  149.543
   3.175  137.761 -161.270
  44.148  160.546 -159.551
  35.894  143.449 -145.120
  40.178  140.669 -159.575
  39.012  147.160 -162.007
  41.223  146.325 -150.812
  43.427  158.422 -161.078
  27.428  139.357 -146.442
  44.010  155.252 -162.533
  37.927  147.369 -155.027
  53.250  160.323 -166.336
  47.447  160.817 -169.053
  42.677  158.232 -155.402
  30.387  147.379 -138.070
  38.492  155.134 -169.641
  33.878  151.355 -158.234
  21.820  147.106 -147.387
  38.793  161.368 -153.363
  33.835  151.389 -139.893
 -21.626  139.635 -178.396
 -23.075  149.275  169.052
 -22.475  143.699  167.065
 -23.436  142.560  142.423
 -22.907  152.778  149.322
 -23.762  156.518  149.785
 -28.920  140.397  167.579
 -27.988  150.560  163.206
  -7.186  137.412  173.122
 -25.870  132.121  154.644
 -18.168  130.463  170.906
 -28.782  148.548  165.891
 -22.301  138.501  151.736
 -28.498  143.612  163.138
 -41.733  147.780  173.271
 -16.964  139.957  157.236
 -23.516  155.742  179.972
 -17.312  136.606  161.260
 -17.325  147.256  136.889
 -17.842  154.362  135.024
 -21.904  153.510  172.646
 -28.393  148.363  153.437
 -10.633  150.643  148.402
 -19.297  142.852  163.981
 -25.062  133.239 -173.046
 -22.001  151.869  171.872
 -19.389  147.325  172.623
  -4.735  152.861  154.565
 -32.089  147.017  173.966
 -16.083  148.722  159.925
 -15.408  146.854  159.462
 -10.373  148.526  161.281
 -12.692  149.511  145.872
 -19.745  148.839  144.296
 -36.140  141.365  162.649
 -30.268  148.363  169.430
  -6.693  136.668  179.221
  -8.826  148.825  163.324
 -27.312  146.671 -177.550
 -14.903  143.316  153.579
 -12.635  136.901  160.584
 -17.209  145.023  165.740
 -15.609  150.310  148.987
 -17.098  145.705 -176.627
 -16.859  139.438  164.575
 -20.033  153.058  156.202
 -25.065  146.688  165.733
 -22.125  144.886  149.786
  -7.754  135.898  159.355
 -21.382  145.798  177.015
 -22.505  158.523  153.731
 -28.814  140.835  159.943
 -29.358  141.448  168.713
 -25.994  148.706  163.699
 -14.410  144.808  149.777
 -27.704  145.232 -179.408
 -20.023  148.086  161.687
 -17.724  143.704  176.665
 -18.096  136.165  166.492
 -10.928  154.737  158.654
 -14.396  143.113  163.951
 -20.003  142.638  157.892
 -21.352  152.941  165.533
 -19.458  151.578  166.553
  -2.327  141.693  155.797
 -15.537  137.007  157.011
 -31.804  145.430  161.778
 -13.602  134.449  149.093
 -23.255  149.252  178.678
 -26.449  153.376  161.356
 -25.066  148.478  168.361
 -21.715  141.664  160.091
 -23.430  136.905  159.973
 -10.081  134.063  152.428
 -25.312  141.693  152.148
 -31.103  142.106  165.598
 -17.449  141.202  160.991
 -15.897  152.240  144.930
 -22.886  138.080  146.056
  -9.634  135.674  138.486
 -32.999  157.579  172.167
 -12.197  146.167  159.143
 -26.649  139.733  164.685
 -11.866  139.823  167.485
 -11.292  148.898  169.623
 -29.147  140.610  173.536
 -19.264  138.850  169.926
 -16.573  146.421  149.255
 -25.180  139.238  150.480
 -13.964  153.501  158.731
  -8.810  143.586  171.381
  -4.153  131.096  155.993
 -37.623  147.596  155.182
 -25.801  147.762  157.675
  -1.866  138.319  150.034
 -15.977  135.338  165.035
 -33.512  157.131  175.535
 -28.159  141.093  158.103
 -15.028  149.218  150.477
 -14.170  142.829  162.913
 -11.875  148.139  154.409
 -27.636  149.177  148.858
 -19.808  132.102  141.006
 -19.027  144.315  165.321
  -3.825  148.070  155.296
 -10.574  141.831  173.870
 -20.459  151.992  170.495
 -10.360  154.167  174.396
 -19.205  149.835  160.512
 -19.227  146.441  152.532
 -17.543  143.762  169.565
 -20.841  146.457  150.461
  -7.426  151.410  159.064
 -21.228  149.514  151.989
 -26.872  134.981  156.677
 -17.319  153.612  173.032
 -19.582  157.633  157.931
 -29.149  151.129  177.200
 -18.836  148.257  169.083
 -28.607  148.362  165.043
 -22.487  145.773  159.241
 -26.913  142.797  164.277
 -11.721  129.573  174.699
 -18.925  133.488  156.636
 -23.725  142.906  161.613
 -17.435  147.630  161.426
 -30.529  136.311 -176.223
 -32.815  150.276  164.154
 -13.205  155.135  152.335
 -23.133  145.290  176.374
 -28.650  147.610  164.550
 -17.316  134.425  179.045
 -29.927  133.136  165.165
 -20.291  152.980  160.973
 -27.410  148.821  176.051
 -24.171  155.978  158.850
 -22.771  157.852  154.577
 -14.587  129.254  167.795
 -20.990  129.237  167.919
 -16.728  141.154  165.269
  -4.157  128.726  152.479
 -25.176  144.121  161.244
 -24.548  129.697  164.879
 -16.237  148.918  168.619
 -19.610  150.540  177.621
 -32.956  158.620  166.236
 -37.732  142.416  166.418
 -14.833  148.325  157.996
 -20.421  140.787  170.234
 -20.440  138.195  153.498
 -13.513  129.523  176.638
 -21.250  140.977  177.554
 -19.513  159.178  149.540
 -16.112  146.663  167.700
 -30.679  140.584  157.309
 -24.423  142.766  169.520
 -17.471  127.969  143.666
 -21.402  138.920  168.195
 -21.347  135.416  150.931
 -23.629  149.529  159.319
 -27.713  149.047  158.991
 -30.821  147.705  153.833
 -17.139  128.808  156.830
 -16.596  132.444  146.911
 -18.855  137.000  160.924
 -20.657  137.991  169.462
 -19.201  142.899  151.905
 -17.646  136.620  166.429
 -25.674  139.205  172.341
 -11.791  147.629  145.840
 -30.553  145.414  142.132
 -18.600  149.016  175.036
  -7.541  136.581  176.049
 -27.645  136.311  171.391
 -15.613  139.290  163.284
 -13.199  140.899  162.377
 -27.879  151.620  169.828
  -5.564  138.342  157.468
  -6.603  147.960  163.139
 -12.634  144.353  143.535
 -15.766  139.830  167.689
 -18.745  133.244  153.757
 -20.118  147.338  163.516
 -15.628  136.847  166.046
 -25.003  142.623  157.543
 -13.679  143.346  172.024
 -30.075  153.494  144.865
 -21.722  146.175  175.077
 -13.474  151.058  151.604
 -27.847  150.430  144.896
  -8.128  153.161  175.917
 -33.209  145.437  158.272
 -24.562  141.578  172.879
 -21.865  140.384  168.377
 -22.829  144.172  152.386
 -13.851  142.802  156.683
 -21.942  150.285  162.739
 -14.071  142.259  156.518
 -20.611  139.027  155.661
 -25.485  134.833  169.169
 -30.215  147.436  146.789
 -23.975  151.897  152.905
 -24.148  141.724  166.710
 -18.879  144.176  148.057
 -20.142  141.144  148.961
  -9.387  148.939  172.627
 -15.486  151.926  164.995
 -15.079  146.348  156.411
 -14.986  150.601  158.638
 -13.719  141.681  153.682
 -26.211  144.916  164.161
 -18.763  132.804  155.797
 -29.025  145.069  159.223
 -14.054  143.132  167.920
 -17.675  141.151  161.975
 -13.939  139.925  171.009
 -21.953  135.108  171.045
 -30.416  140.154  152.931
 -28.612  138.229  161.283
 -32.560  148.794  157.722
 -33.458  142.623  165.696
 -12.437  139.013  165.107
 -35.760  156.295  162.692
 -24.091  141.688  168.098
 -16.584  149.537  142.529
 -19.243  146.066  144.630
 -15.483  141.767  172.274
 -26.543  143.688  167.689
  -4.479  143.494  166.141
 -17.045  155.921  155.366
 -16.836  149.424  155.725
 -25.495  134.884  157.296
 -26.858  134.673  158.922
 -18.148  144.318  150.669
 -26.463  153.732  161.872
 -20.789  144.606  153.099
 -38.595  150.403  161.124
 -27.640  140.553  142.661
 -14.977  134.808  166.091
 -16.571  135.931  159.341
 -23.421  135.590  146.466
 -23.574  150.190  164.510
 -21.004  146.187  161.166
 -17.202  136.642  160.304
 -27.177  151.542  155.081
 -14.434  143.730  162.876
 -22.109  142.434  153.985
  -0.546  139.359  165.957
 -23.828  147.529 -178.410
 -10.070  143.416  165.657
  -6.651  149.321  157.700
 -16.083  138.439  155.850
 -13.540  122.516  176.279
 -16.375  143.745  162.857
 -22.432  147.641  160.063
 -11.337  138.336  166.329
 -22.733  146.981  135.893
 -21.542  141.204  162.587
 -23.402  152.434  161.507
 -30.978  146.435  153.800
 -22.901  133.660  168.320
 -18.285  145.689  163.154
 -21.962  148.061  151.573
 -24.181  151.334  157.647
 -16.793  138.501  166.563
 -13.359  146.007  159.936
 -16.107  143.349  160.765
 -33.305  144.709  168.279
 -20.193  144.013  179.755
 -22.140  141.189  161.649
 -28.053  135.045  164.584
 -26.131  143.258  149.946
 -31.300  148.923  159.938
  -4.827  132.121  143.353
 -28.916  145.208  160.954
 -15.990  143.153  146.370
 -17.264  130.008  174.564
  -9.744  126.574  156.116
 -15.653  136.488  147.382
 -30.563  153.551  152.711
 -16.815  143.058  163.387
 -12.566  142.808  150.146
 -26.811  137.643  148.038
 -20.529  146.881  154.521
 -27.884  157.819  143.453
  -8.528  133.380  159.480
 -13.058  134.250  157.775
 -20.566  149.458  161.830
  -4.215  148.983  158.289
 -27.726  141.269  160.250
 -17.223  126.061  154.638
 -16.973  149.049  172.179
 -10.412  143.619 -172.117
 -25.310  140.062  165.568
 -15.890  151.685  159.056
 -16.738  133.963  157.673
 -13.786  141.123  154.790
 -28.614  154.457  155.440
 -19.339  136.741  161.627
  -4.493  139.455  174.928
 -10.986  134.729  163.394
  -6.230  140.779  148.150
 -23.789  144.269  131.507
 -10.495  144.779  156.256
 -31.966  135.598  175.506
 -21.023  139.375  155.211
 -13.903  133.614  159.451
 -29.473  146.133  166.599
 -20.666  154.705  174.717
 -29.614  143.249  166.635
 -21.882  148.847  167.870
 -21.676  141.065  161.633
 -16.529  142.948  151.716
 -23.503  142.105  175.863
 -15.734  135.131  155.728
 -38.234  131.282  168.155
 -29.075  134.351  162.570
 -32.801  143.587  151.323
 -22.944  162.543  163.759
 -20.266  135.769  170.250
 -25.737  143.383  154.413
 -24.632  152.610  156.025
 -25.201  136.805  155.757
 -19.606  141.959  142.195
 -28.248  152.869  176.113
 -34.577  143.125  164.999
 -23.627  150.537  168.016
 -19.378  147.211  170.029
 -36.314  148.356  172.543
   1.463  136.349 -179.926
  -9.466  134.326 -168.369
 -22.501  130.619 -174.006
 -21.211  138.437  154.567
 -18.159  144.273  164.070
 -15.433  149.228  161.835
 -23.773  148.074  168.886
 -18.308  131.810  169.522
 -18.368  147.123  172.658
  -7.606  139.662  141.399
 -23.243  132.095  149.821
 -18.707  149.037  170.009
 -24.022  153.892  143.064
 -14.306  141.595  172.603
 -26.409  144.559  169.106
 -25.537  140.081  161.762
 -25.756  152.638  173.819
 -20.609  151.074  151.344
 -28.910  136.754  166.652
 -17.583  145.920  157.928
 -28.690  131.937  165.557
 -34.550  139.561  166.052
  -2.913  141.229  179.141
 -10.968  144.143  148.029
  -9.625  141.763  139.626
 -23.791  133.377  175.057
 -29.171  136.101  152.847
 -18.477  139.383  147.756
 -24.335  128.731  173.297
 -20.940  148.810  153.962
 -15.065  138.656  160.853
 -12.324  142.828 -174.796
 -27.027  138.160  173.961
 -19.985  135.291  164.208
 -13.709  136.232  170.290
 -18.667  133.819  154.138
 -23.540  157.063  167.900
 -26.949  148.590  158.349
 -22.808  148.648  143.169
 -32.093  138.069  167.912
 -17.155  142.789  147.104
 -33.678  135.903  174.463
 -28.230  149.876  153.646
 -17.323  146.219  146.005
 -17.755  145.050  156.734
 -20.725  145.506  174.046
 -22.081  151.002  166.803
 -25.116  136.916  169.882
 -23.326  141.664  160.852
 -19.675  155.930  159.271
 -22.952  148.466  154.112
 -25.158  140.490  171.278
 -13.919  147.177  164.555
 -16.885  143.321  165.570
 -24.464  154.108  145.831
 -28.450  161.425  168.363
 -15.165  133.933  170.009
 -16.334  163.799  159.821
 -18.836  146.084  170.206
 -11.901  139.348  153.716
 -33.610  142.880 -178.686
 -17.281  139.730  169.413
 -25.924  133.594  149.212
 -21.272  155.478  142.951
 -23.035  133.936  170.430
 -28.769  138.102  176.782
  -7.979  119.716  158.291
 -21.963  152.463 -176.914
 -32.093  142.255  160.515
 -16.120  150.576  168.073
  -6.078  142.745  148.809
 -24.874  148.659  155.086
 -21.307  136.762 -174.434
 -12.577  145.666  139.760
 -15.242  136.800  160.097
 -27.324  142.019  163.704
 -31.141  153.824  150.508
  -7.871  142.853  167.022
 -25.289  129.146  170.431
 -22.958  137.544  169.905
 -15.608  146.150  147.077
  -9.364  142.920  151.601
 -13.442  140.799  165.745
 -20.748  137.379  155.018
 -29.189  157.362  172.917
 -23.705  143.939  145.618
 -16.870  147.359  157.477
 -25.430  144.024  176.873
 -28.540  138.458  161.930
 -21.053  140.669  150.458
 -14.544  142.259  162.888
 -18.810  140.803  162.121
 -22.302  145.421  161.403
 -23.767  141.929  157.035
 -21.874  141.335  160.787
 -16.145  145.253  173.616
 -23.468  141.662 -179.966
 -16.146  147.866  149.254
 -34.897  144.267  151.501
 -25.636  147.054  158.447
 -18.351  143.053  159.882
 -26.848  146.564  154.447
 -20.422  150.017  147.356
 -26.878  157.071  169.904
 -18.402  144.026  152.162
 -24.224  138.362  173.701
  -8.223  137.356  154.920
 -30.543  139.577  166.661
 -23.103  153.426  155.426
 -19.517  135.780  175.192
 -22.862  153.817  162.797
 -19.965  147.833  166.866
 -12.198  148.969  165.711
 -18.778  145.366  157.258
 -29.115  138.739  172.047
 -17.511  140.937  174.930
 -29.755  138.459  157.180
 -28.172  148.935  157.764
   7.381  137.906  160.379
 -28.847  147.025  169.941
 -20.384  151.950  141.824
 -18.829  137.789  149.376
 -25.602  143.555  162.236
 -20.560  135.916  161.185
 -23.934  137.555  178.962
 -14.969  137.626  158.083
 -21.728  147.920  154.562
 -39.142  156.003  173.088
 -33.470  145.029  155.457
 -11.219  132.406  163.682
 -28.132  142.036  159.625
 -18.064  149.991  145.373
 -12.365  144.367  165.537
 -16.995  150.228  152.593
 -13.247  140.700  175.935
 -30.039  150.240  154.937
 -23.012  149.432  166.989
 -27.986  140.266  166.738
 -18.588  135.757  152.539
 -34.995  149.591  178.438
 -15.495  138.484  162.737
 -23.588  136.779  150.022
 -16.606  146.344  156.506
  -4.093  128.541  173.045
 -24.651  148.835  160.403
 -15.758  149.954  147.142
 -24.978  134.461  170.834
 -18.539  140.017  155.539
 -21.348  136.556  175.783
 -17.846  148.507  166.135
 -22.863  152.175  156.920
 -18.951  145.818  168.395
 -30.142  138.784  164.078
 -32.319  148.116  169.154
 -27.785  142.839  165.023
 -19.075  132.367  160.541
 -31.548  145.005  166.420
 -12.435  138.928  154.224
 -15.551  123.788  156.737
 -16.869  137.619  155.671
 -16.620  140.738  161.727
 -21.065  135.137 -171.398
 -25.283  142.511  152.400
 -19.820  147.752  165.899
