   5.836  153.973  160.743
  55.148  144.008 -159.941
  54.099  148.367 -173.189
  56.674  154.730 -175.829
  62.365  161.539 -176.219
  60.353  162.328 -163.044
  44.579  161.409 -156.788
  57.928  141.010  173.911
  44.324  148.490 -174.907
  42.085  149.706 -175.037
  52.844  161.382 -173.738
  55.211  161.034 -171.607
  58.801  156.306 -159.228
  57.198  143.106 -174.527
  54.917  151.117 -160.295
  46.477  155.823 -166.953
  35.136  168.165 -157.706
  37.428  151.626 -148.291
  48.888  158.345 -172.715
  53.641  143.304 -169.573
  53.457  153.951 -159.074
  70.376  142.879 -163.340
  50.139  151.714 -176.411
  63.886  146.626 -176.282
  62.539  163.537 -169.861
  54.210  151.220 -178.473
  48.535  148.004 -155.162
  48.474  164.967 -156.787
  60.472  166.792 -166.212
  62.242  142.575 -167.686
  49.067  150.957 -179.509
  52.474  156.672 -165.535
  54.316  144.906 -154.993
  58.996  142.190 -164.629
  43.264  149.051 -164.382
  59.028  165.765 -161.262
  45.249  168.261 -179.124
  65.558  154.852 -178.450
  66.567  154.432 -159.175
  57.688  147.745 -169.385
  57.946  151.754 -173.570
  57.205  156.169 -163.390
  51.602  155.480 -157.448
  50.239  160.950 -162.789
  46.802  160.470 -173.504
  57.310  156.071 -157.807
  57.248  148.257 -161.078
  42.156  150.982 -140.214
  58.500  147.629 -148.089
  49.101  159.032 -169.879
  50.398  153.387 -170.797
  58.719  150.136 -154.376
  62.658  149.215 -174.542
  59.362  148.207 -160.943
  50.296  152.864 -163.163
  47.573  162.110 -150.783
  48.564  170.640 -171.320
  63.889  160.528 -177.837
  53.454  153.991 -169.548
  41.426  157.978 -159.249
  52.716  154.902 -161.981
  56.937  157.723 -171.767
  56.402  151.558 -166.759
  58.068  157.616 -155.982
  43.634  158.097 -160.686
  44.130  163.110 -164.173
  35.869  150.389 -150.647
  49.081  146.253 -172.404
  59.236  149.662 -157.586
  46.045  141.435 -168.407
  61.683  143.562 -172.555
  53.995  155.762 -164.663
  49.417  153.764 -177.411
  53.297  148.595 -155.249
  48.249  171.185 -162.168
  50.343  132.739 -162.346
  67.597  126.769 -158.745
  61.356  155.121 -160.567
  47.344  154.225 -174.913
  71.420  157.625 -178.391
  38.431  165.065 -162.054
  55.281  160.837 -169.131
  54.542  157.862 -179.601
  66.611  147.201 -166.327
  62.188  149.046 -165.511
  59.521  160.670 -165.812
  50.036  148.596 -165.031
  51.077  134.513 -173.769
  48.404  160.154  170.274
  40.875  152.847 -157.654
  42.794  161.656 -161.427
  56.411  151.502 -159.600
  59.544  154.802 -171.527
  51.641  146.248 -167.602
  46.634  155.607 -154.610
  57.573  155.086 -173.382
  52.358  152.474  175.570
  54.361  141.562 -169.699
  73.818  149.407 -172.364
  57.227  154.915 -168.128
  55.988  147.127 -172.609
  51.792  150.333 -156.483
  44.965  156.264 -153.936
  55.774  150.291 -174.457
  58.670  146.348 -170.136
  53.161  150.047 -170.592
  49.673  146.558 -148.254
  72.120  151.835  174.560
  60.346  153.480  178.773
  50.783  170.777 -164.412
  49.028  157.100 -166.213
  74.698  164.923  176.025
  41.354  162.901 -159.368
  58.823  151.474 -172.306
  51.098  141.702 -172.809
  60.540  143.120 -171.878
  59.029  154.077 -174.153
  50.946  153.059 -159.070
  56.915  144.391 -156.518
  59.870  151.305 -179.038
  60.809  156.709 -168.960
  58.133  149.314 -155.429
  46.847  159.015 -164.154
  69.670  148.885 -151.988
  60.640  148.871 -165.335
  49.304  152.097 -159.431
  43.807  158.929 -159.719
  54.850  157.853 -161.166
  60.473  137.578  179.151
  46.892  151.304  173.306
  56.905  146.350 -156.139
  50.209  160.041 -160.023
  58.562  156.608  179.018
  61.732  156.164 -163.253
  65.055  144.399 -158.228
  55.705  156.943 -149.774
  42.007  157.460 -163.095
  41.555  142.871 -138.487
  41.282  152.382 -146.718
  49.575  145.510 -160.627
  59.825  150.293 -178.280
  53.316  154.575 -169.384
  45.816  157.607 -159.701
  41.952  155.035 -177.100
  59.707  152.860 -164.332
  47.463  152.736 -174.007
  47.100  155.978 -152.352
  54.142  159.480 -172.958
  65.085  142.264 -164.237
  34.049  150.616 -153.716
  61.726  152.621 -174.555
  56.414  158.092 -162.643
  58.264  147.470 -175.204
  37.247  146.156 -158.018
  59.934  154.772  178.055
  42.345  143.724 -162.194
  49.405  169.066 -170.175
  66.477  158.637 -172.822
  51.935  147.025 -158.800
  56.644  165.512 -171.635
  56.182  159.746 -153.443
  51.162  147.748 -163.762
  60.386  153.954  178.891
  49.107  139.713 -170.089
  54.748  156.206 -169.089
  43.155  149.495 -151.656
  47.336  155.282 -150.521
  53.020  147.227 -168.756
  65.977  146.796 -178.529
  37.403  160.459 -142.245
  54.960  145.686 -172.457
  56.785  151.284 -140.408
  59.011  151.443 -171.235
  73.283  146.318 -177.911
  58.674  146.595 -172.931
  58.834  150.401 -170.892
  73.685  162.460 -167.393
  54.860  151.775 -153.913
  62.825  150.363  175.139
  47.245  164.959 -154.694
  46.931  151.098 -158.981
  67.447  149.436 -170.132
  48.838  143.334 -168.834
  54.867  140.485 -172.698
  55.240  161.139 -161.182
  58.657  142.238 -162.933
  50.489  162.315 -165.332
  55.956  150.724 -161.244
  43.957  165.561 -148.857
  58.693  149.086 -176.927
  59.080  164.681 -161.770
  54.700  157.017 -175.604
  59.492  159.259  178.697
  57.578  160.951 -167.754
  64.496  150.161 -166.110
  50.545  154.971 -155.913
  60.844  149.856  169.243
  61.123  151.007  179.207
  50.694  156.151 -162.352
  49.523  148.673 -165.882
  62.722  152.683  177.474
  44.654  155.474 -167.984
  65.924  143.052 -179.622
  61.253  156.237  174.849
  63.539  154.496 -174.293
  60.979  152.226  177.110
  58.002  148.308 -169.458
  54.010  138.710 -161.923
  75.799  141.743  175.619
  65.291  147.321  175.505
  35.333  158.110 -157.168
  37.193  150.131 -159.403
  41.605  155.052 -160.357
  62.006  161.628 -178.537
  61.424  161.076 -176.550
  53.383  166.141 -173.156
  60.312  165.480 -170.549
  36.282  152.069 -148.343
  43.488  147.983  177.816
  54.112  155.442 -168.982
  68.181  162.524 -165.415
  51.122  155.033 -169.738
  48.720  165.942 -172.306
  44.352  159.481 -168.874
  49.887  154.704 -169.918
  61.236  163.380 -175.111
  65.227  147.346 -167.414
  53.253  158.289 -172.586
  67.517  143.057 -171.693
  47.685  154.901 -172.714
  48.210  154.113 -156.783
  50.485  150.579 -150.404
  49.433  160.736 -161.797
  35.156  152.203 -158.532
  49.938  157.936 -161.131
  58.113  144.867 -163.040
  62.824  141.867 -172.007
  56.661  138.615 -146.553
  48.434  156.486 -166.505
  49.771  154.545  179.905
  59.943  142.759 -164.697
  51.106  154.837 -155.434
  62.270  148.811 -154.519
  57.156  156.810 -158.069
  58.915  164.197 -173.321
  59.738  146.515 -170.382
  53.468  158.179 -176.046
  53.899  148.332 -167.572
  51.282  150.537 -154.859
  52.945  155.124 -155.145
  66.164  147.527 -154.317
  50.900  149.726 -160.650
  46.211  144.878 -163.527
  56.964  168.373 -174.394
  60.081  149.547 -169.583
  54.467  149.556 -170.969
  64.204  141.050 -163.035
  59.524  139.346 -165.340
  63.473  151.539  177.751
  57.856  155.271 -174.676
  50.896  148.374 -160.663
  44.767  151.249 -163.967
  53.579  137.328 -169.271
  55.039  153.889 -167.394
  50.448  160.225 -168.518
  56.448  165.525 -162.280
  53.777  158.965 -166.561
  64.986  148.456 -174.189
  60.609  156.883 -169.889
  43.016  142.521 -164.744
  45.135  148.828 -173.300
  63.566  160.488 -169.559
  70.673  153.176 -164.420
  55.253  147.797 -158.105
  64.783  155.762  171.612
  58.772  164.783 -167.365
  56.489  159.560 -169.484
  60.226  150.013  174.777
  54.635  145.285 -179.443
  62.239  155.835 -157.092
  49.101  149.611 -155.232
  54.927  153.091 -168.678
  54.382  153.618 -168.448
  57.944  170.571 -168.466
  46.685  150.950 -166.339
  53.754  151.125 -157.013
  41.334  155.650 -143.283
  59.293  157.421 -173.021
  45.889  157.742 -157.671
  54.803  155.948 -157.520
  61.602  147.399 -174.378
  28.593  146.401 -151.616
  73.840  156.892 -173.139
  47.801  158.537 -157.952
  46.647  160.144  174.517
  51.137  148.488 -169.884
  60.343  147.593 -172.964
  65.692  155.916 -169.527
  51.913  162.648 -160.403
  64.312  156.862 -164.676
  56.512  147.844 -177.787
  58.321  163.937 -166.934
  62.438  161.446 -174.269
  62.938  158.520 -178.683
  61.801  155.712 -166.923
  53.709  149.925 -165.191
  45.061  151.550 -167.818
  71.347  144.277 -172.946
  46.488  152.577 -148.560
  46.378  151.742 -174.238
  46.482  146.669 -168.768
  42.360  146.997 -154.232
  51.902  151.589  161.565
  65.120  136.184 -165.891
  48.521  151.048 -178.068
  72.438  155.896 -176.549
  66.524  159.318  172.357
  59.120  168.970  168.721
  63.480  136.815 -162.148
  59.366  143.620 -167.764
  55.332  149.167 -170.674
  50.462  169.810 -155.100
  47.043  160.490 -165.342
  39.708  153.389 -166.596
  45.609  163.704 -164.942
  48.591  157.572 -159.112
  56.777  153.749 -170.540
  39.237  152.585 -156.449
  54.523  150.068 -155.767
  55.303  132.492 -140.232
  60.996  157.355  179.422
  54.193  146.733 -159.933
  39.906  157.093 -158.655
  48.660  150.877 -157.154
  47.167  147.323 -162.282
  53.831  162.503  175.364
  57.005  138.467 -162.642
  55.988  151.596 -156.086
  42.745  156.746 -153.337
  50.553  155.171 -175.187
  41.966  157.526 -169.802
  54.636  161.652 -164.408
  48.440  155.752 -149.963
  61.287  150.651  174.055
  67.450  156.313 -159.985
  37.863  140.786 -169.600
  64.602  136.705 -162.469
  52.116  158.592 -160.885
  65.784  137.916 -159.317
  53.751  164.251 -164.823
  48.101  168.134 -159.315
  64.147  147.052 -173.070
  47.188  150.642 -147.603
  42.182  143.430 -168.360
  51.740  149.090 -170.646
  56.324  151.586 -154.872
  55.099  148.468 -160.563
  51.032  147.666 -158.799
  50.535  151.583 -158.283
  57.457  149.879 -178.403
  68.698  161.700  173.479
  46.067  154.443 -144.637
  56.692  140.771 -169.906
  62.102  155.995 -176.616
  30.650  144.736 -153.767
  70.939  147.300 -164.526
  51.597  154.849 -158.683
  55.277  164.895 -170.791
  50.145  156.029 -174.641
  57.899  148.324 -152.724
  49.556  135.714 -163.052
  57.676  148.892 -171.368
  56.867  150.586 -175.386
  60.231  147.423  173.544
  62.713  164.510 -153.979
  53.988  144.457 -158.238
  42.197  148.955 -155.290
  50.682  151.268 -165.595
  47.464  154.032 -170.829
  52.361  153.803  173.429
  63.712  156.896  177.078
  46.188  143.389 -157.559
  58.205  156.511  173.820
  57.299  142.447 -173.893
  31.371  162.048 -168.023
  55.147  153.712 -165.040
  56.184  154.329 -161.623
  61.680  159.242 -168.057
  55.564  145.461 -167.720
  47.800  159.388 -157.774
  58.772  163.479 -173.853
  57.345  156.185 -168.146
  43.482  159.678 -169.745
  38.474  162.248 -171.976
  58.810  142.009 -162.039
  56.039  145.703 -170.804
  53.768  156.594 -170.145
  56.362  157.822 -161.360
  53.221  150.094 -162.441
  41.839  160.486 -159.839
  58.867  153.847  175.193
  62.624  148.015  171.441
  49.902  153.873 -158.668
  64.120  152.631 -160.879
  64.281  162.154 -172.462
  55.835  152.200 -165.032
  56.466  164.592 -166.291
  62.416  143.170 -159.454
  56.827  160.718 -173.468
  52.418  152.179 -169.847
  57.459  146.452 -164.330
  60.171  175.910 -173.390
  44.408  154.585 -154.521
  47.436  162.633 -163.784
  59.668  159.554  172.506
  50.669  162.430 -173.107
  56.514  148.748 -166.031
  61.171  153.859 -161.570
  62.943  151.129 -173.389
  55.661  141.400  178.279
  69.463  149.616 -167.127
  57.315  150.726 -170.335
  69.479  166.658  177.151
  57.964  151.353 -162.509
  51.186  155.953 -168.620
  57.487  143.473 -166.497
  65.331  146.201 -176.899
  67.000  148.806 -171.969
  48.938  153.492 -165.331
  49.258  154.000 -153.377
  60.106  159.327 -171.510
  40.934  167.020 -160.843
  53.118  163.256 -158.212
  52.347  140.294 -160.185
  58.056  154.108 -170.965
  59.882  155.845 -170.129
  45.136  145.183 -146.811
  52.110  163.361 -175.224
  61.745  142.645 -174.932
  56.603  153.109 -175.914
  58.143  166.565 -167.341
  54.120  147.875 -169.498
  51.992  145.841 -156.234
  63.784  148.133  179.098
  49.067  155.882 -152.281
  43.227  162.574 -158.027
  58.171  131.297 -167.669
  41.502  162.956 -162.844
  39.082  134.203 -165.397
  42.410  160.015 -153.641
  53.364  154.105  171.005
  51.215  165.774 -178.493
  50.631  151.853 -174.976
  53.218  145.662  177.074
  60.785  148.815 -178.620
  58.759  158.395 -169.021
  49.143  154.557 -166.224
  42.317  154.873 -148.795
  56.978  161.118 -162.158
  60.499  143.215 -169.053
  41.821  153.301 -146.160
  51.180  158.492 -160.721
  41.677  154.522 -175.044
  58.981  150.637 -167.378
  63.194  148.545 -166.409
  52.193  153.003 -155.383
  48.450  151.308 -159.143
  57.487  149.936 -164.872
  57.748  152.311 -164.945
  51.535  161.250 -159.733
  49.142  158.465 -156.209
  57.995  162.831 -166.230
  58.215  149.906 -176.173
  59.170  140.581 -168.611
  55.926  161.614 -175.899
  45.261  152.664 -172.151
  55.381  165.983 -175.873
  40.174  157.406 -162.609
  51.802  168.067 -157.456
  61.156  158.221 -156.570
  61.367  145.869 -158.975
  57.203  151.222 -159.878
  45.656  171.620 -136.949
  66.115  141.700  173.330
  48.777  160.481 -173.078
  56.203  154.779 -150.936
  50.217  158.957 -165.005
  59.358  152.770 -162.274
  62.844  147.122 -166.224
  41.153  167.911 -156.583
  60.433  154.508 -160.608
  73.638  139.183 -171.304
  47.863  173.162 -161.833
  33.613  159.745 -161.010
  45.147  152.305 -155.371
  64.990  141.057 -170.388
  63.198  149.879 -174.855
  56.734  158.725 -172.526
  58.466  149.467  172.436
  53.263  162.922 -177.099
  59.376  158.089 -157.620
  61.137  154.792 -172.509
  72.745  150.252 -166.577
  40.846  168.163 -150.603
  50.663  150.341 -165.421
  58.900  164.398 -171.481
  53.065  147.890 -153.972
  38.069  167.815 -175.703
  67.054  147.177 -175.780
  49.207  154.209 -155.641
  56.847  152.712 -164.087
  46.824  142.670 -166.150
  44.331  154.541 -157.011
  47.273  154.584 -171.238
  42.779  143.520 -159.868
  49.359  161.369 -154.704
  76.152  158.615 -171.150
  64.595  163.820 -159.172
  57.557  157.249 -176.747
  55.760  162.383 -165.822
  61.830  150.887 -166.006
  44.647  142.989 -154.254
  52.233  158.003 -160.341
  51.546  145.627 -144.862
  42.888  160.443 -154.523
  71.695  142.738  175.669
  60.886  160.379 -179.670
  59.228  150.002 -164.620
  47.762  148.958  177.107
  55.200  154.343 -178.103
  61.859  142.348 -177.702
  41.841  150.293 -145.862
  57.484  168.191 -178.692
  59.798  158.754  178.153
  51.474  144.463 -164.278
  51.279  161.826 -165.033
  58.555  153.231 -168.226
  60.984  151.365 -178.466
  51.339  142.293 -143.262
  49.443  168.039 -152.241
  59.763  145.250 -150.587
  57.127  149.759 -172.574
  64.600  155.918 -173.952
  47.422  157.403 -150.076
  49.243  142.699 -169.302
  45.287  152.753 -151.918
  51.289  148.673 -163.422
  55.323  142.567 -161.745
  54.794  146.994 -166.628
  52.127  147.925 -175.606
  36.256  154.112 -158.075
  58.225  155.632 -166.534
  51.041  156.191 -158.952
  52.304  163.585 -173.524
  56.749  151.692 -157.928
  43.996  153.599 -162.438
  44.611  151.746 -152.427
  63.327  159.995 -169.785
  57.120  151.619 -169.351
  42.032  164.090 -149.555
  60.042  145.134 -172.093
  55.519  154.811 -168.037
  59.384  155.665 -167.849
  49.378  152.916 -171.645
  56.247  166.753 -179.747
  61.433  146.234 -158.499
  35.620  139.189 -142.942
  52.350  158.773 -179.792
  61.542  135.709 -171.981
  52.099  152.412 -155.021
  67.504  153.935  174.192
  53.998  133.716 -145.217
  50.463  144.386 -171.779
  50.714  155.008 -167.924
  52.618  153.435 -166.133
  43.398  163.741 -153.891
  49.156  148.640 -172.568
  37.761  143.656 -159.618
  46.826  148.251 -165.158
  54.102  150.134 -167.581
  57.833  160.127 -168.205
  31.381  141.394 -138.957
  52.963  143.488 -174.217
  60.634  159.980 -174.205
  55.570  145.971 -171.548
  49.126  150.742 -165.998
  56.149  154.915 -173.312
  53.998  156.832 -170.026
  56.997  150.868 -168.376
  58.363  152.393 -156.651
  58.077  157.790 -174.770
  46.474  150.626 -159.441
  52.810  146.298 -162.774
  58.011  149.498 -159.703
  71.499  149.291 -177.401
  57.403  161.141 -168.879
  45.305  160.476 -155.228
  52.603  151.579 -165.921
  41.804  140.085 -162.839
  58.348  146.631 -175.898
  40.821  148.641 -151.841
  41.474  160.068 -170.631
  74.310  154.069  168.981
  57.178  150.914 -175.050
  56.410  147.154 -167.799
  60.222  164.717 -177.841
  63.865  150.064  173.960
  56.376  139.007 -174.691
  51.025  136.600 -169.505
  58.181  148.728 -166.511
  51.279  151.158 -170.081
  46.732  150.485 -143.303
  55.306  149.841 -144.821
  39.164  141.791 -136.129
  58.314  147.267 -166.781
  57.932  162.794 -166.890
  53.204  158.961 -157.755
  51.217  150.434 -164.519
  54.278  154.435 -178.056
  69.578  161.876 -169.746
  64.162  146.085 -160.352
  53.434  163.526 -155.689
  51.181  143.698 -167.500
  63.913  154.853 -170.336
  59.263  165.240 -166.380
  59.274  157.877 -165.611
  55.365  142.054 -165.369
  49.156  155.898  178.184
  48.172  155.114 -172.469
  51.077  175.589 -177.920
  50.010  151.936 -166.323
  46.056  149.861 -167.471
  49.571  149.236 -153.068
  43.683  159.817 -162.118
  43.970  167.028 -151.568
  42.768  160.156 -148.346
  50.489  146.488 -166.237
  53.842  155.968 -167.292
  52.105  157.652 -172.438
  57.729  165.853 -170.680
  67.566  145.002 -173.552
  64.162  160.803 -163.829
  45.459  151.105 -150.639
  65.406  144.475 -158.760
  41.220  161.438 -166.633
  42.817  171.894 -170.418
  66.783  161.231  178.308
  58.559  157.507 -166.887
  45.021  150.694 -162.340
  49.277  155.471 -154.184
  44.927  161.175 -155.545
  45.776  145.213 -138.357
  44.677  140.204 -149.165
  46.652  153.666 -143.109
  51.977  150.340 -163.801
  68.193  155.261 -177.843
  45.233  164.153 -164.292
  56.847  147.046 -150.669
  50.768  158.163 -169.974
  39.977  163.143 -150.467
  60.347  151.424 -175.343
  43.092  153.802 -140.643
  53.100  152.975 -169.801
  57.496  158.164 -151.776
  61.408  145.029 -173.752
  62.299  152.490 -160.953
  52.491  157.182 -165.350
  66.819  146.672  175.500
  65.149  152.522  179.208
  54.271  163.847 -174.622
  47.402  144.339 -171.366
  49.447  153.835 -176.937
  56.498  152.036  172.744
  56.960  149.380 -166.364
  58.389  148.529 -147.507
  50.045  147.472 -132.892
  54.652  155.401 -178.416
  45.627  144.262 -153.178
  59.611  145.550 -167.879
  64.620  154.763 -159.933
  60.852  153.433 -173.453
  71.976  139.581 -153.444
  57.140  145.327 -176.524
  54.491  155.444 -168.085
  47.213  156.215 -167.762
  51.850  156.976 -161.546
  55.544  160.872 -171.746
  48.854  153.249 -166.882
  63.081  146.044 -172.972
  60.314  147.127 -172.976
  53.880  153.976 -164.126
  52.287  141.792 -176.406
  53.399  152.711 -165.842
  50.296  158.717 -167.431
  51.124  162.324 -150.690
  63.219  157.606 -176.705
  55.355  134.908 -171.877
  31.490  131.408 -156.334
  38.711  156.188 -158.796
  58.964  143.369 -150.864
  43.574  152.740 -149.168
  52.137  153.688 -163.941
  52.519  150.729 -176.460
  53.725  140.025 -153.082
  48.629  145.008 -173.061
  41.971  147.521 -165.059
  58.149  141.420 -155.720
  48.130  154.168 -170.047
  70.556  148.591 -177.875
  56.189  156.542 -176.163
  65.083  150.960 -165.429
  49.096  159.976 -152.961
  44.798  160.138  177.155
  54.586  162.911 -158.408
  64.588  155.991 -152.931
  47.900  157.961 -159.807
  41.847  144.171 -150.489
  66.019  134.639 -169.144
  51.895  155.319  176.913
  69.659  141.338 -163.592
  43.516  149.514 -155.053
  49.971  146.425 -149.769
  50.950  145.184 -164.991
  51.833  162.275 -166.374
  65.016  154.123 -172.084
  39.640  157.127 -156.448
  51.905  144.210 -169.187
  52.267  155.463 -165.505
  47.721  150.868 -146.387
  41.802  141.406 -147.924
  47.211  157.232 -170.476
  63.672  148.704 -145.657
  67.072  146.607 -171.428
  62.500  156.624 -178.646
  60.372  156.852 -177.692
  56.454  150.664  178.933
  56.649  149.807 -167.534
  50.808  148.948 -174.001
  43.155  156.983 -168.163
  61.533  141.410 -176.049
  43.753  145.065 -171.951
  59.135  153.724 -175.379
  48.840  158.686 -160.328
  54.751  159.843 -155.673
  58.089  143.913 -162.811
  37.562  157.093 -144.316
  46.936  142.277 -161.110
  48.906  152.616 -174.568
  56.183  151.507 -167.010
  50.990  157.659 -166.255
  65.811  148.488 -174.040
  48.127  154.156 -163.567
  52.231  164.014 -172.577
  51.926  153.125 -157.131
  51.398  143.477 -171.221
  53.600  139.504 -161.144
  62.884  153.934  170.346
  47.303  146.758 -167.932
  49.682  155.318 -147.570
  65.089  150.285  169.386
  55.992  154.646 -164.048
  47.174  145.212 -167.992
  49.829  159.762 -168.337
  55.398  143.075  179.605
  52.694  152.225 -173.547
  58.777  145.091 -172.551
  44.495  142.374 -171.096
  48.465  156.481 -166.150
  59.108  143.024 -166.698
  43.964  146.348  173.625
  56.413  152.918 -154.952
  46.524  151.800 -155.956
  62.911  155.236 -178.524
  54.206  147.606  176.563
  51.224  157.137 -161.785
  37.296  146.808 -165.304
  61.691  159.282 -164.627
  46.255  148.071 -169.028
  53.607  144.823 -154.655
  53.361  157.147 -163.522
  54.834  149.766 -167.717
  67.698  166.816 -159.210
  57.100  158.782 -150.063
  57.630  144.935 -167.069
  51.874  159.233 -160.930
  46.852  145.543 -148.140
  50.043  157.208 -149.511
  45.740  148.512 -137.197
  46.060  152.638 -173.892
  53.588  160.956 -149.517
  50.990  145.998 -159.271
  47.133  166.743 -145.324
  49.629  159.461 -158.805
  43.099  156.648 -156.293
  43.321  146.565 -179.258
  48.054  146.963 -169.399
  39.855  164.398 -159.510
  39.171  159.600 -150.783
  61.020  136.509 -173.682
  57.907  161.103 -170.382
  70.743  160.107 -177.741
  66.321  152.026 -177.225
  35.567  157.109 -162.064
  54.138  156.646 -177.484
  66.479  162.250  175.624
  52.516  146.542 -174.904
  54.312  155.827 -161.439
  59.745  141.110 -161.503
  53.988  156.231 -160.294
  60.273  150.981 -170.598
  51.276  160.312 -168.858
  43.534  142.876 -175.926
  65.678  144.050 -164.949
  52.152  151.853 -167.378
  64.528  159.989 -166.254
  56.645  155.262 -163.466
  44.708  157.500  179.873
  58.269  147.626  178.085
  50.778  154.088 -169.261
  49.218  157.739 -156.309
  52.961  138.778 -152.123
  54.937  145.828 -160.833
  58.168  150.398 -177.125
  46.361  150.660 -174.545
  56.887  151.518  179.301
  44.589  159.390 -159.190
  54.044  142.222 -161.815
  39.962  143.569 -142.485
  57.257  159.078 -169.747
  55.865  153.090 -163.039
  57.905  140.505 -159.926
  52.487  143.810 -160.014
  52.285  151.995  174.797
  56.953  145.488 -173.264
  56.493  151.811 -171.586
  56.207  154.972 -168.526
  42.244  153.569 -156.534
  58.551  146.849 -164.309
  62.513  145.068 -150.791
  43.573  158.071 -167.578
  56.619  145.288 -168.749
  57.314  156.370 -166.240
  69.128  154.706 -175.633
  71.403  155.513  178.328
  49.930  157.822 -156.677
  55.445  157.478 -170.630
  67.683  170.316  174.092
  45.680  158.237 -170.527
  65.346  152.126 -176.761
  35.507  161.204 -167.944
  42.811  159.706 -177.647
  48.579  147.740 -165.467
  58.342  152.641 -147.959
  52.168  148.858 -177.892
  51.003  166.198 -157.144
  54.543  159.783 -178.911
  54.215  146.225 -167.376
  62.972  145.729 -165.541
  65.174  137.297  174.773
  54.545  150.470 -164.089
  39.349  156.500 -166.750
  46.588  170.159 -165.295
  43.223  155.834 -152.479
  49.074  148.781 -157.205
  44.945  139.344 -170.159
  48.962  145.953 -166.972
  54.697  158.840 -174.087
  51.712  158.515 -176.589
  54.532  140.199 -156.186
  51.143  156.021 -162.152
  51.833  153.725 -164.097
  55.672  142.837 -163.703
  46.563  163.661 -159.755
  48.720  150.129 -154.453
  59.125  153.771 -164.285
  46.740  139.636 -165.219
  56.650  157.094 -173.493
  31.882  156.933 -152.415
  66.057  160.528 -163.030
  61.793  144.610  178.304
  51.197  150.495 -171.570
  43.456  152.584 -155.030
  51.815  154.942  169.951
  56.762  153.554 -174.428
  60.095  150.330 -178.471
  57.214  157.358 -163.813
  51.269  148.160 -169.901
  64.173  157.891 -161.131
  40.483  147.407 -137.601
  50.285  154.856 -175.410
  53.027  150.734 -163.624
  64.037  152.034  178.590
  57.492  150.980 -171.437
  58.243  147.797 -179.228
  57.123  154.662 -170.454
  58.701  143.123 -153.648
  51.323  142.802 -162.426
  48.824  149.076 -168.158
  37.433  143.950 -162.745
  43.492  154.422 -173.911
  51.445  162.035 -164.778
  67.010  142.433 -179.747
  48.275  145.962 -173.960
  42.044  150.374 -175.707
  46.937  147.836 -164.120
  52.017  140.240 -140.744
  56.688  154.909 -179.026
  44.368  153.582 -161.627
  57.902  151.181 -158.998
  54.241  160.981 -155.986
  45.572  159.255 -137.865
  57.173  140.198  179.403
  67.040  165.386  179.203
  64.963  166.115  178.422
  53.263  159.047 -165.366
  54.828  163.601 -153.235
  44.373  146.625 -160.420
  51.524  152.740 -167.935
  54.122  159.162  176.783
  43.977  147.320 -159.310
  62.257  152.594 -166.501
  49.209  157.435 -167.127
  48.828  152.169 -171.713
  53.457  169.870 -168.217
  65.855  150.273 -174.103
  46.608  160.899 -156.509
  45.090  153.510 -175.093
  62.513  145.896 -174.407
  48.478  162.241 -162.663
  54.199  146.672 -164.236
  42.897  149.472 -156.940
  42.039  159.589 -163.533
  44.365  158.076 -166.859
  48.033  144.887 -163.576
  57.372  156.609 -167.520
  50.946  152.521 -175.968
  53.942  157.071 -167.983
  50.902  151.219 -169.164
  62.643  154.649 -174.205
  53.328  144.273 -162.833
  48.601  157.189 -166.323
  51.635  143.104 -174.356
  59.944  155.985 -161.094
  48.774  168.608 -172.747
  65.142  160.254  179.348
  53.640  157.103 -167.865
  53.813  148.062 -173.714
  56.256  146.275 -168.559
  38.855  156.859 -167.509
  65.969  152.758 -172.871
  53.495  157.713 -170.378
  45.024  156.839 -171.231
  61.680  150.575 -177.209
  46.768  154.485 -167.114
  62.360  158.917 -171.205
  51.017  163.626 -163.734
  51.636  142.817 -156.649
  58.099  166.195  173.368
  59.958  159.336  179.691
  61.247  154.699  176.999
  43.548  160.257 -156.345
  56.149  146.770  179.555
  45.716  145.990 -154.603
  53.742  151.501 -166.175
  50.610  159.373 -146.981
  51.540  147.106 -156.036
  47.865  159.797 -159.233
  56.042  142.533 -161.885
  49.034  149.603 -165.661
  64.315  150.509 -166.165
  52.511  156.444 -178.114
  58.309  155.903 -171.758
  62.462  142.435 -173.822
  53.233  149.000  176.946
  42.366  158.037 -166.310
  44.977  152.323 -143.158
  64.196  152.574 -173.562
  54.574  143.520 -160.491
  55.345  148.563 -175.480
  48.045  160.878 -166.437
  53.612  154.704 -162.202
  60.517  135.966 -160.160
  60.597  145.705 -167.375
  60.462  161.153 -179.560
  54.032  153.507 -171.367
  31.901  136.692 -144.243
  51.360  144.855 -156.447
  53.904  140.210 -175.323
  53.472  156.847 -164.557
  56.953  169.244 -174.468
  37.635  135.060 -152.429
  54.891  162.335 -179.274
  56.608  165.535 -158.438
  46.621  165.808 -140.133
  52.409  142.534 -152.817
  52.805  149.757 -178.373
  52.090  150.260 -172.577
  58.167  142.500 -176.086
  55.438  164.703  179.460
  57.503  168.266 -169.415
