  63.541  150.148 -152.337
  75.592  146.749  161.103
  62.057  149.364 -175.359
  68.187  152.118 -171.001
  68.705  149.682 -166.563
  67.705  151.813 -166.038
  77.034  154.211  172.419
  62.328  158.081 -158.342
  64.843  153.564 -167.315
  83.853  156.923  174.647
  86.553  153.061  167.435
  64.447  151.104 -176.503
  66.664  153.433  172.798
  67.610  153.676 -178.383
  53.808  165.806 -162.471
  61.759  156.915 -173.324
  65.881  151.565 -176.042
  60.781  145.222 -164.470
  83.051  147.147  165.563
  63.455  151.459 -169.642
  69.157  155.324 -165.508
  62.629  155.212 -141.511
  63.065  159.418 -166.053
  73.109  156.295 -177.749
  67.124  147.761 -158.323
  68.765  147.819 -171.120
  65.127  149.430 -174.679
  72.901  145.828  177.319
  58.624  142.180  169.570
  70.339  139.035 -177.211
  67.619  143.793  173.446
  69.797  141.147 -169.487
  64.468  155.231  178.082
  69.411  145.989  178.288
  50.562  165.038 -159.005
  51.658  150.937 -159.827
  71.631  149.468  171.621
  54.930  159.680  177.501
  77.125  150.899  178.666
  70.826  142.561 -162.776
  60.383  158.159 -166.163
  67.713  145.982 -165.064
  69.851  163.567 -161.272
  70.587  152.288 -171.578
  70.949  148.464 -164.081
  73.357  149.747  178.872
  63.775  164.289 -173.336
  60.838  147.187 -160.892
  55.307  157.736 -166.728
  65.359  152.320 -179.725
  59.625  151.572 -148.709
  78.793  153.114 -177.096
  72.042  149.482 -166.727
  65.805  158.890  174.788
  69.498  146.950 -164.134
  68.568  155.337 -169.932
  80.523  161.842 -174.708
  59.521  150.276 -174.157
  58.767  158.536 -171.421
  67.004  155.716 -170.475
  58.615  155.163 -163.763
  70.845  149.924 -169.611
  63.749  150.066 -163.038
  61.336  144.674 -172.675
  75.723  154.129  176.878
  65.924  148.358 -172.305
  63.237  135.750  169.263
  76.773  144.418 -172.857
  68.933  153.999 -162.508
  74.291  161.340 -167.068
  63.781  153.673  178.394
  72.329  145.438  176.083
  72.289  153.579  178.976
  73.582  151.220 -167.532
  78.490  139.687 -168.555
  68.415  147.848 -167.264
  67.517  149.834 -168.513
  60.329  165.305 -171.231
  76.425  142.147  172.854
  57.774  158.296  167.689
  52.489  157.513 -174.534
  66.973  144.912 -168.951
  70.065  154.675 -179.236
  75.385  146.760 -164.327
  65.056  145.369 -169.233
  66.365  141.743 -159.019
  65.198  138.486 -177.438
  72.723  150.599 -174.496
  53.637  143.651 -167.082
  65.252  154.998  175.825
  67.841  150.903 -163.240
  70.710  166.231 -179.800
  68.620  162.882 -179.768
  50.103  143.205 -159.609
  72.805  141.452  169.215
  74.880  150.488 -167.811
  53.342  152.065 -172.876
  78.112  158.024 -179.765
  73.004  150.504  179.722
  69.276  148.852 -166.004
  69.769  145.488 -153.249
  67.553  153.575 -161.563
  47.309  146.647 -175.302
  64.277  166.456 -162.174
  68.470  165.406  176.550
  75.817  158.797  172.743
  66.167  153.596 -165.005
  59.212  153.207 -161.287
  66.737  168.111 -177.472
  74.165  156.618 -172.451
  69.776  138.631 -175.270
  66.733  162.216 -175.786
  61.093  168.745 -170.081
  65.489  150.286 -158.935
  71.312  157.561 -162.272
  73.356  155.202  170.822
  64.337  154.078 -171.139
  63.759  144.711 -169.944
  60.997  147.931 -171.336
  81.246  148.006  178.307
  62.916  156.421 -151.997
  81.646  147.077 -167.614
  66.026  160.896 -168.405
  57.392  149.465 -144.641
  57.672  152.638 -167.363
  66.207  150.880 -174.184
  69.425  136.136 -167.774
  61.662  166.775 -171.621
  57.619  153.214 -167.319
  63.508  163.054 -178.755
  82.187  153.310  175.143
  68.988  141.990 -179.085
  72.927  154.934 -156.633
  72.487  153.491 -173.125
  73.694  152.644  168.371
  74.468  174.229 -175.045
  80.164  152.948 -168.470
  66.644  167.477 -172.425
  63.336  162.412 -172.725
  80.114  159.944  172.730
  60.956  148.925 -160.847
  65.332  147.825 -164.920
  60.231  154.843 -179.763
  69.134  140.154 -179.184
  58.172  159.253 -174.950
  55.047  142.273 -164.938
  54.651  150.303 -147.288
  73.768  145.910 -175.383
  75.396  160.362  167.415
  74.154  158.307  177.209
  74.304  157.324 -173.787
  77.465  141.234 -176.024
  70.180  151.382 -160.736
  71.576  156.246 -167.755
  63.563  136.961 -157.198
  60.320  150.667 -162.210
  63.128  150.849 -162.697
  68.235  160.351 -177.052
  57.727  150.002 -164.594
  80.447  145.743 -173.578
  63.136  150.684  177.261
  61.239  138.826 -154.002
  63.731  118.765 -153.450
  75.590  146.932  170.862
  66.722  158.646 -175.136
  71.109  159.416 -171.148
  64.589  147.991 -170.841
  58.967  152.994 -154.797
  65.281  147.416 -159.665
  67.203  146.998  177.490
  62.301  156.193 -165.099
  60.131  153.953  179.886
  74.984  139.175  179.239
  62.258  159.579  172.959
  69.477  159.359 -176.801
  74.005  143.607 -163.910
  69.463  156.359 -160.112
  70.658  147.198 -177.802
  63.932  157.841 -169.427
  72.508  158.779 -162.046
  68.439  149.649 -172.252
  67.232  153.822  178.593
  67.884  159.806 -171.527
  55.352  143.660 -169.226
  67.206  144.485  173.648
  66.916  155.765 -171.923
  74.643  156.440 -176.391
  67.743  148.250 -163.577
  58.189  166.722 -156.639
  68.463  157.711 -162.232
  68.082  148.490 -167.895
  64.339  147.517 -168.555
  62.115  156.105 -168.572
  57.433  146.011 -159.124
  73.871  150.868  175.983
  58.658  158.985 -161.083
  56.893  136.967 -179.491
  81.069  150.535  163.658
  73.129  159.623 -154.369
  81.700  150.385 -171.130
  65.226  155.637 -177.879
  74.314  154.565 -178.268
  67.220  148.002 -176.702
  66.347  162.854 -177.995
  57.788  148.966 -165.314
  77.519  154.573  176.766
  70.812  145.857 -172.099
  56.166  152.823 -172.503
  53.318  144.048 -149.719
  48.019  144.659 -160.405
  63.263  140.784 -177.937
  67.842  159.576 -172.310
  74.395  140.145 -170.595
  68.716  165.095 -173.751
  61.282  142.140 -162.345
  70.552  145.208  172.332
  72.357  151.147 -170.815
  69.742  156.014 -178.474
  74.267  152.590  169.861
  73.948  149.314 -175.768
  70.225  156.360 -169.621
  67.084  154.910 -177.994
  77.591  143.739 -164.893
  67.518  147.562 -167.001
  60.982  158.417  178.534
  61.255  145.902 -171.523
  72.615  153.740 -172.956
  53.069  156.638  174.233
  78.032  141.708  168.548
  62.963  157.456 -159.817
  68.565  150.667 -174.152
  68.232  143.259 -158.484
  59.702  139.065 -158.281
  66.339  147.079 -168.246
  71.837  144.718 -169.163
  66.337  156.089  168.672
  73.095  130.412 -175.835
  73.338  162.540  179.341
  54.880  150.833  177.663
  66.029  154.601  176.922
  69.187  147.783 -172.694
  64.237  154.563 -168.738
  65.446  146.891 -176.917
  73.934  151.160 -179.038
  65.903  155.453 -178.683
  71.406  150.868 -172.377
  68.452  164.630 -176.015
  56.929  165.996 -161.155
  75.594  160.095  176.927
  81.441  148.216 -167.511
  69.473  152.014  176.600
  64.395  150.012 -166.627
  63.614  159.045 -176.465
  66.949  159.319  174.835
  66.560  166.547 -174.781
  58.951  163.089  177.787
  76.806  144.960 -176.102
  59.659  151.531 -168.288
  69.131  155.029 -167.917
  82.213  150.100 -177.040
  62.550  125.774 -158.902
  71.856  156.965 -159.930
  74.092  149.910  174.497
  65.171  148.109 -176.635
  67.392  144.532  179.570
  80.777  164.033 -178.779
  62.795  132.937 -161.813
  63.554  148.784 -176.377
  66.097  148.848 -167.848
  61.588  158.653 -156.538
  74.065  140.159 -165.944
  66.744  135.791 -163.449
  72.860  158.700 -170.916
  78.445  155.843 -174.454
  69.770  164.262 -156.229
  63.873  157.050 -170.802
  58.243  144.324 -160.263
  66.895  151.227  176.804
  75.231  147.339 -176.744
  48.848  150.382 -172.734
  68.289  149.338 -163.801
  74.496  153.786 -175.391
  62.112  155.926 -168.011
  69.202  150.909 -175.569
  60.981  152.126 -168.096
  70.974  148.710 -169.627
  61.458  165.915 -166.847
  66.713  142.655 -170.466
  71.900  151.103  179.905
  70.950  157.138  168.886
  67.479  157.516 -174.698
  71.390  146.004 -162.021
  66.298  141.736 -175.988
  67.314  171.054 -176.520
  67.624  152.264 -179.204
  65.806  152.721 -154.124
  63.304  147.994 -167.835
  64.882  147.630 -150.076
  62.762  163.361  169.333
  71.458  150.697  173.194
  67.584  144.234 -172.074
  82.626  149.730  175.614
  73.434  146.985 -171.953
  72.356  162.390 -166.914
  67.792  154.157 -174.753
  57.356  155.597  178.211
  72.536  139.839 -154.032
  77.620  148.053  168.294
  59.705  160.355 -176.657
  64.359  152.564 -165.515
  73.723  150.140 -164.888
  73.165  158.440 -163.913
  50.532  150.371 -163.993
  67.443  148.101 -178.651
  66.108  154.869 -165.618
  69.926  148.567  179.803
  68.547  147.805 -170.360
  61.016  145.516  176.593
  65.603  143.392 -169.870
  62.504  149.318  177.693
  73.044  154.892  177.964
  76.375  156.356  170.647
  68.483  147.603 -174.042
  60.765  154.079 -174.240
  77.468  155.866 -175.381
  65.976  156.381  174.883
  64.946  155.500 -176.517
  72.535  165.203 -165.911
  61.355  162.961 -170.982
  55.646  153.433  177.100
  68.152  161.331 -170.097
  69.597  153.949  175.606
  73.889  159.273  165.167
  68.325  157.558 -170.940
  69.286  158.348 -178.664
  66.530  152.076 -167.417
  61.946  152.489 -167.770
  53.784  161.060 -160.890
  63.156  150.285 -164.058
  70.463  157.555 -163.733
  62.688  136.676 -169.713
  57.616  136.304 -176.292
  65.230  152.698 -163.618
  72.014  149.060 -161.493
  60.915  160.760 -151.689
  68.140  152.936 -175.449
  62.499  156.245 -167.056
  66.198  162.531 -173.068
  65.649  169.650  174.551
  56.789  162.931  176.783
  69.824  149.734 -170.117
  69.687  147.087 -172.825
  67.980  163.326 -166.130
  78.399  150.749  159.228
  65.512  156.653 -175.845
  75.434  153.764  168.727
  68.459  148.814 -171.095
  60.732  154.916  174.681
  60.550  154.841 -173.217
  71.580  154.469 -170.704
  66.485  148.099  162.638
  74.030  147.013 -173.611
  58.101  135.167 -161.492
  62.472  148.841  179.452
  61.983  152.808  179.532
  70.462  146.967 -179.912
  59.665  133.158  178.746
  70.405  146.931 -161.852
  71.769  145.572 -170.751
  67.303  153.627  178.121
  67.723  148.395 -169.689
  77.814  161.343  171.281
  63.377  150.894 -161.186
  69.696  163.658 -176.035
  52.869  138.389 -149.706
  61.452  139.627 -164.627
  52.642  150.360 -160.917
  66.425  165.230 -176.689
  67.590  158.087 -166.731
  59.458  158.317  174.009
  59.742  155.722 -165.841
  63.507  156.145  171.404
  76.818  163.414 -177.010
  70.275  152.977 -175.196
  55.627  155.515 -161.098
  61.931  166.272 -178.933
  70.194  139.416  178.559
  67.345  161.627 -173.865
  61.360  144.856 -179.426
  61.830  142.588 -158.684
  74.070  152.973 -174.853
  66.506  155.243 -178.140
  65.197  153.233 -151.099
  66.082  148.000 -161.264
  68.800  144.406 -174.882
  84.074  144.360 -176.869
  66.850  160.109 -173.491
  68.764  165.086 -160.574
  75.395  155.197  172.776
  62.891  149.955 -166.092
  70.545  139.302 -168.650
  63.196  125.623 -158.726
  80.987  154.295 -178.684
  74.347  153.399  172.553
  66.023  146.583 -168.463
  64.925  157.352 -172.971
  68.057  147.519 -172.046
  66.590  140.818 -163.285
  60.641  151.166 -160.083
  73.369  153.936  172.330
  73.569  144.230 -156.194
  63.325  151.608 -173.984
  74.231  151.671  179.222
  63.163  175.566  169.854
  69.494  137.916  175.800
  68.635  158.436 -164.228
  65.246  138.894 -178.598
  62.470  149.751 -177.739
  76.649  155.208 -174.415
  67.128  152.112 -168.751
  69.500  146.985 -165.916
  76.712  147.172 -164.222
  54.194  159.032 -163.202
  65.978  142.363 -178.451
  65.977  158.841 -172.532
  68.872  156.289 -165.272
  77.025  159.399  172.399
  69.390  152.497 -167.622
  68.277  145.720 -158.294
  65.717  141.480 -170.350
  58.898  157.058 -163.250
  63.531  144.795 -160.014
  67.703  150.641 -170.700
  57.358  145.402 -166.344
  67.278  147.618 -154.967
  59.609  163.119  178.304
  66.406  158.248 -173.533
  58.663  158.231 -172.124
  75.782  142.309 -174.340
  64.880  148.234  161.232
  53.034  153.521 -171.435
  65.830  146.258 -164.406
  56.153  151.713 -163.308
  62.562  159.782 -165.890
  58.684  157.925 -159.324
  64.693  152.168 -176.493
  70.748  148.612 -173.208
  62.420  168.203 -164.058
  61.381  148.939 -152.456
  78.146  138.033 -167.915
  67.510  150.874 -171.395
  66.234  158.688 -166.525
  69.098  156.306 -169.607
  75.349  142.248 -157.567
  67.977  156.765 -144.438
  58.378  153.346 -168.062
  73.210  150.776  178.676
  58.379  159.493 -171.437
  76.530  140.713 -174.224
  73.164  140.488 -170.594
  61.199  147.720 -159.016
  58.103  150.085 -168.727
  66.650  151.419 -173.341
  79.617  144.022  169.543
  77.485  152.525 -174.976
  64.685  142.479 -162.478
  65.693  149.322 -163.476
  64.122  157.281 -171.506
  71.513  138.599 -179.365
  62.587  157.469 -177.759
  77.416  152.425  175.921
  63.751  154.799  173.469
  62.958  156.410  177.193
  71.464  158.971 -179.242
  73.819  154.904 -176.555
  65.839  156.442 -169.401
  78.995  148.765 -178.912
  62.820  152.198 -161.906
  54.874  153.049 -177.562
  64.362  147.733 -171.348
  61.502  154.939 -162.889
  65.947  149.735 -175.025
  63.669  158.216 -160.340
  76.902  159.498  175.841
  66.872  151.123  179.247
  56.902  143.584 -162.954
  63.554  150.538 -162.121
  71.890  145.738 -160.451
  79.636  149.807  176.159
  71.291  152.641 -174.951
  71.785  151.628  178.534
  65.904  163.595 -163.755
  63.879  141.296 -164.458
  66.719  140.807 -169.869
  76.998  138.329 -170.954
  64.744  142.656 -179.821
  61.527  162.997 -173.058
  67.178  157.718  168.700
  76.651  156.533  172.513
  62.625  152.389 -172.250
  67.811  156.577  178.457
  60.471  143.821 -160.915
  76.017  165.689  164.477
  54.620  157.311 -150.069
  70.764  150.180  179.392
  67.682  151.614  166.152
  55.856  154.890 -178.864
  69.788  143.166 -162.244
  77.550  155.753 -179.952
  66.424  163.209 -170.361
  60.501  154.121 -165.460
  71.359  153.713 -165.556
  66.221  146.601 -157.999
  71.175  144.101 -179.740
  80.285  139.874  168.138
  63.406  154.180 -158.563
  55.579  141.707 -173.002
  61.369  155.772 -160.464
  68.102  152.813 -157.246
  66.235  146.791 -169.757
  81.640  154.053  178.772
  66.002  139.057 -161.945
  62.549  160.524 -169.594
  72.879  150.273 -176.002
  60.137  154.244 -166.888
  70.165  165.262 -175.766
  62.636  156.594 -165.084
  86.142  152.867  175.630
  57.897  155.678 -161.573
  80.031  149.807 -173.402
  80.977  153.547  176.762
  60.676  156.506 -151.714
  70.808  155.070  171.594
  57.226  152.186 -162.179
  62.099  158.991 -165.744
  60.892  168.973 -175.513
  78.265  145.127 -168.638
  74.178  140.162 -157.119
  73.586  159.362  177.300
  68.830  138.933  171.049
  69.357  153.574 -177.992
  70.893  159.599  169.441
  47.417  152.543 -163.327
  60.488  149.446 -177.220
  68.079  152.186 -173.786
  66.294  152.540 -163.478
  65.053  156.607 -156.522
  65.059  144.922 -167.918
  75.099  157.281 -168.069
  75.758  151.582 -176.696
  67.777  147.409 -161.843
  63.020  141.505 -170.127
  66.118  149.112 -164.196
  69.620  156.635  179.475
  77.147  159.144  165.960
  50.510  152.212 -171.357
  78.843  149.830 -176.527
  61.027  150.025 -161.174
  62.845  145.958 -150.056
  62.879  138.717 -174.604
  73.106  163.451 -168.161
  66.067  157.493 -161.445
  66.174  162.125  171.097
  61.383  147.338  176.339
  63.189  159.111  166.268
  58.252  155.244 -147.348
  69.890  140.347 -162.302
  73.378  141.039 -176.983
  66.057  166.609 -171.830
  74.848  148.517  177.087
  67.125  150.675 -172.870
  54.165  142.564 -177.514
  68.560  156.083 -167.968
  82.449  161.062 -162.281
  61.091  141.110 -175.734
  73.430  155.002  172.708
  57.526  148.890  179.184
  65.987  155.370 -168.751
  47.379  154.652 -158.992
  68.612  143.106 -167.078
  69.186  141.367 -155.859
  60.908  162.624  172.239
  71.088  155.173 -162.030
  67.022  154.034 -160.639
  66.195  153.113  170.525
  62.705  151.703 -169.807
  75.601  159.125 -171.867
  64.012  160.546 -173.376
  66.123  140.259 -166.233
  73.272  152.394 -148.680
  68.540  168.527 -175.604
  54.156  149.092 -171.457
  69.983  138.664 -173.166
  64.782  160.707 -166.205
  72.236  161.746 -168.864
  70.141  148.895  168.301
  73.860  146.500 -171.370
  70.886  144.304 -161.719
  78.477  146.881 -174.169
  60.152  146.222 -156.602
  77.409  159.500  176.863
  71.220  135.713  179.154
  64.486  150.559 -171.532
  62.938  159.903 -174.479
  60.240  145.586 -175.083
  67.856  133.327 -161.309
  68.120  144.372 -163.449
  72.666  148.644 -171.548
  70.958  140.759 -176.333
  69.849  135.827 -165.063
  76.119  144.589  177.979
  68.861  147.006 -179.807
  73.341  148.275 -171.939
  76.500  137.533 -165.250
  61.252  140.712 -175.398
  76.979  169.572  169.308
  67.008  154.418  175.447
  60.042  170.860 -175.419
  62.067  156.374 -165.837
  73.908  149.427  176.133
  66.873  158.797  176.929
  55.939  152.201 -156.891
  59.980  156.707 -179.918
  67.615  155.759  174.236
  71.641  148.163 -166.218
  66.317  147.298 -162.052
  63.078  159.361 -155.854
  72.269  154.425 -169.245
  79.157  156.710 -168.649
  62.984  160.086 -171.707
  62.715  149.800 -177.652
  61.201  136.078 -166.819
  66.069  148.097 -164.237
  69.459  140.014  176.416
  72.964  150.771 -177.608
  71.617  167.765  173.910
  59.943  149.043 -148.583
  68.443  159.571 -172.274
  67.770  156.747 -165.692
  56.361  163.757 -178.595
  72.260  157.323  172.599
  75.510  155.904 -169.738
  73.113  156.647 -174.244
  66.456  151.373 -171.525
  76.822  151.748  176.207
  57.131  156.886  177.348
  66.336  163.355  173.304
  61.318  154.954 -172.449
  68.704  148.304 -175.150
  69.626  136.764 -170.466
  68.267  149.128 -176.415
  68.265  152.688  167.166
  69.903  151.345 -173.512
  63.293  142.033 -172.576
  68.774  149.550  179.697
  70.912  153.916 -173.941
  72.076  144.426 -171.175
  70.453  156.755 -167.691
  68.037  155.896  174.561
  64.746  158.848  177.232
  64.008  154.351 -177.061
  64.706  142.184  176.610
  65.948  151.961 -176.699
  73.549  164.559 -178.068
  64.336  154.703  168.202
  72.259  136.605 -169.183
  62.737  146.280 -179.445
  70.901  145.914 -165.283
  60.455  158.661 -167.539
  74.580  159.054 -175.442
  56.217  153.948 -178.812
  60.646  147.626 -176.155
  55.946  153.858 -170.096
  67.838  155.323 -162.698
  65.282  147.742 -169.355
  67.937  136.561 -177.660
  59.909  154.791  177.969
  68.324  152.597 -167.953
  65.328  163.086 -178.381
  74.390  142.086 -162.590
  64.162  151.986 -161.649
  68.706  145.560 -170.041
  67.628  155.023 -176.064
  66.028  162.282 -172.650
  69.908  159.103 -173.956
  70.417  151.168 -176.264
  70.229  152.048 -176.474
  66.429  151.576 -165.280
  54.535  152.937 -151.557
  54.070  145.114 -167.488
  79.697  141.316  172.923
  74.043  147.558  160.903
  68.467  144.953 -169.552
  71.004  139.364 -172.290
  59.500  153.464 -163.109
  69.930  148.663 -165.372
  63.769  153.120 -172.751
  71.905  159.329  176.889
  62.147  153.350 -175.490
  58.284  160.431 -173.791
  74.947  144.100  158.547
  73.342  149.127 -173.954
  71.435  140.904 -169.577
  76.621  162.281 -179.564
  75.590  152.782 -173.324
  83.105  147.035 -172.231
  63.896  155.134 -170.147
  59.857  141.650  177.360
  57.465  147.030 -162.417
  75.918  154.347 -174.758
  71.102  158.901 -156.280
  65.631  153.993  167.815
  61.693  150.581 -176.133
  66.387  159.524 -175.219
  62.530  150.071 -172.136
  70.141  145.979 -172.385
  73.391  156.645  160.449
  70.681  143.139 -149.074
  58.069  158.223 -176.044
  63.756  172.599 -148.215
  73.708  149.844 -172.730
  62.421  153.103 -173.915
  66.192  148.293 -169.829
  73.657  151.594 -175.166
  79.852  149.367  176.323
  57.513  147.988 -166.762
  72.939  150.640 -165.816
  64.051  143.919 -168.197
  61.473  154.375 -168.882
  69.730  153.226 -170.483
  53.156  153.416 -168.586
  77.067  154.169 -179.909
  61.003  149.096 -166.847
  75.945  151.969 -161.249
  52.476  140.767  169.349
  60.000  159.929  176.499
  60.385  134.761 -175.014
  69.150  148.356 -172.913
  62.607  156.374 -160.516
  71.614  137.232 -160.030
  66.871  162.995 -164.177
  63.548  159.407  172.845
  65.416  137.448 -166.323
  70.242  153.510  175.364
  73.836  147.368 -176.695
  59.776  147.782  178.725
  66.863  155.602 -168.418
  56.173  160.727 -162.169
  71.472  139.938 -162.895
  62.850  153.518 -167.251
  70.741  144.632 -176.547
  80.012  167.765 -172.623
  53.270  152.444 -174.520
  78.866  141.908 -179.647
  74.505  155.233 -171.850
  73.506  151.587 -168.960
  68.393  144.456 -159.821
  57.853  148.261 -165.097
  57.234  143.741 -169.995
  81.632  155.901  177.219
  80.990  154.788 -175.243
  66.235  160.486 -171.978
  59.292  160.320  179.685
  81.726  151.777  179.142
  65.057  160.740 -172.119
  67.018  157.734  178.493
  68.974  155.147  174.766
  64.798  153.546 -173.077
  70.005  145.207 -177.013
  58.878  156.547 -157.385
  70.324  156.430 -170.108
  78.491  144.055 -172.795
  67.984  152.141 -170.619
  65.428  147.985 -170.098
  66.526  143.909 -177.685
  66.862  145.344 -176.223
  78.168  162.832 -176.164
  60.496  144.903 -170.499
  65.432  154.412  168.590
  68.601  153.331 -162.556
  59.544  154.712 -170.329
  75.148  131.523 -169.533
  62.199  152.474 -174.422
  48.427  160.044 -157.808
  59.773  151.606 -175.720
  64.593  145.862  178.904
  68.497  140.126 -173.418
  68.591  143.112 -169.532
  73.258  148.632 -169.144
  75.270  154.483 -179.357
  67.777  157.586 -164.913
  64.883  154.377 -172.002
  63.976  139.958 -172.384
  80.867  151.691  179.710
  54.374  156.445 -174.221
  67.641  159.280 -172.172
  67.607  154.397 -170.176
  66.052  156.326 -158.045
  69.323  175.549 -177.207
  75.043  152.357 -169.285
  58.288  153.526 -163.379
  73.426  148.193 -174.315
  70.202  148.050 -159.210
  60.438  152.266  172.907
  58.755  148.665 -159.892
  61.689  154.409 -163.254
  67.004  152.426 -177.272
  70.018  158.304  174.697
  63.852  154.669 -167.997
  65.181  142.143 -176.466
  76.035  140.537 -171.983
  75.299  153.751 -176.227
  70.843  160.920 -170.147
  68.302  149.687  178.691
  72.486  160.379  175.454
  64.133  167.864 -176.065
  81.499  156.447  178.391
  68.416  157.365 -172.643
  76.730  151.895 -167.875
  61.451  147.032 -173.842
  67.187  154.962 -160.418
  71.694  144.983 -175.894
  76.029  150.611 -173.251
  62.187  148.277 -167.792
  58.223  151.528 -176.468
  72.027  165.017  177.915
  77.370  150.284 -177.742
  66.490  144.574 -167.822
  57.969  149.410 -147.615
  62.369  153.270 -159.816
  65.407  152.934 -170.492
  56.576  150.133 -171.750
  65.310  158.036 -162.630
  56.808  146.573 -169.103
  76.270  152.088  167.344
  57.201  164.671 -167.358
  65.935  156.785 -177.169
  51.892  141.421 -170.926
  76.743  155.897 -178.965
  73.238  161.076 -173.613
  77.234  137.779 -170.170
  74.931  168.729 -176.123
  75.064  136.531 -172.167
  80.246  146.971 -171.305
  65.921  163.668 -170.902
  64.888  152.761 -161.050
  76.038  151.083 -171.935
  69.435  157.745 -175.264
  67.744  144.657 -176.441
  74.344  145.206  176.909
  72.776  147.973 -164.886
  66.536  167.997 -169.382
  59.308  151.676 -162.760
  70.644  151.877 -172.428
  65.414  164.265 -166.012
  69.135  149.203 -174.728
  73.444  143.832 -167.562
  76.273  157.610  176.196
  63.100  146.694 -161.428
  68.999  151.029 -164.932
  79.993  157.189  173.883
  66.463  156.710 -173.626
  68.984  159.088 -172.784
  78.885  142.979  166.750
  68.344  163.629 -179.926
  63.573  150.920  170.589
  67.542  153.030 -179.079
  66.854  155.561 -160.447
  67.992  168.336  174.874
  73.600  139.750  173.946
  78.916  148.339  170.621
  76.213  146.138 -173.983
  68.329  145.071 -173.582
  74.559  148.439 -173.011
  65.417  147.875 -175.406
  69.762  144.771  171.034
  60.553  150.555 -163.331
  68.144  165.520 -166.338
  69.603  164.384 -178.940
  65.391  142.226 -157.126
  68.464  145.068 -164.505
  68.211  156.242 -168.539
  68.837  165.441 -163.734
  73.858  158.059 -178.611
  58.558  146.679 -157.744
  60.437  155.537 -172.632
  66.800  150.383 -160.960
  75.568  141.218 -175.125
  71.131  149.953 -165.958
  70.378  153.113 -168.067
  71.691  152.554 -178.035
  51.979  152.158 -167.597
  79.394  139.001  175.966
  68.721  161.025 -171.845
  73.679  152.552 -179.876
  66.676  159.826  174.776
  62.355  157.362 -175.654
  66.972  148.003 -171.594
  83.241  151.371 -179.552
  65.426  133.455 -167.476
  67.781  146.231 -165.192
  59.601  136.883 -170.127
  90.016  148.404  169.540
  51.139  165.987 -178.595
  55.773  136.989 -167.832
  71.476  150.488  172.947
  63.701  148.037 -164.145
  70.311  143.148  178.992
  64.616  145.056 -154.944
  56.735  150.209  174.063
  74.191  157.369  171.197
  63.804  139.086 -169.683
  69.390  151.732 -177.406
  66.422  165.232 -168.340
  66.815  152.522 -175.774
  64.138  161.776 -164.965
  68.185  157.374 -168.211
  58.653  154.390 -166.325
  76.942  152.012  179.525
  75.221  149.543  170.436
  73.274  142.140  178.925
  68.421  148.490 -162.871
  71.264  144.704 -171.689
  74.976  156.301 -167.575
  72.066  164.931 -175.609
  70.456  168.103 -175.033
  69.891  147.702 -170.999
  69.315  144.803 -172.758
  56.853  154.780 -164.710
  59.129  148.652 -158.835
  71.508  153.198 -177.138
  68.586  149.995 -167.705
  58.232  146.264 -168.100
  71.265  145.932 -170.083
  68.118  158.043 -177.572
  74.185  147.083 -179.826
  65.420  140.977 -168.834
  62.626  142.565 -159.769
  79.389  151.045  176.154
  72.681  154.740 -165.190
  69.690  154.461  179.208
  57.233  152.614 -176.009
  78.494  139.245  172.846
  73.519  158.581 -167.016
  73.125  155.661  170.929
  63.141  153.132 -166.724
  64.943  151.625 -160.413
  67.054  145.843 -175.451
  69.057  155.668  172.323
  71.375  154.313 -173.027
  70.393  164.283 -171.907
  73.172  153.338 -166.446
  62.549  165.586 -169.841
  52.577  153.859 -160.993
  67.675  160.252 -171.919
  72.499  149.449 -170.805
  60.448  130.284 -176.927
  62.079  166.164 -159.416
  68.371  148.263 -157.760
  70.791  148.858 -150.943
  60.076  155.253 -158.055
  73.973  139.284 -171.896
  56.004  152.982  174.140
  72.621  151.741  171.795
  82.993  150.282  173.479
  75.380  160.013  173.417
  57.794  149.951  179.614
  73.847  152.932  178.562
  65.804  149.193  174.533
  69.830  156.987 -167.923
  68.723  163.417 -173.684
  69.576  148.736 -164.026
  64.367  148.695  173.069
  70.344  149.153  169.475
  73.086  155.624 -176.415
  68.114  152.374 -165.085
  68.596  144.207 -171.184
  63.444  163.349 -174.920
  75.058  149.058 -174.364
  65.777  154.115 -155.932
  67.279  140.218 -161.832
  63.365  144.192  174.816
  64.308  146.736  178.842
  76.468  155.544 -171.327
  62.338  150.384 -158.778
  61.027  140.052 -177.097
  69.848  154.246 -165.562
  56.623  159.450 -171.221
  73.252  148.040 -178.833
  67.536  142.593 -150.045
  61.224  156.616 -176.006
  60.332  151.472 -174.534
  68.420  149.300 -163.659
  64.049  137.286 -166.008
  71.258  149.247 -177.637
  69.849  139.565 -155.821
  64.783  152.418  178.756
  59.621  152.038  163.781
  74.412  162.942 -169.640
  77.896  156.858  172.576
