 -26.181  129.112 -177.390
 -23.274  132.606  176.526
 -26.137  137.619  171.673
 -15.478  124.426  163.248
 -21.473  124.457  167.626
 -32.142  136.951  155.496
  -7.514  115.325  152.584
  -7.255  124.652  178.660
  -9.751  119.688  151.598
 -19.245  138.329  156.217
 -20.711  139.034  175.851
  -5.962  108.080  164.740
 -21.963  137.177  145.085
 -34.271  130.594  165.557
 -30.407  129.139  170.067
 -21.099  131.828  159.926
 -11.401  127.564  166.128
 -21.024  125.130  179.934
 -19.125  119.994  164.935
  -9.311  129.009  168.334
 -18.103  133.398  142.613
 -34.354  133.827  154.730
 -16.575  126.879  158.417
 -14.712  133.401  155.937
 -22.444  130.012 -176.746
 -18.890  123.292 -169.676
 -15.361  123.531  153.444
 -24.616  120.387  175.154
 -12.530  114.050  166.208
 -22.829  129.908  167.120
 -31.657  122.135  179.783
 -22.397  137.518 -179.627
 -13.104  133.427  157.298
 -25.095  127.114  161.146
 -15.438  122.054  175.941
 -19.262  129.705 -166.033
 -27.884  139.662  164.454
 -13.475  128.429  160.231
 -11.302  124.883  168.913
 -11.121  114.855  152.552
 -29.974  136.034 -176.382
  -8.002  123.436  169.294
 -18.396  128.086  158.837
  -8.992  123.916  168.143
 -16.073  125.215  152.380
  -6.113  130.822  165.569
 -16.842  129.327  168.730
 -25.422  134.149  154.012
 -19.066  140.171  158.210
 -26.257  139.099  153.038
 -23.690  127.254  157.788
 -13.983  115.815  174.943
 -17.235  117.816  161.118
 -27.517  116.681 -177.353
 -27.891  117.842  178.052
 -16.393  127.301  176.835
 -22.008  141.452  165.282
 -14.982  119.600  144.854
 -21.807  129.509  161.002
 -22.256  124.372  152.192
 -27.502  137.287  153.273
 -14.846  106.153  154.264
 -29.345  144.559  164.134
 -33.978  131.103  152.684
 -24.439  120.305  159.775
 -26.025  147.269  166.735
 -27.246  124.927  171.547
  -9.046  125.210  163.243
 -22.629  132.136  157.695
  -9.009  126.499  164.210
 -11.714  113.887  172.724
 -23.814  135.569  170.977
 -13.717  134.508 -171.717
 -21.935  118.872 -177.396
  -4.090  124.293  139.817
 -19.056  144.369  158.135
  -8.207  120.406  174.717
 -15.874  135.732  159.225
 -16.486  139.302  164.635
 -16.131  139.055  154.982
 -22.939  127.140  169.663
 -12.759  125.850  151.542
 -25.114  128.706  167.758
 -16.000  123.169  150.910
 -12.296  128.089  164.918
 -16.748  130.937  173.693
 -27.927  129.033  161.644
  -6.599  132.813  158.662
 -13.507  126.422  173.389
   1.731  133.740  179.774
 -17.185  129.758  157.774
  -8.452  124.553  171.302
 -18.535  131.088  130.828
 -18.181  133.450  155.628
 -25.397  140.004  159.563
  -8.633  123.447  150.770
 -19.220  125.394  152.574
 -11.077  130.756  149.917
  -6.943  125.310  157.140
 -22.219  134.709  149.457
 -12.852  137.630  167.139
 -23.007  147.461  168.554
 -22.615  133.258  178.816
 -23.066  139.036  175.703
 -31.243  136.514  158.719
 -13.620  132.644  160.003
 -31.387  134.048  160.172
 -14.711  125.237  154.874
 -21.377  129.693  172.858
  -0.270  119.669  167.395
 -27.584  127.361  159.308
 -20.222  136.057  145.002
 -25.267  143.657 -179.158
 -25.866  129.516  150.656
 -18.902  146.044  158.444
 -18.116  118.798  165.837
  -4.194  114.387  170.427
 -16.821  139.256  161.765
 -22.852  127.418  165.111
  -4.585  126.435  154.617
  -8.280  134.584  173.653
 -27.866  128.104 -174.601
  -7.206  127.246  148.079
   0.385  133.602  175.171
  -9.716  121.455  176.764
  -5.744  128.142  150.494
 -15.104  135.009  141.413
 -19.414  143.880  159.987
   1.968  105.453 -177.490
  -4.548  107.609 -164.631
 -23.734  125.379  157.196
 -27.220  131.513  177.662
 -17.012  119.342  147.412
 -22.941  134.239  156.862
 -22.738  124.826  170.336
 -15.532  133.705  158.012
 -24.000  144.846  156.344
 -16.483  123.545  170.562
 -23.249  130.372  165.266
 -19.698  129.495  167.202
 -26.400  120.850  179.018
 -25.341  130.386  178.361
  -9.874   98.316 -165.434
 -14.193  126.410  142.702
 -24.978  128.698  162.551
 -24.983  124.886  174.454
 -20.712  123.839  157.536
 -23.862  122.478  162.318
 -15.469  127.163  149.621
 -16.225  116.302  163.154
 -23.674  140.220  167.311
 -28.553  129.895  164.370
 -13.542  116.240  164.068
 -13.741  122.890  161.449
 -19.366  134.454  150.767
 -24.691  133.630  150.132
 -11.923  124.752  152.726
 -11.285  129.768  154.814
 -25.718  117.710  176.036
 -33.519  135.897  164.043
 -18.236  140.010  146.872
 -12.228  134.385  159.729
 -11.219  140.534  161.817
 -14.749  139.208  160.685
  -5.246  123.053  162.445
 -15.969  125.342  142.801
 -12.894  114.380  157.757
 -25.992  132.664  173.511
 -13.734  113.069  176.582
 -21.477  121.311  173.611
 -16.529  126.635  152.435
  -8.911  134.204  171.880
 -25.437  142.708  144.226
 -14.852  131.424  173.599
  -4.500  125.155  165.523
 -21.711  140.569 -174.363
 -14.845  127.933  150.237
  -6.759  111.510  163.845
  -9.526  130.894  169.699
 -19.937  130.351  155.135
 -21.404  127.034  172.673
 -12.384  130.048  158.065
 -33.179  133.527  178.296
  -9.590  122.352  156.855
 -21.003  124.047  168.842
  -4.319  135.979  167.385
 -14.756  122.423  166.146
 -17.013  120.601  169.274
  -8.280  137.329  150.247
 -24.043  132.871  166.345
 -19.665  129.536  161.379
  -9.365  134.321  172.847
 -13.875  123.118  172.414
 -29.372  131.746  176.828
 -18.504  133.239 -176.862
 -29.683  130.024  163.451
 -24.264  138.468  167.164
 -13.043  122.458  164.074
 -25.292  121.294  178.821
 -19.693  130.618  167.714
 -15.645  121.504  160.974
 -11.961  137.640  166.495
 -32.260  127.599  157.562
  -9.724  122.137  164.820
 -38.472  132.432  163.783
  -7.456  121.831  159.643
 -18.427  137.316  170.611
 -22.657  128.866  156.049
 -18.401  134.968  156.582
 -11.763  117.176 -172.047
 -31.766  150.420  171.274
 -17.873  119.346  162.509
 -20.158  128.280  171.192
 -12.468  126.115  158.891
 -11.006  124.008  165.733
  -8.340  132.684  174.307
 -20.771  126.765  158.394
   4.399  109.125 -174.569
 -16.353  130.171  169.490
 -31.865  144.795  164.048
 -17.040  130.670  176.094
 -19.822  119.498  154.857
 -15.326  131.883  160.703
 -18.050  122.269  173.927
  -6.362  127.741  156.525
 -21.656  134.336  167.512
 -27.395  127.358  172.019
 -13.180  128.262  163.609
 -21.155  123.459  152.789
  -9.141  130.418  150.795
 -16.537  140.268 -175.753
 -24.153  118.939 -178.724
  -7.426  127.702  147.952
 -20.804  133.893  171.142
  -8.739   95.257 -163.726
   3.126  128.163 -179.778
 -11.226  126.731  154.596
 -17.895  108.393  172.155
 -12.349  114.915  165.740
 -32.017  142.753  160.422
  -9.036  128.339  171.862
 -28.822  137.295  173.904
  -2.300  138.469  161.945
 -32.736  128.816  148.867
  -7.316  128.303  167.213
  -6.855  136.203  136.710
 -33.250  144.628  169.013
 -26.314  120.423 -177.364
 -15.488  122.860  145.247
 -11.187  133.125  160.687
 -18.436  119.657  166.161
 -16.990  121.765  170.049
 -12.719  130.473 -164.596
 -11.217  122.282  179.171
 -21.292  127.795  164.994
 -32.101  125.478  173.187
 -18.645  140.916  159.800
 -15.271  123.593  165.695
 -16.234  124.663  164.563
 -21.875  131.919  164.188
  -5.814  123.539  164.185
  -7.786  131.608  174.081
 -15.791  127.501  168.479
 -18.776  133.550  168.207
  -8.014  116.010 -174.232
 -27.779  124.389  176.462
  -4.915  108.646  153.121
 -22.127  134.629  144.414
  -8.399  135.902  148.617
 -14.973  144.774  162.085
 -13.492  115.479  152.383
 -29.027  132.736  144.490
 -19.816  135.105  173.510
 -32.511  128.671  174.582
 -19.538  146.844  154.226
  -0.954  123.161  162.335
 -27.738  143.481  153.845
 -20.811  116.027  149.880
 -26.435  130.248  167.422
 -20.784  133.372  141.865
 -33.585  132.975  162.297
 -22.036  143.285  162.078
 -12.327  118.370 -173.145
   0.704  129.722 -178.588
 -27.261  125.507  156.899
  -9.805  121.354  139.374
 -26.965  124.704  159.599
 -17.683  123.009  156.252
  -9.261  143.027  162.903
 -25.739  129.074  155.366
  -8.827  119.967  149.181
 -28.410  137.515  177.178
 -12.936  123.242  156.082
 -19.186  133.584  172.214
 -23.380  130.628  154.934
 -19.648  129.853  165.165
 -23.156  142.957  152.256
 -15.204  112.446  171.987
 -18.474  127.498  164.068
 -25.388  109.671  158.532
 -19.318  134.731  163.911
   1.123  113.061  166.787
 -13.771  126.145 -178.113
 -23.623  123.440  154.510
 -36.173  127.574  149.456
 -26.340  130.473  164.434
 -19.488  112.114 -171.707
 -31.677  125.857  160.976
 -23.679  125.007  167.042
   7.284  123.702  169.120
  -7.486  127.271  144.401
 -13.418  118.358  153.272
 -19.286  128.986  163.837
 -11.600  138.532  155.101
 -19.629  121.911  156.326
 -19.660  131.874  167.239
 -19.312  128.635  145.253
  -8.367  127.426  151.783
 -25.572  119.448  166.238
 -26.143  131.732  147.897
 -27.283  134.779  162.816
 -24.946  124.613 -179.306
 -23.663  133.559  171.075
 -19.371  133.487  159.232
 -14.355  133.840  157.039
 -27.985  128.583  172.811
 -15.384  135.324  150.123
 -12.773  133.048  149.292
 -29.984  135.112  156.444
 -20.135  132.927  156.432
 -25.201  135.828  150.031
 -22.997  132.754  153.458
 -27.894  132.745  155.933
 -15.040  110.822  156.281
  -6.437  130.227  160.851
 -11.606  130.645  167.081
 -17.926  126.120  156.091
  -8.287  131.307  147.233
 -34.522  121.720  162.876
 -27.020  135.866  166.458
 -19.122  130.758  173.236
 -12.568  125.883  158.439
 -15.326  124.316  161.203
 -23.923  122.500  159.208
 -15.787  129.364  138.562
 -11.750  136.260 -179.393
 -25.918  138.056  162.875
 -21.032  131.337  170.464
  -6.623  126.593  164.230
  -8.379  114.156  175.855
 -25.937  126.183  160.171
 -14.084  138.236  151.714
  -1.382  110.851  160.456
 -20.967  135.367  164.485
 -18.352  113.103  174.055
  -3.549  123.534 -174.575
 -23.136  129.748  178.715
 -11.158  140.383  153.197
 -22.899  133.452  162.856
 -25.729  139.162  167.775
 -32.164  141.290  161.521
 -22.112  114.049  167.773
 -14.109  142.475  171.047
 -10.829  117.756  145.907
 -14.213  125.324  165.272
 -25.109  132.765  173.258
 -10.869  126.958 -179.980
 -26.091  135.393  171.554
 -15.936  122.378 -176.481
 -31.313  142.904  171.495
 -16.440  129.878  171.357
 -11.742  130.155  158.994
 -24.751  131.101  163.712
 -11.045  139.391  152.823
 -30.457  128.705  179.027
 -21.527  132.885 -170.427
 -23.460  121.169  150.173
  -9.875  115.804  172.762
 -11.795  113.361  172.841
  -2.293  108.982 -158.344
 -13.985  128.775  173.359
 -27.493  128.555  154.881
   2.739  131.731 -179.166
 -24.146  116.374  171.155
 -18.152  132.297  174.378
 -17.024  138.101  165.177
 -16.268  120.210  145.399
 -37.032  132.764  164.875
 -13.733  122.359  164.854
 -12.482  112.369 -176.404
 -17.451  132.554  166.152
 -11.079  128.786  170.301
 -25.597  138.631  178.729
 -10.321  129.947 -167.903
 -20.907  121.702  151.071
 -11.150  125.191  164.885
  -8.463  122.059  161.710
 -21.106  132.786  175.354
 -11.720  134.936  153.152
 -24.363  137.660  157.658
 -17.539  115.613  158.273
  -5.892  119.172  160.458
  -9.481  141.980  161.285
 -26.320  137.020  174.390
 -14.060  140.307  148.701
 -15.561  129.890  138.202
 -27.733  134.111  158.057
 -27.098  129.251 -177.305
  -9.845  124.261  176.895
 -21.385  133.105  169.383
 -20.575  138.638  156.380
 -23.142  136.220  152.212
  -5.082  128.878  170.457
 -26.831  119.313  173.572
 -16.238  128.071  156.004
 -23.659  124.533  151.942
 -23.282  126.107  166.711
  -0.389  122.808  156.605
 -26.583  125.891  173.949
  -4.425  127.326  150.396
 -12.411  120.307  178.219
   2.625  123.711 -177.876
 -21.089  137.970  160.220
 -16.815  121.828  171.903
  -5.823  133.302  164.269
 -12.100  121.145  166.404
 -17.327  134.925  144.949
  -7.356  122.621  142.468
 -26.903  117.342 -176.207
 -11.199  124.267  171.052
 -36.521  129.863  168.580
 -21.801  133.085  159.108
 -10.247  124.113  169.420
 -16.865  131.492  164.895
   7.393  113.010  176.718
 -25.698  137.480  153.809
 -31.210  136.064  173.944
 -28.212  129.225  168.948
 -26.817  132.779  158.904
 -19.720  139.599  166.742
  -7.571  132.269 -171.365
 -29.941  138.244  165.563
 -14.520  140.825  172.173
 -28.514  137.922  152.307
 -15.718  119.872  146.790
 -22.308  141.431  151.141
 -12.178  133.017  152.711
 -25.811  135.943  146.648
 -25.257  124.187 -171.571
 -12.629  139.002  173.507
 -19.624  141.173  169.169
   2.399  123.950  166.544
 -27.978  119.961 -176.304
 -19.899  132.818  170.398
 -12.543  121.062  162.427
 -29.254  133.397  157.108
 -20.856  131.151  178.542
 -12.746  137.980  176.687
 -17.510  124.311  163.063
 -16.977  125.390  168.008
  10.520  124.614  155.896
 -13.081  119.700  179.519
 -22.279  116.975  163.462
 -18.147  136.609  178.316
  -9.950  119.480  169.327
  -7.745  130.543  167.433
 -10.318  131.014  148.722
 -19.294  135.701  169.954
 -23.086  122.084  156.534
 -32.888  135.525  165.746
 -21.509  130.003  158.386
   0.853  112.910 -160.990
  -4.649  125.829  178.546
 -23.647  118.770  170.776
 -24.018  138.365  155.316
 -16.034  137.652  166.725
 -14.361  120.225  147.494
 -19.871  122.283 -179.723
 -22.264  110.983  174.590
 -22.879  134.718  159.736
  -4.049  137.006  141.616
 -15.189  111.522  171.029
 -19.894  132.607  158.825
 -28.711  126.602  164.921
 -12.826  126.283  164.338
 -19.447  132.484  166.700
 -18.691  125.377  162.359
 -16.104  126.788 -170.359
 -16.101  134.756  171.255
 -19.535  118.575  151.458
 -14.000  143.822  159.083
  -4.390  124.910  176.622
  -4.922  147.346  136.845
 -11.418  123.099  176.734
 -29.269  132.902 -176.030
  -9.365  121.297  178.017
 -15.432  129.905  158.207
   2.381  135.437  161.830
 -24.175  135.701  159.999
 -24.133  133.312  150.960
 -26.863  130.262  164.069
 -23.264  121.600  177.825
 -25.509  125.044  171.952
   3.380  105.514  164.056
 -23.297  133.619  169.775
 -16.578  127.998  160.190
 -25.277  126.737  169.322
 -12.047  142.048  164.741
 -25.755  129.910  160.242
  -5.774  122.076  167.797
 -15.195  133.558  163.428
 -10.980  126.670  161.640
 -23.152  117.713  153.193
 -22.508  126.414  164.206
 -19.436  129.515  159.984
 -23.069  141.042  177.400
  -6.051  122.269  150.822
 -14.822  132.519  152.430
 -12.611  129.793  170.519
 -24.699  130.974  160.229
  -9.558  137.655  136.882
 -15.764  123.437  145.127
  -9.955  132.100  149.631
 -37.492  124.163  163.916
 -21.466  132.390  155.567
 -20.210  128.215  168.365
 -20.463  124.470  159.776
 -20.157  135.091  146.463
 -18.317  121.486  164.911
 -19.364  132.559  166.954
 -30.137  121.095  156.645
 -12.923  131.266  171.805
 -20.081  136.091  168.024
 -26.180  124.754  159.358
 -21.292  125.264  154.307
 -19.507  125.548  173.333
 -23.207  126.902  154.494
 -18.175  132.660  153.800
   8.294  121.746 -144.854
  43.394  140.444 -169.754
 -24.056  124.139  179.914
 -30.230  130.741  168.474
  -9.451  126.818  163.320
 -29.599  130.055  161.597
 -10.328  123.478 -178.977
 -28.929  135.585  170.953
 -13.635  140.776  174.881
 -15.130  135.170  166.203
  -0.756  124.819  161.713
 -15.060  121.808  153.211
 -12.319  127.395  139.986
  -8.081  133.334 -171.529
 -28.207  134.582  166.541
 -16.758  134.876  175.558
 -14.286  123.132  177.509
 -19.220  138.661  141.830
 -20.384  141.119  166.092
 -15.434  136.391  151.296
 -16.027  132.815  166.015
 -27.814  125.509  163.331
 -18.869  138.251  167.801
 -19.549  121.456 -178.617
 -24.588  137.317  168.519
  -1.603  130.609  164.625
 -26.668  138.944  161.812
 -28.948  137.074  168.228
 -33.891  130.269  176.682
 -19.487  131.627 -175.197
 -27.757  142.938  164.853
 -18.329  129.441  158.747
 -27.031  125.811  155.606
  -8.537  131.955  163.712
 -21.602  135.730  170.985
 -14.838  133.720  167.139
 -12.049  133.298  163.086
 -34.100  125.206  178.434
 -20.081  138.973  163.723
  -1.228  128.341  173.794
 -16.779  137.954  157.736
 -21.921  131.310  158.646
 -12.808  119.924  172.230
 -24.409  136.124  164.603
 -10.095  114.565 -173.297
 -18.255  146.347  167.393
 -27.253  123.560  168.228
 -14.397  129.526  171.070
  -4.176  116.342  169.447
 -22.309  116.954  172.363
 -21.306  136.513  177.004
 -15.553  131.913  176.252
 -22.442  144.290  168.642
 -14.869  126.873  165.840
 -25.173  126.154  161.428
 -34.335  129.245  164.394
 -11.374  126.407  165.469
 -13.749  115.943 -179.825
 -19.131  115.116  165.254
 -27.771  134.899  148.690
 -31.060  134.233  170.468
 -19.872  131.910  166.275
  -9.467  121.186  149.405
 -11.337  118.473  156.383
 -30.307  136.662  165.035
 -32.933  136.906  155.643
 -13.130  144.035  156.406
 -14.863  111.655  154.170
 -35.034  133.265 -176.757
 -18.937  113.933  151.136
 -21.136  123.311  171.059
 -20.285  130.197  173.685
 -14.889  122.494  174.626
 -35.374  134.131  159.786
 -32.829  121.740  167.542
 -39.977  142.459  167.052
 -25.348  121.219  162.453
 -23.367  146.497  168.920
 -15.603  119.433  179.892
 -11.092  140.837  152.211
 -23.528  134.475  161.860
 -15.306  127.827  178.031
 -19.471  120.870  158.349
 -15.908  116.994  164.822
 -21.546  126.849  175.203
 -18.044  125.874  159.440
 -18.383  121.004 -177.394
 -12.348  110.849  151.533
 -24.057  127.803  172.360
 -11.628  116.014  165.775
  13.743  128.863  174.039
 -17.324  125.574  154.886
 -14.104  135.821  160.060
 -14.420  133.352  145.694
 -32.118  141.918  151.295
 -20.016  136.846  170.267
 -26.312  127.932  170.525
  -1.906  135.000  155.758
 -16.523  143.059  163.724
  -9.976  129.409  154.966
 -34.216  132.148  158.812
 -14.992  134.305  175.184
 -14.997  136.651  161.822
 -22.129  126.895  158.366
 -17.614  138.391  152.033
 -20.607  127.666  157.516
 -14.811  132.390  160.679
 -23.948  136.177  173.531
  -6.365  126.315  160.953
 -12.741  129.459  151.194
 -24.174  135.782 -172.349
 -19.145  128.193  146.872
 -10.130  116.357  157.112
 -14.430  130.945  153.578
 -26.182  121.388  179.716
  -4.380  120.082  176.862
  -7.724  126.440  169.911
  -1.599  132.799  139.968
 -14.624  131.914  153.111
 -20.269  119.124  172.284
 -21.325  130.713  151.637
 -22.822  135.732  167.536
 -18.578  129.388  172.957
 -23.879  134.920  157.972
 -22.298  118.327  153.397
 -23.625  128.174  148.086
 -10.664  139.657  162.390
  -7.326  144.427  153.872
  -4.216  119.848 -168.036
  -6.162  137.650 -178.098
 -27.027  135.883  154.423
 -19.448  131.554  178.307
 -14.151  115.276  149.367
 -24.690  135.802  146.708
 -15.904  136.730  160.842
 -29.389  138.661  155.942
 -12.142  127.157  157.267
 -21.222  128.711  164.798
 -14.745  126.176  159.168
 -21.115  133.114  164.869
 -27.661  131.400  179.253
 -16.022  134.840  167.362
 -18.847  129.123  162.288
 -25.738  126.744  152.949
 -20.174  130.371 -174.890
 -27.866  125.320  152.161
 -26.961  122.644 -172.124
 -25.279  141.401  160.988
 -30.372  128.211  163.986
 -13.935  135.796  170.750
 -13.611  137.093  175.811
  -9.544  117.745  175.048
 -13.731  126.520 -177.393
 -17.510  130.953  147.251
 -16.341  128.994  171.453
 -16.222  134.568  171.238
 -10.912  137.439  158.825
 -25.461  134.560  159.992
 -13.063  119.304  179.575
  -9.428  114.554  170.591
 -25.932  116.449  179.029
 -25.638  135.122 -172.142
 -16.661  131.351  172.151
  -5.312  114.417  154.520
 -12.649  117.943  169.481
 -24.963  127.208  178.152
 -19.012  127.268  126.793
 -32.428  119.859  167.736
 -21.109  127.005  163.640
 -27.023  133.433  166.676
  -5.635  131.151  167.153
 -23.280  145.731  164.232
 -26.788  123.548  172.872
 -21.847  126.724  150.047
 -27.832  139.856  165.903
 -31.280  127.204  160.770
 -31.856  143.299  162.991
 -21.567  138.048  158.993
  -5.072  129.748  171.376
 -17.781  135.200  170.437
 -22.122  146.412  166.486
 -24.488  139.850  165.169
 -25.381  133.310  154.432
 -22.259  131.509  163.553
 -16.111  130.997  149.172
 -15.877  126.409  175.379
 -21.893  126.613  163.352
  -6.497  120.952  175.049
 -15.579  129.211  158.107
 -24.473  125.505  167.570
 -16.578  135.279  164.984
 -18.365  134.482  152.793
 -34.009  120.557  171.003
 -19.832  129.509  138.933
  -1.831  123.069  176.714
 -16.803  148.446  158.563
  -1.556  115.139  166.938
  -6.230  131.227  163.563
 -11.213  126.197  157.363
  -7.940  127.422  171.251
 -18.762  121.464  156.150
  -5.493  113.004  179.622
   2.966  139.266  163.722
 -20.690  127.474  167.138
 -19.051  146.245  167.904
 -25.534  129.249  161.332
 -16.220  131.685  177.605
 -12.871  138.657  167.994
  -8.888  113.559 -179.103
  -0.063  123.137  169.983
 -11.361  129.222  155.551
 -13.982  127.766 -175.384
 -36.143  136.454  167.130
 -27.059  136.244  177.754
 -31.857  131.420  179.053
 -11.496  125.140  167.441
 -22.844  135.140  156.133
 -20.486  121.736  156.546
 -16.958  131.538  163.392
 -17.535  135.171  158.502
 -29.212  137.518  167.438
 -20.610  131.878  160.415
 -31.517  137.145  177.064
 -24.889  121.313  164.259
 -36.943  135.647  155.395
 -28.706  131.969  164.304
 -22.823  129.964 -179.493
 -16.183  125.747 -178.051
 -10.518  117.782  166.263
 -24.654  135.407  155.278
  -5.282  124.370  178.939
 -19.778  126.227  148.033
 -20.032  130.431  160.766
 -30.224  126.257  160.852
 -24.136  137.571  161.471
  -9.705  127.640  151.337
 -21.038  130.911  172.834
 -29.098  123.678  155.227
 -30.980  125.543  167.303
 -20.623  126.397  178.524
 -16.811  132.739  159.364
 -28.424  143.596  150.936
 -10.050  125.689  163.879
 -16.830  132.093  157.753
 -20.012  135.718  160.937
 -20.769  138.600  162.612
 -13.104  119.479  163.099
 -27.284  133.226  158.332
 -33.184  128.179 -175.674
 -10.336  143.513  174.500
  -3.573  134.353  154.313
 -21.345  123.481  174.582
 -15.003  138.745  155.552
 -13.516  123.981  164.012
  -1.274  125.156  166.022
 -14.140  132.721  154.565
 -13.897  112.297  164.824
 -21.168  133.257  167.714
 -16.049  147.355  165.919
 -23.773  132.770  164.787
 -23.736  129.322  168.377
 -14.655  132.071  161.228
 -27.130  137.921  157.947
 -13.885  140.356  155.833
  -8.121  124.457  152.672
 -12.281  133.643  162.142
 -22.506  129.316  159.186
 -18.597  132.638  171.011
 -17.423  134.246  170.945
 -17.534  130.291  162.587
 -32.009  129.156 -176.001
 -23.329  141.454  168.766
 -11.259  129.470  170.009
 -11.769  130.117  171.636
 -29.334  131.903  163.613
 -29.829  125.623  167.617
 -14.566  120.785  154.341
 -14.714  119.825  151.057
 -23.296  131.891  169.212
 -14.446  135.117  159.388
 -21.613  120.408  152.197
 -17.781  129.597  167.707
 -16.530  119.563  159.941
 -27.235  130.339  173.533
 -23.509  137.637  160.599
 -25.094  139.273  158.349
 -11.442  120.395  151.907
 -21.812  116.815  157.612
 -13.333  127.534  171.255
 -17.565  121.858  164.913
 -30.459  137.276  160.238
 -11.157  117.579  163.774
  -9.586  133.425  174.055
  -3.553  130.350  176.060
  10.831  122.781 -171.475
 -23.550  118.556 -179.870
 -18.988  122.407  153.172
 -10.887  132.967  160.707
 -13.447  135.592  169.300
 -26.546  128.941  160.499
  -6.362  120.929  149.573
 -23.248  141.301  156.115
  -9.733  130.154  171.078
 -19.211  124.323  174.759
 -16.173  142.968  144.169
  -1.898  115.450  166.469
 -20.820  132.185  179.665
 -26.148  120.591  175.299
  -7.967  145.768  152.560
 -16.946  127.535  163.742
 -14.294  126.768  161.913
 -16.879  126.320  162.301
 -27.166  130.081  160.877
 -19.369  126.606  156.746
  -7.346  114.656  149.127
 -19.235  120.192  179.422
 -23.276  134.692 -178.557
 -25.138  140.100  171.128
 -20.375  138.870  163.034
 -13.079  122.826  175.197
  -7.027  128.049  161.190
  -7.911  124.675  166.014
  -7.241  120.172  163.953
  -9.956  132.555  148.392
  -9.878  122.071  147.482
 -11.352  126.285 -175.131
 -35.312  138.147  166.720
 -13.191  141.687  165.165
  -3.989  127.248  159.715
 -15.615  126.624  178.988
 -13.729  131.237  153.918
  -8.269  125.170  158.579
 -26.074  149.981  168.376
 -22.076  135.934  173.819
 -25.258  120.044  175.461
 -18.039  127.029  166.422
  -6.223  139.075  170.920
   0.056  124.216  170.502
 -17.764  131.772  174.651
 -11.892  123.904  166.570
 -17.418  141.295  170.661
 -21.088  129.245  169.284
 -14.262  119.180  163.055
 -26.460  131.438  158.701
 -21.440  119.541  167.065
  -0.628  125.040  148.044
 -11.944  137.327  175.367
 -13.532  124.065  157.259
 -19.185  130.738  150.103
  -9.409  116.067  176.280
 -13.603  126.025  168.140
 -12.198  111.350  172.586
  -9.528  114.595  150.140
 -26.369  135.773  152.648
 -26.594  130.143  153.089
 -15.428  144.459  160.324
 -10.416  129.464  161.138
 -22.896  131.319  158.433
 -19.595  133.578  150.071
 -19.178  118.942  152.427
 -11.111  131.854  145.547
 -11.071  121.545  179.290
 -21.393  127.199  169.319
  -6.326  122.532  158.150
   2.077  119.333  158.561
 -18.533  120.762  161.802
 -12.921  133.932  177.490
 -22.815  138.487  154.798
 -31.317  131.805  160.221
 -13.245  121.576  159.016
 -19.173  137.178 -174.823
 -26.594  142.547  168.159
 -24.350  130.395  148.547
 -16.931  118.261  170.011
 -15.247  130.144  154.226
 -25.223  134.129  169.924
 -22.846  132.510  172.216
 -24.773  140.366  144.441
  -8.846  121.987  153.543
 -19.581  122.890  171.302
 -22.586  135.685  167.805
 -18.628  117.440  177.611
 -24.069  136.436  168.185
 -17.945  130.440  152.419
 -17.721  127.227  161.796
 -32.575  131.710  155.461
  -8.472  118.342  179.972
 -26.697  130.915  172.757
  -9.359  124.190  178.236
 -21.678  127.401  175.476
 -14.167  140.457  160.963
 -20.484  136.325  174.080
 -21.461  127.093  163.819
 -29.030  130.802  173.352
 -37.425  133.923  154.534
 -16.463  124.094  159.047
 -13.976  128.214  166.494
 -18.720  128.931  166.314
 -19.781  140.987  175.697
 -17.811  132.460 -179.312
 -25.608  150.163  158.528
 -11.738  145.402  169.092
 -28.894  133.143  158.254
 -16.488  127.638  164.773
 -29.128  135.375  157.232
 -21.945  125.499  158.621
 -24.989  132.645 -172.009
  -2.228  131.498  150.623
   4.137  111.394  158.613
  -9.406  134.750  171.650
 -20.226  131.539 -177.101
 -16.997  126.806  170.828
  -9.118  111.313  169.100
 -21.484  138.069  153.073
  -9.363  126.553  153.795
 -20.279  121.834  175.009
 -29.379  133.845  160.111
 -28.939  136.753  174.506
 -21.845  119.195  173.327
 -13.507  131.757 -179.825
 -16.747  121.431  162.953
 -18.581  138.367  171.368
 -18.218  146.532  161.675
 -24.331  137.452  156.951
  -7.226  131.135  170.498
 -16.634  131.215  165.547
 -18.478  130.604  161.489
 -18.334  127.071  156.657
 -19.741  136.085  162.577
 -14.878  118.583  158.486
 -34.182  144.193  165.965
 -17.339  136.700 -178.172
  -7.986  135.415  173.880
 -27.208  124.897  158.672
 -18.845  143.551  152.905
 -18.250  134.495  160.114
 -26.360  132.782  160.041
 -28.063  121.224  175.300
  -8.601  112.683  173.272
 -12.603  117.716  175.553
  10.127  115.454 -175.024
 -23.884  141.029  164.861
 -22.304  136.047  162.253
   6.863  111.519  174.990
 -22.621  134.761 -177.985
 -23.959  137.099  174.375
 -12.942  135.939  149.361
  -5.194  127.476  154.796
 -38.443  130.282 -179.056
  -9.599  126.824  135.836
 -24.801  123.252  144.650
 -18.358  137.465  157.710
 -15.798  120.467  168.089
 -24.668  128.663  153.499
  -9.144  132.479  167.168
 -10.395  129.496  170.281
 -19.485  148.276  164.971
 -12.444  125.332  165.517
 -21.792  133.089  150.150
 -20.064  128.677  177.330
 -21.183  119.918  171.607
 -13.177  132.586  166.869
