 103.787  141.902 -166.572
 152.474  157.138 -165.962
 168.304  155.202 -171.692
 143.654  146.236 -162.811
 158.138  168.954 -176.078
 139.131  155.822 -172.245
 157.437  144.861  170.209
 139.680  154.083 -162.197
 157.708  149.784 -160.017
 162.242  137.697 -161.763
 155.132  155.245 -177.764
 165.375  153.474 -166.634
 156.887  158.084 -144.143
 145.625  147.049 -160.327
 150.817  137.457 -165.000
 151.559  151.293 -178.342
 142.049  150.546 -157.944
 128.406  143.851 -160.729
 147.615  126.811 -167.408
 157.316  147.471 -161.469
 150.476  155.296 -151.359
 149.846  145.982 -153.217
 141.457  165.992 -176.607
 146.516  147.984 -179.643
 131.619  156.178 -162.414
 153.620  140.320  177.222
 147.681  142.800  177.481
 130.098  147.145 -160.551
 104.612  155.461  153.818
 106.797  136.005  163.052
 129.814  154.446 -172.391
 151.044  149.307 -159.205
 162.234  141.462 -169.864
 156.398  142.622 -174.774
 140.093  143.884 -160.506
 152.306  142.715 -178.274
 158.351  147.641 -176.931
 147.557  139.382 -179.684
 145.596  152.090 -150.060
 128.700  157.263 -168.831
 162.011  152.826 -160.995
 147.230  144.041 -150.743
 136.498  147.896 -164.397
 135.600  154.228 -162.376
 143.953  148.790 -168.023
 157.719  142.796 -177.877
 147.404  131.715 -162.570
 144.879  154.213 -173.970
 153.117  150.291 -142.617
 150.537  142.887 -177.164
 156.972  168.059 -155.085
 164.115  149.144 -167.000
 131.529  141.699 -172.100
 138.453  145.817 -169.654
 162.548  147.845 -165.821
 147.444  152.923 -144.311
 148.423  156.426 -169.879
 136.617  146.431 -154.650
 136.067  149.890 -152.292
 154.309  151.759 -179.324
 151.418  149.842  176.739
 115.778  142.121  167.594
 151.263  157.605 -173.770
 144.736  153.491 -154.160
 146.810  158.659 -157.674
 152.846  154.712 -157.792
 140.111  143.095 -166.891
 150.390  144.895 -159.282
 146.154  148.917 -154.685
 157.151  133.897 -164.451
 140.731  145.766 -172.912
 161.976  147.259 -165.462
 131.929  151.105 -148.357
 133.195  135.131 -163.158
 148.297  160.316 -175.375
 147.268  149.546 -156.499
 159.841  160.938 -171.580
 156.699  157.243 -158.773
 156.322  151.731 -169.524
 145.170  146.248 -179.934
 137.015  136.956 -167.225
 150.458  144.256 -160.885
 162.036  139.408 -175.010
 159.780  154.478 -172.414
 155.454  141.153 -167.016
 151.911  146.963 -150.839
 150.742  156.952 -168.829
 147.657  164.337 -163.409
 145.445  141.730 -173.607
 151.845  145.924 -172.690
 136.019  151.103 -168.712
 161.948  157.301 -157.646
 155.403  145.270 -164.593
 112.458  142.768  177.707
 155.200  150.476 -168.914
 155.192  163.029 -160.640
 144.815  144.119 -155.267
 154.544  166.118 -153.002
 154.697  148.174 -169.403
 149.683  151.562 -160.251
 157.117  160.105 -167.826
 145.217  146.557 -170.433
 112.197  143.883 -163.773
 141.617  151.499 -157.606
 143.517  145.618 -170.182
 145.806  153.770 -166.065
 161.931  152.818 -168.250
 142.470  153.963 -175.313
 138.211  144.128 -179.122
 140.362  148.320 -156.151
 149.300  142.212 -173.163
 148.795  147.724 -157.846
 157.197  159.676 -163.316
 139.418  148.535 -163.106
 160.572  143.864 -170.636
 145.882  160.406 -166.646
 146.005  148.769 -156.417
 137.818  146.994 -165.912
 142.490  133.601 -147.535
 150.172  147.024 -169.619
 144.636  143.056 -166.355
 146.100  151.261 -152.569
 150.612  146.952 -139.623
 120.585  143.420 -175.798
 149.197  156.935 -133.749
 135.079  150.277 -154.940
 147.907  141.621 -163.679
 161.718  149.934 -153.088
 114.732  145.360  172.902
 114.024  156.230  178.037
 158.081  150.936  175.604
 152.209  149.304 -154.282
 144.334  157.473 -173.000
 134.025  158.880 -158.282
 135.488  142.631 -162.524
 151.689  151.345 -158.559
 142.623  140.086 -179.497
 155.528  146.561 -160.888
 158.292  148.046 -178.921
 140.747  149.416 -165.302
 142.348  156.392 -169.654
 157.876  134.370 -172.546
 170.732  155.188  177.780
 135.728  144.489 -158.063
 156.467  147.538 -170.088
 148.566  145.591 -175.379
 148.163  143.302 -165.452
 148.331  148.107 -166.565
 155.860  147.901 -138.695
 154.686  150.860 -173.624
 133.966  155.475 -175.946
 150.228  153.623 -177.915
 146.444  144.347 -171.096
 149.266  151.862 -149.958
 123.123  146.383 -155.086
 152.897  159.728 -174.464
 142.289  145.500 -167.055
 158.280  152.501 -168.151
 146.584  133.278 -168.304
 151.717  153.369 -168.320
 149.311  158.757  171.768
 126.359  140.026 -170.326
 147.651  145.934 -160.929
 152.841  144.752 -163.894
 165.171  145.310  170.821
 100.007  146.177  167.927
 106.917  141.765  156.314
 152.873  139.082 -176.831
 140.789  155.292 -136.770
 146.570  145.694 -168.041
 127.777  154.274 -156.930
 144.208  156.906 -157.774
 136.634  145.168 -166.043
 154.461  155.701  176.246
 135.357  143.230 -175.085
 161.096  152.411 -162.888
 151.894  152.211 -167.891
 150.431  151.883 -172.629
 149.737  143.894 -160.999
 152.443  144.187 -154.738
 138.390  147.169 -162.001
 143.729  153.862 -179.776
 157.791  147.226  176.253
 149.264  158.666 -156.233
 145.879  151.423 -157.397
 155.444  148.982 -163.108
 145.239  147.328 -172.302
 147.671  137.504 -172.984
 147.710  161.836 -169.703
 158.943  150.022  160.910
 144.199  146.414 -148.243
 156.624  147.914 -158.982
 144.477  150.025 -155.171
 143.670  158.898 -161.955
 155.832  145.853 -176.260
 125.095  149.416 -177.619
 140.069  160.642 -158.655
 144.197  152.709 -179.089
 151.465  151.716 -172.182
 138.346  151.554 -154.505
 163.755  158.899 -164.072
 146.815  150.858 -168.684
 148.678  150.396 -172.664
 121.654  138.443 -175.254
 146.945  156.781 -160.669
 154.331  148.414 -176.743
 148.071  147.752 -168.449
 155.967  153.366 -166.618
 154.957  155.986 -168.235
 155.499  147.332 -158.580
 148.167  150.446 -168.747
 149.619  162.580 -166.883
 147.497  146.840 -168.104
 149.455  157.425 -151.843
 143.188  145.098 -159.033
 147.696  134.083  177.419
 156.164  154.164 -172.349
 147.288  145.507 -169.702
 134.078  152.042  173.459
 118.863  137.798 -172.802
 136.637  141.844 -168.971
 130.678  149.670 -161.962
 145.365  149.377 -154.611
 153.333  157.409 -173.138
 160.658  135.375 -160.997
 139.132  150.565 -160.323
 156.956  156.528 -161.733
 144.368  151.365 -157.240
 162.935  153.268 -155.156
 148.050  144.359 -174.884
 159.988  149.634 -168.905
 145.577  140.735 -169.160
 100.423  144.865  161.112
 144.406  154.710 -169.659
 140.479  150.721 -169.426
 162.455  152.381 -176.767
 141.015  144.773 -153.638
 143.759  146.232 -169.065
 145.875  147.375 -155.825
 158.704  156.528 -171.072
 148.587  157.908 -169.692
 152.639  147.712 -171.505
 147.247  150.839  176.059
 137.593  141.980 -150.905
 150.211  149.074 -165.472
 146.832  152.595 -175.837
 145.580  140.837 -157.581
 140.781  144.740 -166.810
 141.348  154.354  177.557
 108.266  155.964  158.304
  99.721  153.753  165.060
 105.948  144.196  159.967
 147.278  157.622 -156.925
 148.786  152.435 -168.873
 109.800  149.981  177.527
 108.837  147.706  161.094
 112.989  153.821  177.906
 112.352  148.874  162.094
 137.488  163.430 -162.204
 148.270  141.821 -171.003
 144.447  149.760 -162.699
 135.800  140.005 -173.278
 155.291  157.956 -173.041
 138.806  159.527 -166.560
 107.622  151.206 -164.407
 144.576  147.848 -157.667
 151.300  152.555  176.481
 149.802  153.381 -166.780
 158.991  145.712 -163.978
 147.923  139.201  179.420
 150.151  136.017 -162.019
 159.893  140.045 -172.866
 168.479  145.104 -155.253
 151.745  160.046 -171.175
 152.209  153.789 -159.024
 135.560  157.420 -165.679
 146.600  151.636 -143.968
 148.966  168.060 -175.127
 143.579  147.378 -165.451
 169.505  155.653 -175.916
 103.171  147.967  178.321
 113.866  150.465  160.545
 148.663  138.779 -178.571
 158.618  157.261 -177.763
 160.561  160.217 -174.796
 151.909  160.435 -156.718
 156.765  138.675 -175.583
 169.022  157.172 -166.267
 168.555  152.111 -163.342
 161.115  146.557 -170.719
 156.569  135.583 -135.710
 143.751  160.375 -152.718
 107.091  151.000  164.864
 111.999  145.787  172.828
 110.905  150.413  143.055
 130.745  167.844 -177.771
 145.730  140.189 -168.165
 141.736  150.042 -158.108
 160.499  151.509 -140.451
 154.177  153.969  171.691
 126.566  147.753 -168.405
 152.568  160.820 -155.875
 152.814  152.060 -176.817
 170.493  145.674 -163.484
 160.990  156.823  171.462
 149.019  151.692 -156.794
 141.012  141.858 -146.697
 141.544  146.563 -155.409
 144.339  157.069 -173.327
 149.536  149.453 -157.352
 146.738  156.679 -147.106
 150.817  146.510 -171.270
 161.845  166.717 -165.561
 161.540  137.996 -167.756
 157.725  146.085 -150.875
 158.302  155.382 -173.923
 141.212  148.715 -163.198
 143.663  141.820 -157.633
 155.928  151.347 -169.020
 140.115  148.590 -162.141
 159.784  145.749  177.064
 158.655  159.380 -166.301
 141.168  145.732 -157.244
 145.374  147.831  177.472
 159.288  151.757 -167.408
 161.481  140.445 -155.870
 154.268  157.959 -175.972
 149.028  124.411 -165.888
 156.001  151.553 -171.355
 143.917  143.755 -168.510
 150.369  140.453 -165.096
 153.836  149.123 -175.224
 135.621  153.682 -153.735
 143.428  167.188 -165.458
 138.546  144.604 -162.698
 144.700  155.585 -177.965
 113.767  140.903  153.852
 147.829  160.187 -167.953
 150.740  151.531 -172.201
 164.041  127.322 -167.983
 153.040  158.580 -167.877
 150.593  163.451 -177.298
 155.732  152.976 -169.440
 148.360  146.898 -162.527
 164.750  146.501 -163.649
 153.580  146.829 -162.377
 150.298  157.577 -144.219
 150.504  149.114 -167.506
 155.077  150.239 -172.422
 144.767  142.156 -177.329
 153.893  153.725 -162.553
 157.551  135.673 -170.533
 124.446  145.300 -162.610
 118.436  139.085 -178.805
  97.394  149.300  165.885
 130.256  159.113  178.249
 155.918  160.533 -167.129
 147.450  147.466 -171.427
 145.082  144.372  179.561
 159.656  155.219 -165.667
 145.440  152.386 -155.069
 142.069  146.677 -160.030
 149.759  154.556 -170.452
 145.496  149.380  176.845
 151.036  165.578  178.553
 148.482  152.047 -176.288
 158.658  160.566 -168.871
 155.059  155.651 -148.606
 157.265  147.810 -171.766
 141.830  148.897 -157.381
 164.033  149.924  177.601
 127.978  144.226  179.106
 105.406  144.343  179.870
 105.067  156.463 -171.932
 110.037  147.535 -179.597
 113.813  151.960  176.460
 100.499  167.680 -177.333
  96.619  141.620 -166.287
  98.993  148.540  168.873
 135.897  151.301 -171.510
 157.653  146.786 -163.847
 152.221  153.746  174.033
 139.576  145.961 -163.437
 162.499  156.158 -151.823
 155.783  142.128 -165.988
 158.503  139.120 -161.136
 142.916  150.478 -159.915
 149.556  152.635 -162.673
 144.839  143.409 -135.920
 144.672  160.843 -175.375
 153.954  158.142 -172.431
 153.874  159.548 -148.923
 150.395  149.399  175.562
 163.041  153.227 -148.689
 109.725  153.647  167.621
 143.926  146.614 -162.288
 153.069  142.752 -159.868
 152.904  140.764 -169.588
 132.191  146.520 -168.896
 163.201  141.314 -174.427
 150.631  164.725 -175.701
 156.391  153.710 -168.892
 145.411  161.939 -164.128
 151.481  145.425  178.039
 167.749  151.728 -171.940
  99.338  128.293 -178.778
 116.461  142.787 -174.410
 142.601  136.045 -166.078
 144.120  160.527 -162.459
 149.874  144.969 -175.280
 143.546  147.992 -161.081
 134.817  143.028 -155.092
 149.049  155.360 -160.812
 156.367  146.989 -152.706
 136.767  138.304 -165.507
 114.685  147.826  179.766
  93.971  154.120 -176.844
 110.394  143.968  176.983
 112.303  144.034  160.497
 106.879  143.895  166.502
 119.076  154.324  164.030
 106.952  159.408 -176.618
 157.315  155.808 -152.700
 148.501  162.585 -177.701
 104.729  150.965 -175.875
 151.050  144.461 -156.325
 168.645  156.752 -176.001
 150.258  158.749  179.325
 138.125  141.124 -171.642
 146.460  149.140 -174.751
 166.885  158.356 -159.514
 153.270  150.092 -154.487
 163.598  145.853 -167.766
 160.522  155.549 -178.512
 155.057  152.871 -164.311
 155.288  151.356 -165.678
 158.017  136.949 -159.971
 143.431  143.371 -165.776
 155.211  149.152 -164.666
 111.797  142.766 -171.058
 139.866  149.003 -170.232
 146.904  152.774 -177.127
 136.633  157.031  178.454
 152.428  143.621 -174.239
 148.451  154.143 -169.862
 145.467  145.361 -179.737
 103.617  139.435  160.135
 104.299  149.947 -169.469
 100.980  147.821  174.521
 112.925  137.546  169.341
 159.378  140.245  173.622
 162.371  157.354 -170.954
 138.513  160.095 -160.449
 152.150  158.513 -159.496
 145.298  128.871 -164.557
 152.251  137.988 -158.750
 161.010  133.910 -153.728
 147.027  159.700 -167.652
 153.390  153.781 -179.411
 145.474  143.135 -167.284
 148.695  138.650 -174.116
 155.204  150.827 -177.725
 143.046  147.858 -169.810
 141.677  145.684  169.749
 146.481  136.340  164.041
 150.022  154.684 -162.130
 141.286  146.438 -154.084
 144.228  153.437 -160.754
 148.085  155.631 -174.082
 145.180  147.892 -166.418
 144.288  145.209 -157.410
 156.248  155.628 -158.844
 156.618  154.414 -176.355
 148.369  151.996 -160.507
 143.828  152.993 -175.038
 146.128  154.158 -147.401
 172.984  155.725  174.170
 161.354  129.766 -177.514
 145.248  146.159 -152.022
 158.070  152.286 -160.893
 159.926  145.384 -165.488
 141.891  150.107 -158.802
 136.797  139.133 -174.600
 104.933  148.648  175.544
 111.334  149.905  171.859
 108.952  147.604  159.280
 103.501  143.674  175.155
 103.688  143.735  165.037
 105.826  128.805  178.929
 125.998  151.495 -169.948
 129.728  149.517 -158.449
 160.684  155.162  171.493
 146.936  142.689 -174.472
 158.745  144.573 -163.004
 154.186  144.071 -162.567
 132.843  156.483 -173.653
 152.568  162.224 -176.806
 161.368  134.009 -161.857
 153.490  141.544 -162.689
 160.250  149.514 -167.433
 140.710  146.342 -179.563
 149.100  144.392 -169.445
 150.450  153.117 -166.249
 168.574  160.586 -177.180
 154.304  158.080 -159.102
 146.532  147.865 -151.037
 157.005  145.889 -165.815
 155.975  161.617 -173.077
 151.840  146.589 -163.573
 149.626  152.635  175.172
 153.130  156.755 -166.704
 154.669  142.245 -166.303
 149.016  141.237 -160.902
 143.763  144.748 -175.025
 143.946  149.245 -166.986
 145.702  144.971 -166.559
 157.185  138.173 -161.135
 148.852  145.382 -179.590
 165.945  151.269 -167.853
 132.976  141.179 -166.578
 154.482  158.088 -170.442
 141.526  147.591 -170.659
 152.911  147.300 -169.067
 145.123  149.533 -178.836
 166.599  138.273 -177.235
 154.906  152.757 -165.973
 137.660  150.738 -166.450
 142.784  151.051  178.738
 149.315  134.200 -176.367
 133.591  162.891 -151.788
 136.912  154.427 -172.075
 143.094  155.240 -157.025
 145.525  158.264 -167.101
 145.552  149.739 -166.210
 162.435  138.018 -171.378
 126.429  156.013 -169.384
 163.544  156.758 -156.230
 171.895  152.455 -156.318
 138.915  155.986 -155.804
 148.361  158.138 -168.547
 153.657  149.088 -160.512
 164.941  163.057 -171.901
 152.903  138.965 -165.752
 152.205  153.451 -160.898
 155.241  153.817  177.661
 141.352  144.959 -166.302
 161.087  144.402 -156.154
 157.966  157.558 -170.447
 129.709  152.137 -178.966
 113.202  152.796  174.271
 155.029  145.097  177.502
 162.183  155.362 -166.526
 145.128  141.951 -155.433
 155.148  144.072 -172.603
 154.631  154.776 -169.469
 156.703  160.176 -174.654
 148.263  160.188 -175.417
 153.405  142.093 -167.130
  99.032  147.871 -167.784
 130.449  144.782 -172.599
 145.672  149.777 -145.145
 157.139  151.402 -176.878
 117.165  140.824  178.540
 169.163  136.592 -158.280
 165.729  143.912 -164.034
 144.531  150.819 -165.778
 164.476  156.983 -155.061
 161.570  149.088 -158.166
 155.654  151.507 -165.040
 145.654  133.735 -154.072
 158.895  145.035 -156.354
 148.986  154.733 -173.384
 142.227  147.701 -160.942
 164.164  137.743 -162.767
 163.685  144.235  174.641
 143.199  157.078 -153.878
 147.489  156.890 -163.671
 141.576  157.607 -155.100
 137.823  153.890 -169.750
 141.804  165.561 -163.215
 164.887  166.140 -164.928
 164.658  151.061 -151.605
 158.385  151.600 -176.452
 154.451  162.520 -178.684
 150.911  149.924 -170.872
 144.181  150.837 -161.679
 142.341  146.473 -172.046
 149.907  162.058  178.983
 143.894  145.569 -171.531
 144.722  150.170  179.165
 150.397  147.173  179.032
 143.238  151.626 -150.902
 146.491  145.928 -174.475
 151.266  141.203 -172.384
 161.948  154.713 -157.576
 156.379  159.799 -156.242
 147.265  154.198 -153.592
 152.707  144.950 -169.448
 143.405  152.231 -149.994
 158.609  160.440 -166.002
 149.990  142.866 -171.878
 155.435  155.717 -170.490
 134.844  158.205 -164.370
 153.658  152.993 -164.745
 142.723  141.676 -170.205
 161.390  158.460 -167.248
 152.484  144.381 -152.168
 125.037  142.326 -161.445
 142.775  147.362  175.323
 137.189  147.881 -171.133
 151.575  157.508 -163.520
 148.605  152.924 -153.809
 145.991  148.744 -158.354
 150.771  157.068 -167.947
 164.508  132.348 -162.812
 154.943  153.154 -156.613
 147.329  146.081 -172.503
 148.986  156.980 -162.219
 149.016  160.311 -158.822
 123.384  146.653 -160.261
 155.671  147.632 -167.435
  96.251  138.247  172.788
 108.760  131.234 -175.214
 151.847  136.013  179.980
 161.943  151.898 -170.348
 147.618  142.342 -159.061
 151.827  138.068 -157.635
 151.795  156.050 -164.570
 152.920  150.095 -178.582
 154.179  147.058 -171.413
 156.139  136.935 -157.658
 128.382  136.350  170.997
 102.856  148.967  173.958
 117.299  142.294  161.944
 114.934  138.542  172.726
 113.270  154.948 -171.847
 139.785  139.161 -167.460
 147.497  148.045 -153.129
 148.942  151.867 -173.752
 144.114  142.796  178.239
 142.411  144.100 -168.943
 132.758  135.619 -159.448
 148.064  162.487 -151.568
 142.034  158.192 -175.739
 135.681  143.343 -157.084
 146.775  138.940 -154.934
 144.923  139.860 -162.793
 132.021  152.099 -154.676
 149.854  142.767 -166.757
 142.412  138.890  176.578
 137.731  159.325 -165.279
 156.591  153.664  178.082
 154.381  141.849 -171.335
 145.423  158.559 -176.293
 156.581  136.668 -171.062
 112.256  142.812 -169.157
 110.478  135.442 -176.596
 116.260  143.046 -177.236
 122.161  156.218  169.906
 150.497  148.815 -173.696
 139.351  138.210 -153.198
 148.475  156.546 -162.468
 149.515  139.831 -169.860
 136.292  139.881 -159.826
 151.883  155.175 -158.000
 147.750  149.125 -168.237
 153.170  150.480 -154.366
 151.510  153.873 -169.153
 156.160  143.634  170.486
 147.776  167.499 -169.400
 148.220  145.948 -167.671
 145.537  149.391 -165.165
 102.682  160.894  168.388
 100.902  148.179  175.464
 102.299  163.310  177.107
 148.424  151.318  173.529
 158.526  142.587 -151.110
 157.491  152.225 -164.447
  95.247  144.727 -179.534
 102.300  150.048  167.737
 121.607  156.369  167.769
 100.172  155.972  164.649
 112.618  141.226  162.031
 116.272  155.202  160.019
 140.362  134.801 -157.638
 151.549  146.722 -167.889
 155.970  142.877 -165.040
 157.114  148.185 -158.041
 157.034  156.723 -160.121
 158.683  158.162 -152.069
 158.625  149.097 -155.583
 171.009  139.758 -165.076
 146.412  138.983 -156.319
 158.827  150.876 -162.708
 141.179  147.291 -136.439
 159.909  153.312 -164.019
 148.532  155.103 -160.240
 153.249  147.380 -175.009
 129.760  144.891 -165.645
 152.013  141.441 -173.264
 129.973  135.251 -179.952
 126.964  146.279  177.733
 142.605  159.592 -148.793
 132.749  147.647 -176.302
 135.490  146.309 -165.773
 148.610  148.835 -162.915
 138.908  154.518 -174.006
 154.565  150.730 -165.029
 128.225  154.826 -167.173
 165.785  152.580  164.153
 141.002  144.582 -162.495
 150.191  145.569 -176.115
 153.155  152.635 -165.133
 125.496  142.174 -167.226
 110.316  142.079  168.890
 146.352  152.172 -159.099
 159.383  150.594 -152.016
 150.005  151.727 -158.932
 153.087  146.426 -169.097
 157.736  154.431 -165.408
 137.865  148.588 -145.343
 143.687  139.967 -168.955
 105.664  135.143  176.154
 102.331  144.209  165.194
 104.044  135.869  166.064
  99.326  152.666  171.329
  94.307  144.312  166.888
 140.622  147.278 -172.552
 116.113  140.139  169.281
 103.048  145.795  159.690
 107.339  144.614  160.507
 114.934  136.020  174.410
 145.635  141.876  179.761
 112.128  148.804  171.826
 116.272  149.697  151.389
 136.459  144.294  176.898
 109.578  145.800  164.474
 149.353  144.371 -167.832
 155.877  147.230 -178.162
 142.096  153.682 -159.744
 156.631  141.467 -167.634
 128.271  141.501 -176.122
 158.313  155.434 -169.923
 155.346  149.481 -162.061
 134.590  141.057  170.909
 146.699  152.400 -162.844
 151.980  145.178 -163.468
 143.994  149.050 -162.974
 145.887  142.253 -156.906
 143.796  147.627 -173.995
 153.930  147.029 -163.080
 148.295  135.725 -155.759
 143.654  154.579 -164.413
 162.822  156.004 -168.751
 158.354  131.969 -158.232
 139.298  153.903 -138.293
 128.712  140.756 -165.299
 152.077  145.415  174.417
 158.042  152.310 -165.315
 113.148  139.653  153.187
 157.809  138.121 -169.674
 108.667  154.129  163.198
 104.202  137.786  164.804
 135.719  151.641 -145.400
 147.361  158.510 -165.783
 157.678  147.162 -176.733
 143.261  138.821 -158.066
 165.265  142.058  179.713
 151.331  123.929 -175.938
 106.221  146.458 -176.655
 148.101  152.571 -168.454
 168.449  152.494 -164.963
 144.280  157.355 -163.874
 140.237  155.528 -159.968
 157.941  147.808 -170.578
 162.773  152.590 -162.297
 147.447  150.546 -169.630
 150.172  144.747 -172.112
 145.860  146.593 -168.610
 149.863  147.333 -167.775
 160.366  150.005  175.958
 123.190  149.233 -179.261
 110.382  132.591 -173.526
 100.362  155.540 -177.366
 147.620  143.271 -168.835
 163.410  157.284 -176.124
 153.756  153.272 -173.048
 155.736  153.649 -159.423
 140.321  139.319 -169.956
 150.491  143.532 -157.598
 157.748  162.058 -165.916
 148.254  152.304 -154.583
 163.777  149.427 -165.477
 146.830  144.535 -161.070
 141.949  152.889 -163.032
 147.736  148.415  178.387
 151.644  147.847 -158.547
 148.516  156.213 -167.917
 108.726  139.918  160.012
 121.296  149.579 -176.861
 130.157  140.495 -162.875
 142.931  157.787 -149.355
 146.364  143.910 -172.809
 154.062  154.071 -147.635
 147.474  143.776  171.332
 127.487  148.094 -178.749
 122.085  145.240  162.602
 107.873  145.015  164.583
 110.259  140.487  168.303
 100.666  157.747  177.730
 118.187  157.346  160.276
  94.085  151.237  164.660
  98.732  142.752  146.012
 111.223  143.378  174.930
 156.920  149.472 -168.175
 158.076  153.497 -178.113
 172.028  154.709 -161.774
 146.575  157.995 -159.705
 147.380  150.187 -157.240
 171.514  156.626 -160.083
 142.814  151.856 -178.199
 116.184  133.704 -166.614
 153.919  158.309 -175.495
 143.855  148.027 -165.963
 165.168  146.783 -153.233
 135.063  140.790 -175.531
 157.732  149.699 -173.293
 150.713  154.078 -166.684
 168.187  149.654 -175.856
 149.541  156.346 -164.921
 152.490  149.294 -178.427
 161.450  153.896  171.102
 163.897  160.599 -166.099
 158.102  149.536 -172.485
 156.160  150.163 -156.885
 136.380  152.021 -161.796
 153.355  155.442 -178.090
 144.352  147.071 -169.031
 146.740  145.800 -159.573
 145.328  146.119 -149.609
 146.812  147.413 -167.188
 149.466  148.496 -167.167
 112.714  148.484 -169.981
 108.642  150.047 -175.084
 155.640  143.802 -169.147
 150.338  147.321 -165.000
 153.602  142.014 -160.381
 139.297  142.031  176.107
 136.507  154.626 -151.345
 118.188  147.808  172.664
 104.325  165.615  135.627
 129.156  149.543 -177.446
 144.060  132.580 -175.942
 147.207  157.228 -169.786
 149.768  147.714 -167.337
 131.273  155.580 -152.973
 155.541  152.281 -160.978
 133.757  162.457 -139.014
 151.789  153.567 -166.944
 123.622  141.049  171.252
  98.202  143.066  164.408
 138.878  148.998 -152.707
 149.175  155.835  175.949
 161.029  162.308 -156.195
 155.325  151.906 -160.390
 153.767  148.164 -161.579
 149.607  154.952 -156.096
 156.149  147.175 -177.499
 160.756  149.808 -172.490
 148.525  143.683 -145.319
 137.587  156.783 -151.394
 156.896  147.514 -178.236
 146.635  160.760 -163.726
 150.750  153.853 -162.325
 155.755  151.126 -178.649
 126.119  138.731 -164.431
 138.493  146.083 -152.195
 158.146  149.457 -172.374
 155.420  154.540 -175.732
 137.146  148.598 -179.803
 129.798  148.388 -165.821
 150.789  145.956 -179.041
 155.507  154.308 -155.996
 139.197  134.923 -173.247
 139.124  146.678 -174.576
 139.462  143.812  178.555
 150.776  150.440 -164.070
 148.490  157.623 -179.758
 156.280  156.100 -175.882
 161.231  163.255 -174.421
 142.875  154.123 -159.135
 167.880  145.478 -159.601
 155.969  152.864 -167.830
 155.685  142.096 -162.869
 156.638  153.490 -160.833
 122.992  155.014 -164.148
 158.461  157.221 -164.963
 151.894  150.938  179.320
 152.373  147.584 -173.914
 145.471  160.740 -158.298
 107.652  139.844  176.025
 112.835  136.239  148.923
 109.657  139.742  168.926
 129.475  142.427  178.410
 143.380  147.083 -170.357
 147.207  152.213 -161.653
 153.142  152.154 -164.689
 148.404  160.606 -171.582
 156.046  145.971 -167.722
 144.080  155.933 -164.729
 152.214  152.119 -167.023
 152.766  147.961 -174.136
 138.338  158.391 -155.833
 135.354  147.810 -173.833
 152.712  139.322 -179.972
 115.342  137.288 -167.385
 162.297  156.881 -154.666
 157.462  145.152 -179.937
 148.284  150.614 -178.867
 141.025  131.267 -169.477
 145.078  159.655  173.942
 159.737  138.388 -164.971
 134.763  141.131 -162.650
 122.900  141.143 -178.972
 139.687  146.874 -150.238
 116.488  136.589  155.749
 122.059  153.615  173.069
  95.110  139.512  174.217
 110.222  152.888  161.692
  99.580  152.570  159.340
  93.959  147.518  170.522
 125.931  151.602  159.047
 130.780  146.201  171.550
 143.505  150.578 -172.920
 152.411  147.706 -160.531
 145.729  143.021 -155.207
 156.301  142.950 -162.988
 153.843  150.997 -165.640
 138.019  147.745 -160.663
 146.435  149.426 -161.682
 119.107  148.406 -161.020
 145.682  153.067 -160.535
 143.972  151.556 -170.402
 157.763  141.817 -177.711
 142.670  143.055 -166.837
 147.201  149.934 -168.440
 149.272  141.545 -147.789
 134.570  135.554 -167.021
 154.903  154.402 -177.802
 157.686  146.764 -156.569
 152.672  148.440 -177.856
 138.298  155.255 -168.666
 140.688  138.574 -159.002
 157.876  163.101 -156.846
 152.299  147.870 -156.763
 125.967  135.173  168.194
 116.906  145.585  172.302
 153.590  147.428 -177.983
 132.942  160.019 -157.963
 152.145  136.445 -166.409
 163.615  142.848 -158.593
 150.343  157.318 -168.793
 105.078  154.773 -163.900
 163.728  156.932  173.485
 144.482  153.573 -160.138
 145.247  154.208 -153.870
 148.544  150.527  174.823
 115.383  146.209 -178.720
 138.884  152.287 -167.221
 154.766  144.885 -161.656
 144.281  152.557 -166.977
 151.268  150.496 -161.254
 145.972  141.753 -167.420
 144.222  140.150 -164.464
 161.193  165.589 -160.339
 151.673  147.099 -146.887
 155.409  145.162 -155.983
 146.169  150.216 -171.237
 144.054  150.025 -149.432
 145.803  160.671 -164.120
 145.598  145.950 -164.558
 149.918  143.680 -168.610
 148.280  145.038 -161.561
 136.011  138.764  178.048
 144.898  160.352 -176.441
 138.467  155.468 -169.142
 159.847  157.898 -157.529
 121.980  155.872 -156.844
 150.021  153.615 -166.971
 149.206  138.010 -169.355
 146.351  131.738 -168.121
 153.553  141.821 -167.394
 153.027  143.079 -172.369
 139.319  154.418 -166.186
 143.822  136.147 -168.449
 159.467  152.048 -167.397
 162.483  142.172 -172.305
 140.790  160.420 -157.153
 145.674  155.188 -165.512
 167.922  150.258 -169.595
