  82.797  157.892 -172.954
  85.440  138.696  168.722
 105.431  153.896  179.295
  81.280  150.300 -175.035
  89.637  137.275 -165.094
  80.762  154.662 -171.738
  75.935  146.649  178.590
  93.950  138.939  164.700
  97.159  152.296  168.278
  90.687  144.393  168.863
  81.238  139.578  174.573
  88.100  143.389  169.163
  96.052  143.124  171.091
  90.164  144.554  179.972
  98.446  163.236  156.926
  82.791  157.689  176.238
  90.792  145.154 -179.477
  84.160  140.474  179.671
  73.018  147.380 -179.079
  89.081  140.149  157.932
  86.846  146.588 -178.976
  83.338  136.323 -168.179
  87.372  160.447  178.108
  90.844  142.369  160.712
  89.884  139.368  170.311
  97.086  150.802  177.039
  73.125  145.756 -178.611
  78.265  157.584  174.543
  93.892  141.606 -177.160
  85.878  144.447  173.359
  78.755  150.663 -167.120
  83.121  155.630  179.484
  75.184  144.061 -177.587
  84.573  154.038  177.958
  85.284  154.452 -165.937
  82.920  144.394  179.444
  77.683  154.451 -179.002
 100.608  145.336 -177.633
  86.471  148.684  163.135
  80.246  141.814 -176.979
  83.945  146.157  179.416
  87.802  141.957  169.905
  81.115  146.586  179.306
  85.230  142.136  176.147
  88.621  150.997 -178.600
  83.741  154.927 -170.287
  84.236  151.585 -177.659
  87.265  152.467 -177.765
  89.963  144.773  168.905
  89.084  143.088 -178.337
  84.599  152.097  173.340
  85.703  163.874  170.679
  92.793  149.048  179.863
  93.382  159.382  162.518
  86.876  151.692  177.024
  88.831  157.218  158.427
  76.717  143.260 -176.593
  88.143  149.057  178.991
  97.010  151.370 -177.688
  86.882  152.543  173.734
  90.254  151.925  170.653
  90.224  153.398 -177.226
  90.812  156.463  172.068
  87.520  146.128 -173.587
  91.367  130.477  176.335
  85.835  152.177  175.252
  85.104  137.395 -171.753
  87.728  152.101 -166.266
  83.719  165.201  177.981
  92.875  152.462  147.243
  80.504  144.012  167.102
  89.944  149.341  164.629
  86.219  148.287  173.340
  74.870  145.772  170.831
  95.773  150.266  176.195
  78.335  144.447 -163.216
  90.238  150.725 -172.632
  93.182  138.474  174.635
  85.461  141.027  179.511
  98.409  134.120 -179.526
  97.039  149.502  177.785
  84.412  145.148 -161.625
  87.284  147.563 -177.784
  89.732  150.393 -174.188
  87.658  155.749 -176.158
  82.142  162.862 -176.883
  84.024  150.253 -168.013
  93.046  150.713  178.478
  77.231  149.113 -172.325
  90.449  146.646 -166.090
  93.296  146.868 -174.760
  96.440  146.760  178.902
  86.684  146.224 -176.918
  93.577  154.390  170.193
  87.762  142.174 -172.689
  91.551  150.639  158.624
  82.334  147.537 -175.598
  88.589  146.867 -178.626
  80.820  153.441  178.200
  96.304  147.614  169.593
  86.282  157.881  166.651
  79.135  160.389  168.028
  94.451  134.225  168.765
 101.875  151.755  170.370
  85.555  154.502  169.739
  95.776  150.314  171.270
  84.127  155.340 -174.054
  75.729  153.025 -173.851
  93.966  158.397  175.983
  79.943  147.950  172.899
  81.639  144.582  173.610
  87.116  154.067  166.068
  82.662  152.003  173.895
  89.451  150.320  177.448
  82.006  152.091 -178.496
  77.520  139.404 -176.504
  90.368  146.291 -177.508
  92.054  148.387  172.586
  79.040  153.554 -169.924
  89.339  151.446 -172.701
  76.969  157.066 -170.785
  84.069  159.513  165.441
  83.277  153.737 -173.786
  78.945  147.161  175.913
  94.152  147.160 -162.837
  84.549  152.246  172.046
  84.370  149.971  177.417
  87.113  147.540  166.629
  90.637  142.555 -170.349
  89.966  137.071 -172.989
  93.090  162.130  167.941
  91.765  155.867  169.779
  68.725  150.730 -169.921
  89.473  158.326 -177.602
  82.432  148.027 -169.809
  85.672  159.712  170.258
  81.473  141.378 -178.762
  85.232  151.637 -174.925
  82.616  146.590  175.089
  88.556  147.142  178.460
 101.002  143.742 -170.013
  97.658  135.415  175.959
  93.346  147.238 -175.353
  98.432  149.149  178.405
  81.840  144.395  170.995
  79.971  163.854  172.374
  84.981  156.404  170.835
  91.030  156.352 -176.717
  97.685  154.827  159.925
  89.004  144.838  174.275
  93.856  142.338  164.070
  86.110  151.196  169.543
  89.974  140.157 -179.341
  83.305  159.049 -174.293
  93.525  145.172  168.360
  84.741  155.354 -175.268
  72.288  162.095 -172.058
  91.129  143.641 -175.890
  86.939  145.006  177.512
  93.469  148.149 -179.220
  94.546  145.041 -174.633
  91.618  146.819 -178.969
  83.952  143.500  177.824
  89.492  158.114 -170.275
  85.389  151.111 -173.559
  79.568  154.035  179.676
  92.569  160.566 -175.813
  76.836  165.785  175.401
  84.625  152.117 -167.619
  97.220  137.689 -176.855
  85.295  138.383  164.168
  84.190  159.170  169.767
  86.375  135.691  170.642
  86.925  154.186 -175.232
  89.397  147.892  173.440
  95.879  155.536  167.250
  90.305  146.419  176.617
  84.717  143.767 -170.045
  96.861  138.250 -178.404
  81.385  161.480 -174.854
  83.638  148.669 -156.475
  80.077  140.988 -177.183
  86.646  154.202 -161.461
  89.189  160.877  164.201
  90.077  140.488 -176.781
  86.325  139.412 -170.535
  87.200  142.962  172.066
  96.497  157.407  175.467
  80.664  160.966  179.202
  83.724  156.438 -178.395
  88.315  134.293  177.336
  86.865  135.328 -170.358
  96.773  152.799  159.250
  83.147  145.744 -177.758
  88.445  163.240 -179.952
  83.570  146.842  172.913
  94.882  147.307  154.946
  90.347  147.176  175.639
  87.842  156.630  169.782
  82.825  142.155  179.860
  84.591  143.325 -179.590
 103.573  146.051 -166.737
  82.520  148.559  177.238
  84.509  145.632  179.316
  91.197  149.567  173.640
  84.181  152.310  166.235
  83.916  140.338  179.375
  88.263  156.319  167.069
  87.484  140.362  173.097
  90.662  150.217  175.206
  84.774  148.571  177.483
  89.909  137.281 -172.617
  86.111  160.039 -166.192
  82.862  144.705 -178.871
  91.517  140.603  162.651
  87.864  141.584 -175.192
  82.442  147.762 -179.694
  87.529  154.295 -179.114
  81.199  145.294  179.022
  89.237  155.690 -178.696
  94.411  153.636 -179.703
  84.039  150.995  174.757
  82.972  143.441 -176.821
  81.019  151.399  173.368
  85.032  133.928 -175.234
  84.994  168.430 -175.613
  82.097  134.189 -178.521
  84.192  159.841  176.217
  78.893  149.986 -174.788
  82.944  153.685 -177.540
  95.591  142.981  164.842
  75.320  147.996 -177.598
  89.541  157.636  159.609
  96.636  152.388  178.408
  87.648  143.792  178.720
  90.832  139.284 -178.192
  95.668  150.538 -178.005
  89.676  145.746 -172.823
 100.064  143.603  175.821
 104.388  138.226  167.336
  80.984  146.760  169.950
  82.234  142.620 -171.773
  93.167  151.137  178.076
  95.377  142.313 -173.356
  84.035  155.842 -174.974
  87.148  154.060  175.849
  88.106  148.763  177.692
  91.625  160.339 -174.518
  75.987  161.175 -179.780
  86.696  150.989  174.576
  75.770  144.439  175.165
  89.489  164.418 -177.562
  91.769  163.154  155.398
  93.791  156.939  174.012
  86.588  150.024  175.281
  86.884  147.587  174.538
  90.706  149.927  178.437
  86.812  137.285  175.933
  94.258  152.687 -179.180
  88.360  166.535  171.452
  86.404  176.390  169.328
  75.939  152.978  172.531
  97.175  160.243  169.432
  77.903  138.280 -174.191
  96.594  147.626  176.568
  79.699  153.483 -157.069
  84.062  141.143  175.403
  88.074  148.710 -172.922
  80.627  144.678 -168.000
  92.317  161.391  162.746
  85.096  142.410 -179.852
  87.128  158.362  176.097
  84.810  148.492  170.422
  86.043  151.788 -169.563
  83.972  136.679 -179.274
 100.361  149.521  169.641
  91.629  131.080  172.585
  95.369  154.559  169.711
  85.122  143.743 -174.213
  86.300  142.995 -160.091
  83.472  155.519 -176.660
  93.940  147.672  174.715
  83.479  147.998 -175.741
  77.320  156.792  174.648
  85.962  150.854 -176.863
  86.523  142.627  179.814
 106.045  153.693  179.079
  93.493  152.701  176.599
  85.771  138.607 -172.958
  85.738  150.600 -173.339
  85.616  151.253  168.251
  93.473  135.491  172.398
  79.023  141.359  167.800
  94.997  159.800  173.127
  78.809  153.926  171.714
  91.156  156.155 -176.730
  80.246  151.528 -176.541
  80.515  151.452  174.023
  96.306  136.414  171.455
  74.628  153.292 -166.389
  79.281  147.213  175.210
  85.090  146.941 -166.507
  85.617  153.147 -173.884
  75.659  153.783  179.408
  78.643  147.613 -150.139
  85.900  138.928 -179.980
  90.835  147.315  176.613
  91.052  151.284  168.196
  90.173  152.889  172.606
  90.895  137.489  170.478
  89.944  138.077  177.204
  90.517  163.246  178.544
  83.517  152.948  170.677
  79.130  148.559 -162.584
  87.013  153.347  163.814
  76.421  155.665 -163.394
  83.482  137.495 -177.944
  80.928  137.829  172.047
  90.534  154.112 -178.925
  83.520  151.173  179.107
  88.707  139.524 -174.925
  79.493  141.347 -166.922
  87.773  163.479  159.998
  85.841  148.012 -168.808
  92.574  154.603  173.035
  80.403  149.843  179.299
  87.653  136.834 -175.460
  97.219  144.578  171.696
  83.282  150.871  177.908
  89.151  145.832  169.794
  83.503  148.219  178.615
  88.857  139.774 -176.089
  85.357  139.305  170.492
  87.492  153.975  179.038
  84.506  148.251 -166.518
  87.204  145.725 -172.638
  90.029  157.789  173.031
  93.227  152.344  173.413
  87.316  133.874  174.833
  93.816  152.214  167.533
  83.431  151.647  179.348
  81.847  157.379  174.808
  87.768  160.126  176.665
  75.293  134.973 -160.126
  95.277  143.794 -168.852
  90.275  152.644  155.555
  84.394  143.250  178.200
  85.323  149.963 -177.342
  80.600  142.583 -173.388
  77.412  167.302 -176.441
  80.163  159.019 -175.235
  94.085  159.134 -168.602
  76.286  151.585 -173.884
  92.701  147.304 -177.403
  93.931  141.352  160.552
  85.054  138.196  178.595
  93.137  157.882  171.496
  88.211  153.731 -177.988
  98.620  147.231 -173.803
  85.318  146.253 -172.952
  77.400  154.296  163.374
  92.243  154.890 -176.613
  92.587  159.214  169.654
  94.305  145.609  159.386
  83.699  155.855  176.785
  86.531  159.096 -173.731
  92.960  136.243  176.563
  82.193  157.202  163.364
  92.154  142.135  163.565
  85.821  155.838  168.605
  93.996  144.260  173.004
  76.809  149.297 -170.752
  90.299  150.005  175.513
  92.394  141.487  161.891
  82.878  147.692 -164.497
  77.953  152.333 -175.008
  92.048  156.084  171.903
  84.338  133.036  175.028
  86.250  158.178  175.947
  88.675  154.380 -177.223
  78.044  142.615 -177.434
  78.951  142.819  176.306
  86.980  152.249  166.781
  85.119  144.996  178.504
  94.417  148.333  171.300
  95.392  160.531  168.876
  77.447  155.749  179.626
  86.635  154.420 -176.220
  86.994  146.421  159.518
  93.547  140.184  166.312
  76.193  138.333  173.989
  81.974  145.743 -178.059
  87.839  157.854  164.009
  96.793  150.200  168.231
  86.314  151.563  179.426
  85.092  148.307  168.747
  89.437  159.687 -167.453
  82.612  141.824  174.792
  92.095  148.842  166.680
  78.250  155.417  160.278
  82.190  145.522 -178.216
  83.811  157.132 -176.449
  80.713  155.343  161.195
  95.360  141.425  175.791
  90.319  159.070  174.310
  79.506  150.399 -159.525
  88.903  151.745  176.117
  96.089  155.437  170.391
  91.394  140.912  176.859
  89.860  146.798  176.420
  77.116  144.988 -162.109
  80.717  149.254 -162.422
  83.822  145.175 -175.587
  83.007  152.776 -168.317
  88.660  149.066  169.716
  86.700  147.964  168.534
  82.577  144.735  179.211
  81.382  137.424  178.510
  91.012  151.998 -175.792
  83.783  154.878  172.257
  87.658  151.528  179.686
  84.534  151.088  166.111
  85.045  156.738 -163.472
  88.068  145.042 -179.948
  83.879  150.442  168.080
  71.353  140.279 -161.847
  92.441  136.787  173.732
  85.445  143.903 -177.650
  94.727  145.644  177.386
  85.609  138.798  173.714
  94.351  150.956 -173.133
  82.907  156.752 -161.857
  90.580  154.874  163.231
  86.372  160.303 -179.901
  83.052  143.472 -174.120
  77.787  140.593 -156.459
  94.570  152.497 -175.164
  94.044  155.035 -171.237
  89.426  146.559  179.158
  94.697  145.015 -172.364
  90.120  149.930  176.270
  88.220  151.777 -167.765
  94.645  143.079  166.534
  92.816  140.273  171.908
  88.028  151.666  179.121
  87.267  162.743 -176.807
  86.473  157.338 -176.763
  90.879  157.261  176.221
  97.013  131.351  169.231
  83.575  152.827  177.868
  92.553  142.692 -178.149
  85.923  157.799  170.021
  82.954  143.050 -170.854
  93.303  154.599  169.694
  88.036  144.527  174.911
  85.566  151.970  179.717
  94.929  164.896 -174.801
  87.781  156.060  175.081
  85.970  147.410 -179.058
  88.990  142.914 -177.963
  88.128  150.022 -176.315
  86.815  143.960 -178.451
  89.727  145.139 -171.531
  87.866  160.644  175.746
  82.307  138.864  165.373
  79.443  158.477  177.943
  90.374  133.713  178.691
  89.591  147.911  177.757
  92.050  151.857  178.444
  93.171  150.026  175.418
  87.683  135.125  176.843
  81.990  150.576  175.148
  93.455  146.259  175.161
  78.972  154.126  164.888
  86.459  139.369 -174.482
  91.691  157.918  172.437
  82.313  153.559 -172.294
 103.857  146.783  164.502
  91.437  151.686 -173.886
  82.591  148.583  179.533
  86.736  148.496  176.233
 103.917  148.299  172.109
  87.051  140.880  178.325
  84.798  146.207  162.958
  93.853  157.642  171.576
  94.954  153.591  172.621
  84.956  156.178  171.939
  93.181  154.793  174.786
  84.457  149.862  164.917
  96.104  136.719  176.001
  76.910  145.696  173.539
  87.228  154.452  152.688
  89.067  151.532 -173.282
  88.194  159.325  170.735
  85.865  158.520  175.221
  78.688  151.050 -171.520
  88.360  151.629  175.433
  90.298  142.696 -174.920
  90.930  131.938 -172.649
  80.410  149.055 -170.240
  90.817  150.856 -174.342
  79.424  153.059 -168.659
  83.272  156.588  160.809
  88.297  137.105 -174.520
  95.536  154.253 -174.108
  88.055  154.345 -179.639
  95.837  156.424 -179.339
  80.864  154.095 -173.898
  89.011  144.599 -178.093
  88.250  155.488  171.380
  83.700  154.927  172.628
  87.275  145.801  177.228
  87.498  151.697  179.152
  87.846  142.960  170.237
  85.184  140.655  179.782
  87.691  152.097  175.691
  73.613  147.273 -176.828
  93.313  147.758  170.023
  82.501  155.855  168.572
  96.595  152.584  173.590
  92.124  158.965 -177.848
  95.922  153.641  169.020
  76.059  145.416 -154.982
  84.358  150.886 -173.711
  90.516  138.119  174.385
  90.104  144.800  176.521
  86.788  142.438  152.623
  88.032  161.096 -176.602
  97.598  151.306  160.043
  77.525  146.745  172.863
 103.791  143.263  171.599
  86.970  150.149  149.012
  86.473  150.057 -176.315
  71.610  144.648 -177.565
  91.927  145.368 -160.059
  81.192  167.101  168.142
  97.841  143.369  169.570
  94.450  138.076 -172.954
  92.472  154.065  169.871
  85.998  155.713 -178.742
  87.591  134.203  178.198
  81.106  147.098  168.552
  82.623  153.843 -168.884
  74.987  156.016 -177.151
  84.236  140.770  171.321
  79.075  163.733  172.488
  90.522  152.398  178.328
  89.477  161.513 -176.027
  86.104  154.774 -175.527
  89.036  135.665 -168.383
  93.746  148.888  173.420
  84.649  141.232 -179.842
  81.614  144.476 -176.200
  85.886  147.236  169.407
  89.417  157.677  170.416
  79.949  146.835  163.075
  81.697  155.504 -164.613
  88.664  156.669  177.380
  80.591  147.368  179.642
  84.977  152.054 -166.314
  91.163  144.617  177.851
  88.978  151.204 -178.193
  89.897  152.759  171.094
  93.807  144.937  173.152
  94.118  146.460 -170.696
  95.808  148.662 -161.002
  85.302  145.436  177.206
  95.419  152.316  162.348
  96.902  167.247  178.365
  84.154  154.257 -178.021
  80.624  144.763 -178.495
  87.428  144.571  175.455
  76.425  145.998 -164.857
  75.881  156.972  159.182
  90.352  152.214 -176.002
  89.027  150.565  177.435
  96.503  157.040  155.977
 101.794  157.153  169.456
  76.648  139.259 -176.474
  87.037  150.994 -171.655
  91.718  146.779  172.176
  83.261  137.993  172.611
  80.850  152.886 -171.979
  89.326  145.367  168.415
  81.500  137.705  175.477
  95.523  152.767  179.180
  90.466  145.473  177.500
  78.267  149.793  162.593
  87.093  153.458  174.569
  85.966  147.940 -167.597
  90.206  129.707  173.018
  85.917  154.289 -176.364
  93.138  148.211  174.027
  83.240  156.753 -177.374
  90.471  165.032  160.963
  82.202  163.197 -172.094
  88.734  143.779  172.144
  86.498  159.331  167.490
  87.153  139.020 -174.154
  90.584  152.873  179.296
  91.198  147.623  174.401
  83.585  149.091 -178.293
  70.460  159.549 -177.591
  86.839  138.441 -169.241
  83.306  152.534  170.434
  82.112  147.901 -166.440
  90.205  145.533  178.379
  84.566  143.979  165.602
  82.707  154.730  176.265
  84.152  148.745  179.511
  89.724  133.735  176.358
  97.674  157.855 -169.239
  85.828  149.097 -162.809
  86.676  142.692  177.206
  92.322  146.476 -173.532
  92.710  151.369  160.524
  77.168  139.373 -178.814
  89.604  156.808  171.585
  90.620  142.093  170.686
  90.470  147.372 -171.281
  82.187  149.673  172.935
  85.344  155.926  179.660
  91.586  140.616  167.444
  91.078  158.949  169.219
  88.436  148.724  179.488
  87.727  149.841 -164.878
  83.184  140.066  171.504
  97.139  145.771  176.754
  74.734  156.782  177.963
  87.907  146.855 -179.644
  84.187  141.509 -173.060
  93.463  150.510  166.871
  85.006  140.639  175.750
  86.523  155.039  172.907
  88.095  156.843  162.134
  88.541  138.526  164.814
  90.567  147.945  167.068
  89.554  155.252 -172.289
  90.624  156.305 -176.111
  85.009  157.945  170.154
  89.473  154.804  164.397
  84.874  149.059  170.301
  78.891  147.449  175.302
  84.926  145.140  175.128
  78.472  151.238 -169.595
  79.593  144.802  156.883
  94.299  161.872 -172.186
  91.188  154.513 -174.324
  91.921  158.010  163.287
  88.601  152.602  175.565
  98.402  161.054  168.275
  86.058  145.572 -179.386
  78.080  155.794  166.648
  83.806  154.839  174.806
  82.994  143.725  179.259
  83.652  140.327 -175.047
  83.003  165.124  172.731
  84.575  139.299  172.466
  91.169  143.645 -167.902
  92.048  143.973  170.026
 104.423  148.795  177.632
  86.541  133.763 -175.541
  95.257  150.968  153.465
  87.048  151.459  176.194
  87.177  157.376  176.011
  91.256  149.014  174.719
  91.271  152.263  176.591
  88.241  149.768 -172.027
  79.906  147.672 -177.297
  84.523  147.021 -175.262
  94.611  142.642  175.600
  85.483  153.932  173.293
  81.445  156.280 -172.105
  89.326  160.408 -171.514
  78.937  160.157  178.257
  85.744  145.549 -173.201
  87.834  151.613  178.230
  83.166  146.327  168.127
  97.078  147.532 -167.985
  89.107  133.333  161.972
  84.655  157.503  167.697
  90.798  150.222  177.042
  88.215  150.245  153.557
  85.045  141.724  178.198
  89.851  141.053 -176.559
  89.134  146.651 -173.853
  91.718  156.329  170.819
  85.274  151.511 -178.094
  91.158  163.447  179.749
  90.140  166.963  167.011
  72.785  157.110 -175.386
  88.119  136.564  169.385
  77.189  153.248  178.254
  97.050  152.542  172.591
  89.874  144.391 -175.038
  91.194  154.061  169.622
  79.331  144.672  170.376
  78.670  142.423  177.449
  92.063  146.665 -178.945
  84.062  142.530  179.096
  90.281  141.617  169.291
  86.079  139.290  179.491
  89.713  143.457  176.736
  90.335  146.193  167.880
  96.659  150.672 -175.581
  78.246  157.064 -170.086
  76.577  160.335 -175.351
  89.348  143.012  179.510
  78.413  149.476  179.137
  91.645  137.824  176.227
  86.959  153.503 -179.791
  91.922  159.503  161.690
  81.630  159.038 -166.757
  79.663  139.885 -179.929
  83.472  152.883  178.118
  90.714  150.795  179.583
  81.623  146.163  162.795
  88.959  154.648  164.870
  73.285  157.637 -168.990
  80.166  144.048 -162.518
  78.382  144.945 -171.407
  97.372  142.935  170.575
  89.903  140.943  167.268
  74.872  154.006  177.446
  89.786  150.326  175.028
 100.755  154.932  175.164
  89.003  156.543 -178.236
  81.220  150.388 -166.361
 102.953  147.489 -177.651
  90.711  152.282 -178.979
  79.799  147.185 -168.157
  97.801  143.353 -166.656
  91.489  135.213 -175.553
  81.034  145.734  170.595
  92.794  147.272 -168.572
  80.988  137.318 -178.464
  87.181  154.884 -172.633
  94.839  150.296 -178.477
  77.707  138.068 -170.286
  82.848  153.657  169.227
  92.071  156.169  170.797
  84.610  141.765  162.047
  83.637  159.671  166.541
  91.215  148.438  179.224
  84.515  157.888  172.234
  89.754  144.135  178.427
  85.644  157.759  179.627
  97.512  152.172  174.237
  94.205  147.200 -176.451
  92.721  147.690  166.722
  82.789  141.382  171.139
  88.760  146.818  171.633
  88.882  147.385  166.443
  93.008  139.726  160.178
  88.909  140.392  177.130
  80.508  151.551  164.362
  84.371  150.370 -176.791
  90.666  159.690  173.881
  81.669  139.530  171.834
  99.196  153.257  161.880
  97.585  154.956  165.003
  88.338  136.419 -176.468
  84.191  148.467  169.805
  97.868  147.302  160.337
  86.357  155.313  171.106
  82.176  153.319 -171.959
  76.239  149.832 -176.022
  83.139  140.761 -146.043
  91.197  146.202  163.203
  90.701  146.539 -176.057
  80.136  149.091  166.410
  87.785  131.174  179.445
  88.568  152.429  171.525
  83.256  141.547 -161.180
  90.011  147.375  167.002
  92.925  145.999  169.922
  90.280  146.337  174.215
  80.929  159.125  176.084
 106.158  146.282 -157.769
  89.511  143.253  171.313
  89.958  148.246  174.692
  87.621  152.374 -179.724
  90.720  149.172  175.296
  85.715  158.965  178.862
  90.908  145.413  176.826
  84.662  141.383 -161.623
 101.424  152.546  178.214
  90.120  178.578  169.942
  73.413  156.520  175.214
  93.074  133.926  172.346
  89.927  156.080 -163.268
  92.650  145.068 -169.077
  82.983  141.300  169.359
  75.118  154.201  177.966
  93.164  154.788 -177.947
  94.035  144.930  176.432
  88.107  146.997  169.822
  86.388  153.843 -177.707
  84.745  141.545 -175.382
  97.785  146.881  149.935
  89.873  137.229 -173.493
  82.710  150.867  172.345
  83.779  150.512  179.097
  81.435  142.003  171.834
  92.371  147.332  174.533
  90.092  152.201  171.759
  96.073  151.323  175.329
  98.310  150.689  177.366
  83.060  137.647  165.093
  78.438  158.184 -167.016
  82.472  146.960  176.725
  77.440  143.276 -157.658
  95.956  155.766  176.243
  88.598  149.192  173.505
  89.951  151.977  172.862
  91.995  159.327 -170.456
  97.842  156.054  173.497
  90.493  141.821 -171.151
 105.837  140.078  156.279
  88.639  149.726 -166.158
  81.795  152.095 -179.206
  79.650  151.128 -175.402
  84.574  161.160  152.329
  82.427  147.135  168.029
  92.219  139.119  174.302
  88.074  140.164  169.986
  89.301  153.397  178.501
  93.300  145.939  177.685
  94.684  155.599  176.541
  89.181  149.105  170.450
  88.522  156.460  174.218
  76.783  150.634  175.213
  80.700  140.120 -168.420
  90.570  150.509 -177.303
  83.705  143.071 -164.258
  90.572  153.890  178.901
  79.912  156.643 -172.056
  92.312  160.301  176.673
  82.674  148.530 -179.143
  83.313  151.746  175.728
  82.861  158.966 -177.169
  74.574  149.762 -169.328
  86.295  163.990 -179.482
  82.455  153.178 -173.398
  88.473  152.953  173.498
  89.604  156.207 -173.536
  96.973  148.362  169.419
  79.157  150.241  178.998
  77.543  156.906 -170.118
  83.957  150.382 -164.786
  95.410  128.331  161.502
  88.953  154.233  176.979
  85.714  145.541 -168.652
  79.758  141.105 -175.585
  85.238  137.626  168.122
  97.213  151.477  177.837
  85.498  151.766 -163.711
  90.889  160.778 -172.979
  84.970  163.147 -175.949
  89.850  154.330  164.994
  95.317  154.486  174.636
 103.413  160.178 -175.323
  80.153  140.922  173.921
  77.663  139.809 -158.702
  84.735  145.806  163.548
  97.980  157.880  157.873
  71.416  169.445 -174.563
  89.742  148.934 -180.000
  92.972  151.366  173.069
  79.069  162.647 -175.686
  91.640  150.800  166.077
  83.567  136.206 -175.816
  85.861  153.930  173.065
 101.637  141.409  157.920
  93.706  149.247 -177.884
  86.404  159.396  166.997
  89.065  144.409 -177.066
  95.785  149.008  164.896
  92.719  143.141  170.413
  84.372  146.989  179.370
  80.909  136.714 -162.754
  91.016  144.938  162.965
  68.538  151.803 -158.602
  75.029  154.466  164.724
  96.544  146.662  177.863
  86.826  169.965 -176.152
  88.137  160.224  171.016
  80.247  153.038  178.131
  95.503  150.552  164.219
  75.744  144.071 -173.997
  84.166  136.020 -176.813
  89.006  149.861  164.896
  88.900  137.730 -177.787
  80.020  154.646  166.496
  91.584  154.233 -179.209
  89.560  154.158 -179.009
  98.575  145.066  179.791
  90.576  145.580  166.821
  83.121  150.846  179.011
  89.120  147.121  172.634
  94.071  165.031  165.569
  87.027  147.133 -177.614
  84.983  145.980 -179.159
  84.224  155.765 -175.100
  87.688  145.276 -176.637
  93.473  152.261 -176.093
  91.599  153.000  169.659
  75.881  138.347 -177.196
  83.430  137.766 -173.626
  85.752  146.406  170.205
  90.417  150.581  160.108
  99.681  157.139  172.726
  82.034  144.868 -173.526
  89.729  148.835  167.413
  85.492  149.837  178.539
  80.599  148.339 -179.862
  85.390  147.101  175.145
  69.963  151.674 -160.018
  89.548  142.014  172.018
  84.060  151.097  177.307
  77.561  140.513  171.673
  77.016  152.040 -179.419
  78.545  144.551 -175.206
  93.369  147.741  174.765
  83.996  151.298  167.147
  84.146  141.248 -179.090
  85.500  151.082  167.037
  85.421  147.855  174.138
  80.144  140.783 -175.729
 100.492  147.184  176.680
  76.871  154.743 -178.549
  90.388  161.333  173.684
  92.923  145.988  163.422
  89.847  142.759  169.949
  91.469  143.661  179.966
  80.693  149.239  175.671
  87.275  155.203 -175.380
  88.735  143.350  178.211
  87.383  142.972  163.746
  81.309  158.099  177.748
  92.459  141.510  175.890
  99.359  150.971  179.834
  92.555  142.582  174.520
  90.668  147.723  169.530
  95.423  150.932  160.378
  88.870  151.217  176.240
  85.849  146.573  178.768
  93.709  151.395 -173.522
  83.515  149.031  178.509
  90.471  149.597 -168.836
  86.178  147.805  160.526
  82.788  139.743  178.268
  82.856  154.463  163.496
  90.567  147.848  179.227
  93.512  143.785  169.663
  94.940  162.033 -177.026
  88.288  146.268  177.347
  86.975  151.087 -166.346
  79.523  151.023  170.998
  67.776  151.194  177.749
  84.525  146.677  177.945
  88.253  145.687 -176.853
  87.989  138.254 -171.565
  88.112  151.522  170.755
  99.922  148.558  178.382
  79.092  149.320 -173.235
  89.949  147.837  166.856
  86.862  135.868  174.196
  78.795  150.749  163.372
  87.953  147.032  161.624
  82.920  137.671 -170.209
  88.679  152.441  175.736
  77.644  136.230 -172.279
  82.044  163.049  178.471
  87.451  156.652  161.066
  82.875  142.174  163.678
  89.585  144.037  173.886
  80.974  144.475 -179.157
  87.182  151.959  161.870
  86.022  145.605  177.131
  80.668  151.926 -162.955
  96.037  155.550  164.041
  95.908  142.805  171.848
  88.102  163.704  176.168
  83.282  150.780  166.110
  86.375  153.046  175.417
  83.298  149.817 -165.683
  81.611  160.324  172.403
  82.214  157.402 -168.621
  91.073  139.092 -176.826
  87.804  159.634  164.172
  85.061  152.494 -177.639
  89.906  140.386  174.851
  92.960  128.914 -179.822
  97.573  154.812  175.122
  89.214  145.864  155.700
 102.231  142.222  163.168
  93.244  142.568  176.191
  79.655  145.744 -172.747
  94.740  158.801  170.078
