 -34.093  149.855  176.137
 -36.427  146.120  163.264
 -36.666  146.741  153.222
 -34.011  163.565  158.479
 -36.881  140.043  149.177
 -47.093  157.031  159.009
 -29.465  129.347  159.960
 -18.005  150.750  152.992
 -38.491  146.728  177.592
 -44.610  149.334  177.289
 -31.388  151.479 -175.010
 -47.601  146.780  163.464
 -34.392  149.972  174.426
 -28.541  145.715  166.601
 -35.696  150.183  162.927
 -32.508  151.332  158.391
 -25.198  132.391  172.219
 -26.192  131.211  166.898
 -21.876  140.724  154.807
 -39.231  140.759  172.024
 -30.874  132.548  170.888
 -36.669  155.566  168.192
 -36.497  153.822  150.790
 -52.454  142.102  178.752
 -40.431  144.485  157.785
 -31.591  129.487  166.947
 -44.614  139.268  164.140
 -28.215  145.124  168.036
 -36.032  143.235  169.156
 -25.408  150.526  175.770
 -22.573  137.260 -179.041
 -39.080  143.060  167.247
 -25.703  146.244  159.914
 -33.077  145.748  173.228
 -34.000  136.135  167.910
 -30.234  156.445  158.990
 -32.286  145.780  154.599
 -39.408  151.984  150.991
 -36.826  153.086  157.581
 -28.664  148.951  173.199
 -47.118  145.605  167.358
 -35.713  137.720  171.948
 -40.828  152.996 -176.058
 -41.587  153.515  174.891
 -26.559  143.964  148.457
 -30.641  151.308  160.417
 -29.349  147.194  169.357
 -29.498  145.693  139.554
 -39.166  138.975  155.610
 -25.309  143.335  173.705
 -23.878  146.353  160.833
 -32.414  150.320  169.641
 -42.307  143.957  161.983
 -22.325  144.200  162.305
 -28.374  141.412  158.183
 -37.417  146.784  157.780
 -16.948  131.750 -166.876
 -27.789  139.888 -178.623
 -28.618  148.926  177.762
 -19.279  143.150  154.945
 -28.497  134.820  162.254
 -33.472  145.378  144.831
 -33.372  146.999  166.575
 -34.182  147.204  145.579
 -29.650  141.311  166.212
 -30.196  149.129  174.169
 -34.695  143.069  156.903
 -26.255  134.953  156.012
 -37.786  149.725  157.532
 -49.940  146.351  175.942
 -39.588  143.962  166.302
 -33.517  135.949  174.014
 -22.553  145.335  167.803
 -39.831  153.930  170.231
 -41.243  155.520  179.440
 -33.038  142.961  169.940
 -29.206  131.298  176.038
 -38.751  157.024  167.131
 -37.020  142.237  163.346
 -35.381  150.226 -176.042
 -23.392  140.131  162.922
 -33.047  131.604  176.388
 -32.383  153.916  144.526
 -26.135  150.098  171.597
 -30.414  141.153  152.014
 -26.101  135.181  171.353
 -26.294  140.738  176.356
 -29.312  149.798  157.933
 -51.803  148.731  165.920
 -30.349  144.636  145.956
 -26.390  150.981  166.136
 -43.065  151.296  151.188
 -41.439  139.303  178.027
 -30.501  141.154  158.715
 -41.379  145.351  158.208
 -22.579  147.904  171.634
 -37.751  142.385  175.844
 -34.337  145.149  178.559
 -37.802  146.684  160.652
 -38.878  142.399 -177.793
 -30.167  148.697  147.928
 -25.911  143.455  151.291
 -29.413  145.746  175.510
 -29.160  147.831  161.899
 -18.844  133.390  158.592
 -44.191  140.041  169.980
 -30.408  150.549  156.932
 -38.513  147.749 -179.905
 -26.107  132.852  179.897
 -37.126  145.663 -176.744
 -24.149  152.547  153.950
 -37.258  159.280  170.559
 -34.660  151.229  172.637
 -18.531  137.400  169.556
 -47.524  151.755  170.704
 -35.671  138.424  165.823
 -32.411  130.529  142.159
 -34.103  149.621  155.863
 -34.412  145.944  157.163
 -43.650  134.578  170.136
 -18.000  147.155  161.291
 -33.619  149.871  160.197
 -47.399  149.116  168.402
 -36.222  138.526  163.164
 -29.967  137.560  163.247
 -41.802  146.833  167.133
 -41.465  150.904  159.276
 -35.683  143.567  167.288
 -37.660  135.917  164.049
 -44.925  150.805  154.009
 -46.447  148.134  160.943
 -36.821  140.094  165.575
 -38.875  143.734  139.203
 -37.027  152.618 -171.044
 -48.523  161.320  169.246
 -42.996  147.914  169.187
 -36.426  153.454  150.353
 -29.755  142.544 -172.220
 -38.714  145.433  167.626
 -30.931  135.523  176.082
 -36.993  142.568  161.614
 -32.367  149.688  166.391
 -42.635  155.743  174.467
 -36.340  142.322  162.219
 -30.613  147.474  144.435
 -34.553  140.139  173.251
 -48.787  141.102  166.301
 -36.416  133.599  154.198
 -32.445  141.765 -177.309
 -39.674  144.415  169.968
 -46.015  150.700  171.393
 -41.859  136.804  175.328
 -26.609  139.647  174.637
 -30.872  138.420  160.389
 -36.444  152.333  156.684
 -41.908  151.559  164.922
 -49.120  142.081  164.833
 -26.609  141.562  166.349
 -27.488  147.648  160.597
 -48.264  157.896  168.222
 -37.813  150.012  155.216
 -41.210  134.092  173.073
 -39.609  144.020  150.943
 -35.097  129.564  140.874
 -34.004  146.503  158.100
 -36.824  153.402  173.831
 -40.031  147.419  173.402
 -33.159  149.734  166.455
 -26.140  152.339  151.482
 -46.977  143.429  160.257
 -21.183  145.311  167.755
 -35.831  145.662  159.608
 -36.417  141.460  158.514
 -41.379  153.924  171.780
 -36.689  144.252  162.700
 -25.863  141.425  153.705
 -24.584  144.364  162.946
 -19.840  150.412  157.675
 -36.331  148.921  169.518
 -31.732  141.523  159.683
 -22.829  148.205  161.753
 -40.485  140.317  164.313
 -30.081  121.256  167.277
 -24.819  141.907  165.758
 -45.491  155.880  173.595
 -35.366  151.733  153.062
 -42.582  150.108  170.900
 -34.193  134.962  166.054
 -37.383  142.947  168.827
 -46.355  141.459  163.073
 -29.264  145.338  155.461
 -37.534  147.658  171.893
 -15.266  136.903  159.113
 -33.263  143.089  158.439
 -28.599  146.574  154.566
 -43.486  145.057  170.054
 -32.499  143.857  174.832
 -39.134  149.342  160.905
 -36.990  142.517  163.504
 -35.085  153.764  165.567
 -34.868  153.197  153.783
 -32.991  143.954  156.503
 -34.212  147.303  167.554
 -33.994  151.879  157.582
 -31.999  154.164  168.541
 -27.080  140.569 -176.425
 -26.589  146.511  162.631
 -35.365  136.944 -178.486
 -39.546  156.491 -179.144
 -30.015  144.718  168.840
 -30.934  140.366  167.624
 -34.725  144.571  149.962
 -31.822  143.042  172.870
 -34.329  145.059  168.238
 -26.307  151.903  164.838
 -37.007  136.847  144.228
 -25.430  141.912  148.144
 -38.735  161.035  176.662
 -29.191  144.488  171.529
 -26.581  143.101  173.336
 -46.384  146.640  175.353
 -41.596  140.186 -179.299
 -20.391  143.700  166.013
 -38.331  142.274  173.742
 -35.469  150.474  177.182
 -32.357  159.652  153.246
 -27.402  135.953  167.698
 -36.265  133.912  172.619
 -19.526  150.896  157.131
 -27.306  160.094  158.997
 -36.712  147.158  160.077
 -32.412  139.339  170.240
 -31.057  147.266  161.306
 -49.522  143.742  154.365
 -37.815  138.187  177.089
 -37.713  143.912  160.101
 -20.774  134.695  162.248
 -32.811  147.348  156.355
 -48.002  145.691 -176.681
 -28.158  150.900  160.420
 -37.794  140.850  155.664
 -35.513  138.815  158.117
 -31.266  146.858  162.660
 -27.567  137.937  161.380
 -23.463  144.170  176.325
 -28.885  153.165  173.268
 -32.692  149.095  156.877
 -32.633  143.729  162.288
 -38.757  150.427  167.036
 -37.377  146.118  172.437
 -46.575  138.105 -157.956
 -28.898  148.442  161.238
 -20.719  139.329  155.579
 -37.091  143.992  161.780
 -25.716  156.947  174.504
 -34.509  136.304 -177.429
 -45.966  152.493  170.683
 -21.281  144.311  171.431
 -30.781  139.766  158.151
 -36.205  144.061  162.152
 -36.570  133.224  158.877
 -38.762  159.560  168.187
 -26.667  149.075  164.836
 -36.384  137.663  161.484
 -39.311  152.502  170.415
 -39.079  138.685  159.016
 -28.990  154.880  162.693
 -48.203  145.903  179.394
 -32.292  123.004  168.892
 -34.818  149.200  164.418
 -34.639  136.317  174.298
 -41.514  155.959  164.370
 -42.944  145.165  157.058
 -32.075  147.762  160.279
 -36.805  153.480  173.874
 -32.813  145.242  161.781
 -37.683  155.312  169.374
 -41.714  148.379  166.142
 -29.283  131.410  168.097
 -36.789  137.220  173.998
 -41.594  149.138  172.907
 -42.935  145.769  171.177
 -33.764  155.259  170.057
 -34.961  150.366  164.239
 -26.116  153.936  145.881
 -36.424  150.001  161.727
 -23.158  153.742  164.779
 -34.379  143.004  154.895
 -31.100  154.855  163.585
 -32.611  146.687  159.876
 -30.974  136.036  156.121
 -28.036  152.241  163.324
 -35.249  151.262  161.751
 -47.110  152.858  171.154
 -33.673  140.636  149.592
 -42.526  139.851  157.871
 -44.983  142.503 -179.210
 -41.527  154.481  149.124
 -41.151  146.390  173.996
 -39.964  153.040  160.661
 -37.533  159.516  165.153
 -43.389  148.269  163.974
 -49.960  150.580  160.905
 -34.759  150.060  168.683
 -41.327  151.875  178.099
 -33.246  144.484  163.294
 -43.100  156.834  169.631
 -31.638  133.140  176.066
 -41.429  146.104  171.664
 -32.096  135.761  171.363
 -33.344  145.490  178.689
 -23.030  141.401  158.136
 -36.083  151.893  161.557
 -37.754  155.637  160.855
 -49.911  154.322  175.976
 -36.716  153.673  173.090
 -26.109  146.259  167.032
 -37.816  141.523  162.114
 -55.283  138.547  176.575
 -26.249  152.351  157.047
 -12.507  143.124  163.501
 -27.945  131.019  169.284
 -25.872  149.691  146.178
 -25.736  142.966  164.063
 -29.873  148.876  162.869
 -20.587  131.896  168.475
 -35.560  147.770  171.062
 -20.140  136.484  172.323
 -30.181  157.348  155.665
 -32.334  135.986  175.611
 -23.190  147.393  136.228
 -27.446  143.275  164.433
 -34.690  136.362  166.678
 -40.747  145.026  145.536
 -22.542  152.773  164.698
 -29.842  138.804  161.288
 -38.093  138.335 -177.509
 -41.906  152.448  159.129
 -46.452  146.977  173.406
 -37.540  159.939  179.256
 -33.794  144.420  157.281
 -33.489  136.695  168.571
 -31.560  139.297  158.758
 -38.891  139.199  168.331
 -28.076  149.362  170.468
 -37.409  153.132  174.747
 -36.006  155.004  170.626
 -34.794  139.468  179.073
 -30.766  148.045  168.011
 -35.668  137.703  155.971
 -36.849  156.122  163.741
 -29.748  148.477  163.446
 -37.881  141.490  167.439
 -15.579  150.421  166.410
 -31.064  146.270  172.487
 -29.326  144.413  147.263
 -45.979  136.415  159.739
 -29.962  142.505  168.781
 -33.873  142.499  161.351
 -41.756  150.609  168.803
 -47.088  159.167  165.809
 -35.852  150.355  169.796
 -42.311  144.667  167.013
 -25.083  142.070  154.453
 -33.909  152.835  156.759
 -37.306  139.652  157.946
 -29.569  147.618  154.369
 -23.139  141.798  150.952
 -34.357  151.046  159.102
 -32.569  144.190  173.396
 -36.270  141.585  154.818
 -29.482  150.663  138.795
 -34.395  144.061  166.995
 -37.368  146.767  145.833
 -39.823  146.252  163.250
 -27.111  139.247 -167.277
 -37.142  154.068  171.775
 -29.767  148.337  171.198
 -36.787  140.704  150.004
 -35.594  145.659  158.398
 -39.570  137.057  164.840
 -40.812  150.880  154.782
 -38.493  156.596  166.563
 -44.360  145.682  175.337
 -34.012  156.336  149.007
 -33.505  137.893  166.903
 -42.692  148.321  176.541
 -26.619  154.094  154.784
 -39.670  140.996  159.908
 -35.798  146.200  173.895
 -16.407  150.168 -175.870
 -32.104  135.254  178.919
 -27.871  153.338 -177.741
 -42.727  147.883  164.985
 -39.042  158.421 -179.956
 -24.710  137.312  162.202
 -29.655  135.809  159.011
 -26.952  140.053  163.705
 -33.019  144.762  170.756
 -24.334  144.106  148.014
 -38.802  141.107  171.729
 -37.074  148.892  164.625
 -35.056  156.617  169.631
 -20.669  145.267  154.596
 -17.191  149.662  151.039
 -36.347  146.563  166.106
 -19.852  154.212  165.265
 -23.515  131.312  177.523
 -41.596  155.147  176.788
 -33.432  150.726  158.161
 -38.643  146.362  161.661
 -32.189  146.555  161.688
 -31.841  150.790  169.687
 -40.772  143.255  165.583
 -32.162  149.876  154.755
 -36.257  152.442  166.978
 -46.288  141.507  169.558
 -32.646  133.613  172.671
 -34.498  153.249  160.994
 -28.571  146.466 -177.058
 -28.802  145.582  173.650
 -22.726  141.544  168.375
 -26.785  143.401  171.941
 -39.475  140.127  177.520
 -31.528  158.630  168.052
 -35.019  146.120  156.935
 -33.580  131.379  174.489
 -41.182  143.239  167.116
 -37.474  147.608  157.779
 -41.435  145.463  149.819
 -45.456  147.609  169.296
 -59.224  142.875 -171.055
 -30.253  145.181  157.953
 -31.734  154.444  164.214
 -33.045  145.184  173.788
 -35.895  146.172  159.573
 -36.883  145.625  174.915
 -32.839  146.865 -179.727
 -35.567  145.398  169.563
 -40.994  144.974  162.242
 -17.723  136.888  132.306
 -30.115  142.145  156.168
 -25.619  150.829  156.085
 -25.006  158.249  151.718
 -33.152  140.823  156.181
 -32.031  148.538  164.665
 -30.193  158.453  161.671
 -23.870  133.601  177.588
 -17.846  142.452  170.526
 -25.587  144.528  167.148
 -25.246  147.956  172.427
 -26.193  136.656  173.094
 -37.037  149.152  167.755
 -45.186  152.195  161.779
 -46.031  154.101  168.643
 -28.856  141.790  159.795
 -26.732  145.604  158.983
 -30.700  150.740  155.228
 -27.316  148.817  157.443
 -24.408  144.130  172.257
 -29.732  133.718  169.195
 -33.596  136.616  168.432
 -32.275  149.709  155.868
 -37.179  137.865  161.067
 -22.000  151.882  158.876
 -30.802  140.374  170.814
 -27.965  154.956  171.325
 -46.176  152.467  164.720
 -34.978  152.533  171.023
 -39.744  143.275  156.170
 -38.309  148.118  163.309
 -22.304  146.926  162.355
 -34.341  150.028  155.174
 -34.184  131.384  174.625
 -39.783  140.150  164.894
 -43.408  146.041  163.566
 -40.099  147.547  171.065
 -29.396  154.013  160.410
 -43.131  133.535 -177.916
 -36.679  141.940  168.559
 -30.121  152.311  160.054
 -27.340  135.334 -177.810
 -30.320  137.097  158.317
 -35.602  144.124  171.486
 -40.526  155.415 -176.335
 -36.249  154.844  168.574
 -35.013  156.179  170.345
 -42.570  143.697  164.045
 -36.485  138.493  168.371
 -21.598  146.826  161.066
 -20.209  141.824  175.520
 -26.487  148.197  164.219
 -40.967  159.914  175.134
 -38.736  155.474  166.866
 -34.694  144.315  169.807
 -46.306  146.638  169.445
 -37.192  156.069  166.748
 -34.267  138.044  157.257
 -44.765  140.956  165.705
 -45.525  146.687  162.547
 -39.014  153.703  164.743
 -37.646  143.227  164.763
 -29.363  143.439  169.982
 -28.735  147.615  168.198
 -23.702  131.914  161.387
 -27.393  143.143  153.359
 -32.236  147.879  172.499
 -32.819  152.541  162.360
 -32.536  141.311 -178.499
 -25.277  153.212  156.642
 -34.736  150.761  172.954
 -27.807  154.183  143.174
 -31.948  141.791  150.060
 -46.009  147.278  167.767
 -23.333  145.364  157.311
 -26.054  154.531  159.686
 -48.417  137.565  160.126
 -33.889  133.866  155.988
 -33.256  142.335  162.146
 -21.277  138.573  171.234
 -32.379  146.644  161.749
 -37.889  150.260  167.331
 -38.906  151.213  170.442
 -30.122  147.077  156.571
 -25.713  144.721  153.645
 -40.190  147.951  161.669
 -25.340  151.015  147.822
 -14.789  136.344  145.658
 -29.813  143.387  152.319
 -37.619  148.896  173.996
 -41.877  151.768  163.856
 -39.579  144.700  174.421
 -18.796  151.581  161.110
 -26.147  145.000  162.267
 -30.483  158.204  162.408
 -18.164  132.385  146.562
 -47.200  150.893  174.841
 -45.161  149.405  173.748
 -30.647  134.975  169.159
 -45.474  140.639  158.382
 -46.086  151.586  162.722
 -33.048  142.666  149.722
 -40.725  134.150  179.572
 -15.783  143.015  149.755
 -37.194  157.608  157.867
 -40.595  134.927  169.527
 -42.918  132.728  164.448
 -21.381  136.265  178.810
 -34.910  146.584  171.069
 -42.277  148.657  171.625
 -40.417  146.675  151.171
 -34.973  141.744  154.158
 -50.920  155.462  167.301
 -32.992  145.815  165.977
 -30.737  140.301  166.701
 -33.106  154.330  163.967
 -39.277  143.998  175.726
 -29.556  139.050  168.382
 -35.110  130.553  157.632
 -34.048  139.821  174.484
 -33.588  149.466  170.661
 -40.796  139.915 -178.764
 -29.185  139.737  133.093
 -33.027  141.415  165.065
 -35.048  139.269  146.891
 -33.397  148.732  149.250
 -32.317  146.075  179.691
 -33.394  151.706  164.867
 -20.862  142.918  169.185
 -39.329  142.562  154.200
 -39.290  151.024 -173.499
 -34.610  143.060  159.478
 -36.951  151.642  175.744
 -38.103  140.995  172.035
 -29.466  129.761  158.684
 -45.407  135.536  163.087
 -32.026  138.788  167.821
 -34.280  153.284  155.881
 -37.667  134.604  173.275
 -44.902  153.920 -174.100
 -31.140  141.895  148.923
 -31.727  132.603  160.301
 -36.041  150.955  178.160
 -32.597  148.268  175.303
 -27.652  143.268  168.395
 -45.367  153.455  163.081
 -29.233  150.998  174.932
 -38.965  154.523  158.623
 -25.036  135.446  156.364
 -27.209  135.274  176.354
 -32.119  137.755  178.558
 -27.380  134.346  161.857
 -28.089  138.204  176.892
 -43.484  157.145  153.802
 -32.947  149.905  157.449
 -25.291  140.232  159.542
 -41.839  136.596  168.852
 -50.822  148.010  165.276
 -30.762  152.226  152.249
 -37.878  153.884  171.263
 -41.324  146.206  165.162
 -23.181  149.857  176.062
 -22.352  156.962  147.857
 -32.817  145.053  169.364
 -32.593  150.115  162.464
 -34.041  148.972  169.443
 -42.306  148.748  172.322
 -29.379  132.561 -159.553
 -35.074  146.463  165.598
 -32.233  142.459  173.711
 -20.884  146.857  158.632
 -41.299  153.933  174.395
 -25.182  137.585  167.566
 -31.353  139.680  148.079
 -44.708  136.909  175.892
 -38.699  137.430 -177.508
 -35.292  147.111  162.014
 -27.712  145.685  142.500
 -26.929  148.203  164.378
 -48.333  149.946  174.723
 -31.557  142.056  172.387
 -36.773  148.740  175.076
 -33.517  143.768 -179.105
 -22.709  145.143 -176.786
 -39.076  148.153  177.575
 -24.510  148.725 -178.470
 -40.834  151.751  170.960
 -44.720  144.334  170.439
 -24.388  143.408 -173.085
 -43.864  144.854  178.999
 -20.767  144.804  161.759
 -27.778  143.938  163.748
 -35.325  143.453  166.795
 -39.469  150.938  170.393
 -40.634  154.616  162.828
 -32.078  133.147  178.686
 -30.176  149.770  169.794
 -34.248  140.878  164.269
 -43.513  147.885  148.152
 -32.073  139.623  169.394
 -32.002  143.417  169.577
 -36.214  139.999  158.985
 -31.708  144.028  151.689
 -46.721  145.217  155.469
 -35.852  147.309  168.122
 -32.148  145.232  158.201
 -35.241  145.516  177.443
 -39.571  145.622  148.748
 -42.482  144.449  163.491
 -39.263  146.225  160.083
 -37.436  140.511  160.156
 -35.564  142.285  170.190
 -27.747  130.585  165.992
 -37.620  140.851 -179.665
 -33.702  142.642  173.071
 -32.675  144.596  159.710
 -35.734  150.921  158.140
 -33.394  140.021  154.021
 -30.996  145.193  150.182
 -28.971  136.973  155.630
 -40.438  153.778  171.123
 -32.771  141.173  177.942
 -37.441  132.516  158.179
 -35.387  142.382  177.708
 -34.321  140.217  158.629
 -25.363  147.244 -173.403
 -34.324  149.952  167.121
 -32.998  136.384  176.660
 -28.406  141.655  171.284
 -34.389  147.315  151.864
 -35.275  146.833  174.204
 -52.452  147.193  169.715
 -37.871  158.243  155.689
 -35.920  137.785 -176.490
 -44.249  148.664  168.306
 -34.172  139.672  177.885
 -25.985  143.407  169.373
 -34.537  144.965  171.879
 -34.334  153.405  165.320
 -42.522  141.713  178.595
 -37.846  151.448  158.022
 -38.217  128.040  167.732
 -27.971  132.568  156.345
 -44.383  159.784  168.384
 -41.939  160.306  174.314
 -33.610  139.421  161.904
 -35.061  144.711  159.608
 -39.991  147.386  177.860
 -30.360  140.927  150.448
 -26.498  138.966  165.064
 -34.074  146.096  158.390
 -30.999  142.631  162.261
 -50.769  151.078  148.586
 -32.208  143.812  163.796
 -55.894  142.903  160.754
 -20.021  142.238  143.856
 -25.631  132.313  162.905
 -23.563  148.601  128.332
 -29.022  143.766  157.089
 -33.586  150.254  153.614
 -36.446  152.730 -175.467
 -44.964  141.445  162.610
 -37.261  142.800 -179.233
 -39.059  157.332  172.249
 -35.070  128.399  170.029
 -32.077  146.228 -178.807
 -34.335  152.757  162.402
 -39.671  152.361  169.107
 -30.784  148.003 -175.440
 -29.913  140.702  171.041
 -42.114  144.686  167.763
 -43.951  138.798  179.080
 -35.964  152.022 -171.145
 -28.228  149.839  163.770
 -26.114  144.670  161.260
 -38.491  153.424  156.912
 -44.917  152.497  153.860
 -46.176  149.971  163.085
 -20.997  138.275  165.174
 -27.252  139.323  171.143
 -41.616  140.382  178.050
 -31.464  148.780  153.510
 -29.828  142.720  171.332
 -43.016  147.602 -174.779
 -35.034  136.919  161.435
 -30.948  153.770  168.225
 -39.050  158.043  173.716
 -33.913  152.940  164.625
 -38.155  138.666  178.932
 -38.291  151.534  158.843
 -31.267  148.860  170.875
 -37.250  148.712  174.618
 -33.051  141.328 -179.980
 -33.423  138.243  143.980
 -28.658  146.695  166.313
 -45.043  148.074  163.361
 -49.702  147.286  164.531
 -29.609  142.146  172.103
 -48.899  154.817  167.325
 -33.104  147.196  174.075
 -39.066  149.381  178.955
 -39.402  135.695  170.927
 -25.037  157.597  166.879
 -33.280  144.564  160.013
 -41.016  133.435  175.839
 -28.824  155.455  151.423
 -41.334  151.706  169.518
 -32.592  144.974  161.111
 -40.622  141.749 -179.706
 -35.391  143.823  160.121
 -35.144  147.887 -179.751
 -37.542  154.552  159.195
 -37.299  145.461  178.951
 -41.416  142.219  165.041
 -33.042  143.122  159.054
 -29.991  144.138  164.263
 -29.791  137.891 -179.980
 -48.854  149.496  176.035
 -41.897  147.212  163.164
 -38.722  134.338  173.866
 -37.035  152.464  156.365
 -31.879  144.414  165.905
 -33.773  152.537  149.186
 -28.724  139.031  155.999
 -34.696  140.516  155.726
 -30.326  126.615  171.990
 -43.399  140.759  171.806
 -38.555  146.341  169.244
 -34.452  154.491  159.039
 -30.375  135.688  157.426
 -35.670  143.538  167.921
 -44.340  144.769  166.023
 -36.843  140.604  153.649
 -30.122  137.498  160.644
 -23.420  139.839  172.465
 -33.892  148.532  165.752
 -50.460  146.453  154.617
 -33.700  150.171  153.782
 -38.463  149.116  177.467
 -44.829  150.052  174.322
 -24.946  153.477  157.971
 -48.992  143.648 -178.638
 -37.302  127.230  164.370
 -33.641  143.191  173.459
 -28.433  154.848  151.802
 -32.399  137.944  170.612
 -34.980  143.716  162.018
 -35.913  143.247  158.914
 -39.526  149.036  174.244
 -22.303  126.761 -176.053
 -29.783  140.929  167.329
 -38.587  149.229  179.770
 -32.670  144.227  171.423
 -30.510  127.479  168.183
 -29.411  139.892  171.230
 -41.520  144.050  151.886
 -24.455  146.435  174.107
 -27.105  151.345  175.968
 -47.190  138.597  168.538
 -21.888  147.335  166.307
 -39.284  151.138  156.354
 -42.537  139.949  176.602
 -26.629  152.753  171.166
 -19.582  146.528  170.919
 -35.947  125.364  143.340
 -41.816  150.903  164.178
 -36.381  148.207  169.136
 -21.229  154.186  169.659
 -24.741  142.957  170.440
 -37.030  144.487  149.436
 -31.789  141.150  156.196
 -34.670  134.230  169.049
 -23.005  153.656  151.959
 -30.511  147.533  157.702
 -36.674  165.652  170.013
 -26.519  153.281  175.765
 -32.185  145.754  161.751
 -29.664  154.870  168.328
 -34.234  135.552 -172.589
 -30.224  147.941  162.254
 -31.993  141.670  170.040
 -32.332  138.544  163.640
 -30.148  139.152  167.550
 -43.257  145.564  178.076
 -28.375  145.527  170.421
 -40.151  136.510  174.173
 -44.826  152.428  166.386
 -39.757  137.518 -171.375
 -31.067  141.850  177.866
 -44.125  156.386  167.828
 -21.857  140.898 -176.811
 -30.669  132.298  171.283
 -33.513  140.152  166.724
 -30.862  148.116  167.039
 -44.180  139.963  170.699
 -39.285  147.750  167.314
 -36.970  152.935  172.793
 -39.780  150.513  159.192
 -31.323  142.649  170.463
 -34.132  136.029  163.848
 -38.050  149.988  169.090
 -32.032  152.584  150.822
 -33.010  156.293 -176.076
 -33.519  160.205  165.980
 -38.740  154.173  157.382
 -32.453  142.298  155.429
 -47.066  147.424  167.672
 -40.005  144.937 -179.357
 -41.901  160.647  146.316
 -15.650  149.907  179.706
 -27.175  142.535  177.271
 -37.073  154.554 -175.642
 -27.116  142.527  153.966
 -27.030  146.637  175.873
 -32.238  151.155  162.146
 -39.589  150.366  178.332
 -31.171  143.962  151.437
 -20.619  151.607  148.872
 -29.392  148.725  163.633
 -23.701  145.798  168.405
 -31.147  136.507  157.856
 -35.250  137.728  166.537
 -22.096  137.734  173.000
 -23.323  149.497  153.537
 -36.241  145.042 -176.870
 -31.347  132.153  167.204
 -39.873  150.695  170.740
 -32.441  132.302  166.085
 -22.519  139.643  150.362
 -41.119  146.189  170.991
 -29.019  158.651  148.841
 -46.576  141.697  167.565
 -41.694  151.761  167.438
 -23.943  143.223  165.495
 -27.893  147.586  174.095
 -28.790  143.506  165.737
 -32.340  137.974  162.879
 -36.911  147.734  173.829
 -30.910  144.948  173.253
 -41.677  153.384  165.088
 -32.818  159.353  172.207
 -36.433  143.758  161.051
 -31.518  146.473  158.200
 -33.132  143.775  172.490
 -31.604  143.956  145.253
 -36.912  142.451  170.887
 -41.641  155.470  157.209
 -40.765  139.640 -177.806
 -43.557  135.931  175.391
 -36.020  150.453  159.190
 -33.600  168.131  161.644
 -33.089  152.772  160.977
 -31.258  136.595  158.180
 -25.651  139.662  163.970
 -34.398  144.661  168.337
 -24.558  143.099  160.632
 -36.761  153.825  170.985
 -40.651  151.609  164.711
 -26.013  156.150  164.835
 -28.546  138.052  173.579
 -37.477  147.351  167.925
 -25.812  138.729  157.944
 -36.082  156.087  167.467
 -37.585  148.986 -166.916
 -42.790  147.396  167.368
 -32.162  150.374  160.910
 -21.737  143.652  154.042
 -33.954  156.454  157.480
 -29.990  137.660  152.264
 -34.398  154.084  164.231
 -39.628  141.130 -164.633
 -38.573  158.944  165.589
 -25.310  136.539  161.548
 -32.631  140.121  176.427
 -32.895  149.235  176.489
 -22.617  154.253  174.078
 -26.552  137.280  179.248
 -26.591  140.210  173.631
 -32.032  141.583  165.344
 -37.741  146.943  161.880
 -51.636  147.945  156.086
 -31.620  150.731  164.638
 -32.610  142.354  156.541
 -37.129  141.656  158.377
 -23.217  143.196  161.403
 -30.415  146.986  158.457
 -32.834  146.232  164.968
 -17.907  144.908  177.015
 -23.518  155.254  154.811
 -33.287  142.592  159.136
 -35.316  142.509  161.799
 -32.325  145.099  162.837
 -37.443  150.313  162.719
 -35.853  146.195  152.976
 -38.785  157.885  163.595
 -34.802  141.659  157.712
 -35.292  131.128  154.355
 -20.407  137.638  175.242
 -35.717  141.064  160.119
 -38.335  143.628  167.787
 -18.685  154.116  146.636
 -40.135  155.715  162.228
 -38.904  153.708  168.035
 -39.548  139.500  165.524
 -42.956  152.528  162.967
 -30.873  139.850  160.660
 -27.678  138.289  163.268
 -19.131  138.543  164.154
 -29.110  155.473  162.548
 -30.365  149.524  156.134
 -25.833  140.332  138.459
 -39.370  144.285  149.788
 -21.740  154.297  154.610
 -32.762  135.954  164.801
 -23.694  148.849  156.536
 -31.139  135.171 -179.119
 -27.421  140.160  159.540
 -40.013  145.226  171.118
 -40.058  155.121  169.999
 -50.283  155.234  167.935
 -48.505  151.836  170.342
 -43.404  160.785  157.684
 -43.483  154.839  166.050
 -32.896  142.216  171.910
 -44.481  146.790  152.444
 -28.984  147.581  176.119
 -47.948  139.282  159.007
 -33.846  144.671  148.918
 -29.288  142.662  160.295
 -29.712  143.299  151.029
 -33.705  139.488  156.750
 -24.957  148.504  156.066
 -35.263  146.968  160.869
 -30.960  152.941  156.393
 -35.058  154.736  167.120
 -33.726  133.575  159.537
 -22.896  155.858  167.320
 -33.239  139.603 -165.324
 -38.761  152.862  166.003
 -23.153  139.340  146.693
 -29.210  135.772  167.895
 -38.513  137.804  159.523
 -35.909  148.620  167.940
 -47.264  149.015  175.943
 -44.855  148.730  156.233
 -37.998  140.604  159.045
 -30.168  158.469  165.654
 -41.559  141.694  161.965
 -35.893  153.870  161.792
 -31.712  152.545  158.480
 -29.525  148.447  165.264
 -27.653  146.840  151.345
 -29.618  128.071  153.060
 -40.074  154.161  171.498
 -29.527  144.387  156.228
 -32.773  144.715  168.236
 -46.450  148.330  171.362
 -33.835  137.429  174.403
 -22.958  142.028  150.328
 -19.040  135.071  150.503
