 -45.421  136.099  158.461
 -43.738  129.031  171.180
 -45.665  137.475 -173.000
 -49.228  131.995  179.632
 -46.581  132.369  176.170
 -36.983  136.345  163.338
 -33.322  118.002 -170.286
 -45.660  122.467  177.254
 -67.807  140.857  172.404
 -47.981  136.886  169.264
 -51.245  122.592  162.897
 -42.986  127.797  175.171
 -40.845  142.501  163.320
 -49.859  131.238  145.479
 -43.331  137.363  168.924
 -40.662  139.435  177.927
 -46.317  119.499  168.719
 -53.439  133.784 -176.321
 -35.071  121.439  169.910
 -57.624  135.033  168.838
 -44.426  133.093 -178.133
 -47.718  122.957  174.047
 -46.463  136.502  158.843
 -63.176  143.842  171.603
 -49.968  139.331  168.510
 -48.712  137.659 -166.716
 -57.021  140.741  152.360
 -40.442  136.368  173.909
 -40.007  141.493  171.677
 -47.695  134.460 -171.302
 -43.811  131.805  156.871
 -53.645  137.699  149.902
 -51.577  145.905  171.495
 -44.632  136.295  157.146
 -53.403  135.988  177.731
 -37.534  130.554  171.741
 -37.209  128.433  163.621
 -39.839  137.544  175.846
 -52.991  132.614  170.055
 -48.138  137.577  179.931
 -54.871  142.273  173.894
 -41.787  156.301  170.055
 -51.809  124.344  172.789
 -41.302  141.494  162.531
 -50.103  144.748  167.149
 -45.643  138.175  157.906
 -50.637  142.019 -175.237
 -48.531  122.459  178.956
 -47.260  132.890  168.548
 -57.780  130.878  175.850
 -42.120  134.376 -178.233
 -57.240  140.641  167.920
 -44.105  143.465  171.584
 -57.593  136.324  178.216
 -48.633  134.511 -174.929
 -41.207  134.442  157.418
 -34.825  135.459  163.175
 -43.739  133.178  165.966
 -38.831  141.512  165.779
 -43.111  146.807  162.643
 -29.718  133.284  177.820
 -41.010  131.001  175.505
 -36.415  128.460  149.659
 -47.011  130.943  168.320
 -48.724  137.727  164.331
 -55.802  145.082  166.632
 -46.547  124.017  159.646
 -63.573  136.249 -179.980
 -38.029  133.681 -179.061
 -53.913  133.401  179.869
 -43.980  126.314  170.038
 -41.868  141.529  175.389
 -41.504  146.514  164.005
 -46.550  139.955  171.281
 -50.690  124.365  164.211
 -35.079  121.334  149.244
 -34.630  140.409  156.719
 -33.503  136.255  175.236
 -41.079  141.146  168.480
 -42.211  131.790  175.742
 -34.141  126.864  171.695
 -45.799  141.003  176.865
 -48.207  140.702  166.047
 -41.965  139.567  173.500
 -43.299  139.904  172.133
 -59.739  134.031  164.053
 -55.293  130.570  151.239
 -44.074  129.102  163.619
 -22.370  123.966  173.228
 -44.833  146.825  162.714
 -40.050  144.667  173.042
 -51.564  139.193  179.849
 -56.353  136.975 -175.969
 -53.634  126.316  169.193
 -57.147  137.757 -163.458
 -39.400  136.798  169.140
 -42.193  133.869  162.869
 -43.226  142.011  164.853
 -39.558  139.842  172.248
 -44.831  129.336  172.499
 -35.560  137.081  167.647
 -49.700  138.887  164.479
 -47.604  131.405  151.507
 -55.324  140.777  168.526
 -48.986  120.902  172.109
 -36.768  135.245  173.657
 -55.833  132.234 -178.650
 -43.352  137.550  155.027
 -38.635  143.745  163.992
 -36.824  133.708  164.324
 -39.138  134.945  164.332
 -43.426  137.159  150.159
 -49.092  133.069  160.327
 -53.969  136.185  172.876
 -41.538  136.216  176.265
 -43.898  131.597  173.487
 -49.596  139.442 -179.972
 -52.697  131.929  170.548
 -34.272  140.113  162.026
 -43.423  152.463  140.009
 -55.540  124.575  150.273
 -41.885  133.343  169.522
 -47.364  132.743  175.640
 -46.187  134.238  167.138
 -36.264  132.815  162.682
 -40.980  136.634  166.474
 -51.119  138.725  177.930
 -54.537  137.903  163.163
 -48.580  132.819  169.273
 -31.002  124.842  174.240
 -46.563  129.993  149.233
 -53.009  138.049  177.570
 -35.574  138.839  165.461
 -47.255  142.753  161.056
 -41.769  129.521  155.924
 -44.634  149.749  171.401
 -34.503  139.495  160.681
 -63.558  137.519  169.364
 -42.847  140.866  172.148
 -48.523  143.231  172.600
 -51.819  131.566  170.193
 -49.349  128.085 -177.889
 -50.163  132.526  172.885
 -39.457  135.030  178.657
 -36.423  131.686  178.877
 -56.843  144.802 -179.373
 -46.872  134.386  157.616
 -33.091  133.694  165.083
 -52.734  137.822 -178.064
 -37.789  128.678  164.654
 -45.874  123.736  164.582
 -44.032  146.528  167.638
 -36.003  136.131  173.605
 -49.448  131.292  174.681
 -46.063  131.025  165.410
 -51.190  135.645  169.838
 -38.249  115.154  175.951
 -41.809  143.558  161.642
 -39.171  134.918  156.938
 -56.718  137.569 -173.238
 -52.849  132.667  169.899
 -60.369  130.060  172.892
 -49.324  137.204  165.313
 -36.187  134.520  162.131
 -39.191  138.237  178.169
 -50.432  130.436 -173.458
 -43.447  131.128  164.930
 -36.562  131.527  171.049
 -54.024  131.309  175.444
 -42.016  134.019  177.844
 -51.024  121.860  178.053
 -42.646  136.464  157.512
 -49.656  133.297  166.612
 -48.645  131.555 -176.776
 -40.702  138.385  148.589
 -45.085  132.419  161.516
 -63.720  114.920  177.347
 -42.856  132.311  178.391
 -45.124  137.087  159.040
 -52.195  133.854  159.882
 -40.547  143.156  179.134
 -48.709  132.268  170.825
 -41.172  135.592  151.272
 -39.705  126.577  153.981
 -43.722  130.568  170.402
 -46.067  127.509  165.635
 -44.628  139.296  165.261
 -47.367  146.474  160.201
 -51.232  136.151  172.880
 -40.720  138.440  165.373
 -45.666  125.388  161.859
 -51.089  140.408  175.462
 -52.560  130.830  176.529
 -56.228  135.820  171.643
 -46.730  139.723  163.059
 -46.428  134.290  170.925
 -46.195  125.210  160.307
 -62.836  134.946  172.347
 -49.630  130.592  175.737
 -31.500  132.267  172.246
 -52.531  134.551  167.442
 -40.700  134.226 -178.499
 -48.844  133.256 -179.050
 -42.534  127.723  167.318
 -51.462  131.819  160.983
 -33.816  144.689  159.915
 -35.971  127.370  165.089
 -42.234  124.324  172.136
 -60.248  147.444  163.529
 -42.463  121.553 -172.809
 -47.487  146.575  172.768
 -48.771  137.878  168.254
 -41.984  120.482  143.891
 -48.867  142.164  161.608
 -50.652  126.687  177.706
 -45.192  130.120  155.390
 -51.334  131.143  169.825
 -38.689  137.811  160.340
 -52.666  124.817  163.609
 -37.260  138.480  160.597
 -36.932  125.699  168.366
 -42.269  139.691  167.439
 -53.332  128.137  177.675
 -40.854  131.679  178.939
 -60.946  138.256  172.253
 -40.619  130.155  179.344
 -33.649  118.801  166.995
 -55.745  124.747  155.254
 -62.538  131.305  170.630
 -47.052  135.260  151.459
 -52.028  136.842 -172.720
 -43.552  137.738  153.745
 -48.821  130.706  160.876
 -34.817  133.599  168.098
 -32.595  133.026  176.562
 -45.376  135.266  171.993
 -41.510  143.007  178.798
 -47.482  125.012  169.645
 -45.923  152.983  156.521
 -52.163  128.675  165.059
 -44.373  135.036  164.733
 -39.117  138.339  161.471
 -47.112  131.897  166.096
 -38.614  139.997  172.228
 -45.463  124.451 -176.564
 -35.169  133.341  165.424
 -42.627  137.833  163.738
 -48.148  116.747  179.230
 -53.887  136.794  169.954
 -55.637  134.254  165.758
 -50.763  131.017  167.089
 -43.711  131.226  171.873
 -37.474  131.840 -173.687
 -51.726  136.208  165.362
 -47.906  136.420  159.525
 -41.325  137.189  168.704
 -38.423  132.557 -178.077
 -45.022  140.333  171.002
 -45.672  135.107  179.634
 -47.820  135.452  169.083
 -37.168  125.804  176.773
 -41.482  141.183  163.818
 -44.060  132.559  172.731
 -45.847  128.859  171.241
 -34.524  150.493  176.588
 -33.685  130.768  174.512
 -40.429  141.497 -173.587
 -30.239  133.987  175.360
 -39.813  123.028  171.849
 -45.199  150.785  171.943
 -34.534  135.812  158.033
 -42.587  134.383  154.975
 -41.874  149.376  157.580
 -42.509  113.547  156.547
 -48.903  133.164  173.026
 -41.761  135.362 -178.469
 -36.956  131.282  159.419
 -40.237  137.479  173.227
 -33.346  126.192  160.047
 -53.905  134.828  175.314
 -62.780  126.987  167.663
 -42.684  133.616  159.426
 -46.807  122.940 -178.694
 -41.324  127.957  178.644
 -54.827  137.163  169.833
 -36.264  137.723  173.164
 -47.578  135.491  174.665
 -46.291  135.308  174.884
 -44.511  135.642  167.356
 -33.054  129.603 -169.716
 -39.981  130.913 -175.698
 -46.636  128.626  166.967
 -36.494  127.140  168.988
 -47.112  128.439  168.622
 -48.600  126.969  168.235
 -34.689  140.239  159.011
 -42.951  138.841 -178.401
 -41.142  139.731  170.305
 -48.626  135.204  160.294
 -38.976  118.870 -177.596
 -55.934  137.914  169.629
 -38.225  138.803 -172.506
 -42.577  113.354  177.840
 -43.216  130.488  168.712
 -39.581  136.514  175.432
 -49.821  137.052  172.051
 -47.635  138.978  165.788
 -36.778  131.663  151.167
 -48.175  118.610 -178.341
 -58.285  132.457  176.033
 -35.170  129.934  172.709
 -47.467  147.089  162.783
 -39.886  140.447  171.354
 -51.871  123.409  149.027
 -55.425  143.160  173.041
 -26.062  123.796  150.164
 -45.311  138.629  164.065
 -48.851  140.869  166.415
 -46.437  140.147  172.282
 -46.996  137.985  165.579
 -46.982  134.611  172.275
 -56.579  137.419  173.627
 -34.224  136.191  176.157
 -57.265  136.125  176.932
 -42.534  138.731  174.542
 -41.178  136.239  164.441
 -65.978  127.538  175.797
 -44.973  115.583 -171.978
 -38.643  140.549  178.406
 -61.859  132.020  174.057
 -41.754  138.047  164.994
 -42.601  129.318  156.373
 -46.624  133.354  168.217
 -58.106  138.035  155.621
 -51.860  126.948 -173.954
 -51.428  123.107  177.007
 -47.069  137.856 -177.100
 -44.413  126.811  173.635
 -55.007  137.557 -177.516
 -41.828  129.224  177.298
 -36.052  135.503  157.461
 -49.949  135.147  167.053
 -50.854  133.293  171.941
 -50.678  145.223  172.211
 -49.435  133.967  179.615
 -55.159  131.757  167.757
 -56.208  127.795 -174.202
 -47.589  127.126  162.053
 -49.522  146.226 -177.273
 -51.477  130.563 -179.914
 -63.402  135.682  177.590
 -45.614  138.931  169.385
 -37.729  135.610  174.922
 -39.440  132.267  166.756
 -36.685  136.900  171.747
 -46.447  147.689  161.432
 -60.336  130.268  149.453
 -43.241  135.445  163.878
 -49.179  149.181  166.173
 -38.897  138.640  151.976
 -52.665  131.113  176.038
 -42.502  132.480  166.774
 -47.487  139.102  173.451
 -43.111  140.650  168.991
 -43.035  129.506  177.319
 -46.272  145.528  171.138
 -46.232  122.728  169.756
 -41.350  122.998 -177.874
 -51.221  125.218  156.867
 -52.654  128.062  161.957
 -49.042  125.767  160.016
 -60.980  140.310  161.475
 -37.564  130.831  174.967
 -42.270  135.389  153.503
 -56.197  136.246  172.398
 -50.589  134.873  172.939
 -55.930  136.543  165.400
 -53.200  135.341  157.176
 -31.900  136.303  163.276
 -49.493  144.068  175.104
 -54.767  125.669  165.057
 -37.073  122.248  157.486
 -30.329  122.628  170.400
 -36.962  130.966  160.138
 -32.406  139.733  149.422
 -43.732  125.338  161.124
 -42.992  137.765  173.866
 -52.238  133.084 -178.521
 -42.499  135.716  164.549
 -43.110  120.880  169.083
 -46.435  148.170 -175.630
 -44.544  131.065  174.060
 -43.683  145.434  167.611
 -38.969  141.600  169.161
 -49.845  133.535 -179.966
 -41.258  136.932  158.884
 -49.077  132.479  177.717
 -54.109  123.931  167.431
 -45.120  131.780  174.637
 -54.238  131.277  168.832
 -46.709  137.790  177.032
 -45.329  141.890  166.587
 -35.604  146.236  154.674
 -33.497  133.220  166.104
 -46.573  118.913  166.511
 -46.544  134.231  171.993
 -51.345  127.395  159.429
 -45.714  134.112  168.305
 -47.018  138.846  164.701
 -38.582  139.327  163.110
 -37.094  131.663  156.337
 -55.734  149.790 -179.031
 -48.754  140.208  170.721
 -38.636  134.335  156.749
 -54.818  130.304  154.551
 -48.264  126.793  160.938
 -56.638  142.003  168.883
 -44.459  140.768  179.774
 -56.792  137.371 -174.465
 -43.179  136.322  179.826
 -37.852  132.828  175.584
 -56.102  148.780  170.356
 -61.954  138.260  169.618
 -52.241  131.898  166.194
 -37.535  134.923  166.767
 -44.330  134.072 -177.186
 -54.832  137.125  171.233
 -60.248  148.683  165.845
 -53.553  134.464  166.873
 -53.075  133.661  168.407
 -42.026  128.866 -174.978
 -50.142  153.946  163.971
 -35.954  137.435  173.823
 -56.076  129.941  173.504
 -50.728  137.873 -173.518
 -54.651  136.143  163.816
 -44.500  121.718  179.206
 -42.372  124.934  153.071
 -48.910  127.869  172.804
 -49.963  137.927  176.087
 -62.618  131.033  173.403
 -51.817  148.476  173.029
 -43.324  123.446  146.016
 -36.548  128.748  179.550
 -35.961  143.674  158.886
 -37.265  138.662  151.893
 -50.537  160.286  175.313
 -56.676  119.821  176.584
 -44.751  132.616  162.365
 -45.008  137.329  162.288
 -34.732  150.183  174.764
 -37.939  137.600 -159.956
 -34.714  128.413  155.701
 -40.691  139.960  139.263
 -42.899  144.718  161.061
 -55.391  132.327  160.638
 -51.075  128.828  164.833
 -48.118  139.289  173.260
 -44.341  137.051  171.589
 -42.326  142.948  169.836
 -43.453  126.785  154.093
 -49.639  153.256  172.408
 -46.662  138.223  176.306
 -42.775  137.020  157.530
 -48.216  135.913  173.636
 -51.355  136.842 -176.229
 -41.404  125.463  178.374
 -44.426  129.738  156.893
 -51.549  131.355  170.373
 -68.094  141.471  165.108
 -44.388  133.460  174.163
 -50.382  145.168  165.230
 -38.670  134.415  168.479
 -61.544  136.454  172.341
 -49.908  130.771  171.077
 -45.456  131.618  163.327
 -47.662  131.640  159.818
 -42.608  119.438 -177.154
 -34.023  134.052  159.979
 -58.473  129.245  177.113
 -50.470  135.580  178.697
 -31.356  130.221  177.701
 -52.800  150.542  170.747
 -47.570  134.826  163.162
 -58.856  129.205 -168.551
 -39.114  140.780  160.888
 -39.946  127.766  163.543
 -49.872  131.283 -179.661
 -51.245  139.383  170.347
 -49.235  135.753  145.066
 -39.881  146.132  173.040
 -43.851  135.448 -167.318
 -37.640  141.603  172.717
 -37.492  118.856 -179.378
 -55.852  147.536  171.635
 -50.232  137.556  157.374
 -35.130  136.086  169.453
 -52.962  137.972  158.767
 -34.660  130.712  146.905
 -47.289  128.471  172.520
 -45.537  137.600  164.157
 -42.171  127.444  170.084
 -59.285  122.139  163.362
 -41.219  132.610  170.587
 -52.576  134.070  171.620
 -45.123  142.391  162.212
 -50.611  139.327  154.695
 -57.108  132.647  176.343
 -45.154  132.374  164.381
 -43.370  138.399  158.658
 -54.370  139.466  176.435
 -39.445  127.771 -173.339
 -31.893  139.543  175.354
 -34.412  131.169  175.898
 -37.098  135.061 -174.496
 -56.747  133.749  163.402
 -42.603  137.398  163.661
 -43.126  134.056  163.949
 -42.893  128.763  168.716
 -51.076  136.972  177.494
 -51.370  140.831  161.115
 -34.468  124.866  152.479
 -55.244  140.885  177.642
 -35.984  132.087  163.376
 -39.666  144.769  161.849
 -40.150  128.375  178.627
 -42.126  150.614  162.479
 -32.509  128.425  156.212
 -48.698  130.922  166.651
 -44.288  132.557  147.944
 -34.182  126.957  170.013
 -42.145  141.045  168.141
 -41.704  130.832  148.988
 -42.779  143.391  173.650
 -41.579  128.919 -175.089
 -43.198  142.839  178.068
 -49.283  134.039  177.374
 -67.008  151.166 -164.288
 -49.328  132.847 -178.229
 -41.494  135.559  166.377
 -36.894  130.277  173.283
 -36.432  133.548  154.105
 -38.439  138.119  176.055
 -42.002  137.502  170.513
 -52.011  135.130 -176.559
 -56.665  127.317  173.396
 -49.605  136.904  155.688
 -49.410  130.794 -177.538
 -40.785  138.323  157.712
 -55.058  146.437  170.156
 -37.216  135.117  158.862
 -45.628  137.945  164.412
 -48.273  142.054  167.403
 -57.214  142.806  177.402
 -30.769  134.697  159.560
 -45.628  143.821 -179.661
 -47.398  145.839  179.113
 -64.233  129.275  166.295
 -56.585  135.753  179.537
 -59.806  147.276 -179.401
 -49.570  137.270  178.156
 -48.895  130.187  163.310
 -38.355  136.101  167.578
 -57.497  135.507  172.060
 -45.733  126.037  167.866
 -40.172  133.505  177.674
 -39.947  142.496 -168.849
 -51.077  148.831  176.083
 -55.089  127.279  159.398
 -40.561  129.591  176.046
 -41.263  140.195 -177.990
 -34.935  133.810  162.299
 -37.539  148.881  167.703
 -45.105  140.469  161.601
 -36.199  142.334  164.033
 -59.078  137.978  179.687
 -57.035  135.071  163.094
 -58.193  126.166  165.626
 -49.906  128.777  161.690
 -33.950  134.582  167.454
 -48.850  138.563  166.029
 -28.768  132.187  166.217
 -40.720  138.635  169.492
 -51.003  130.287  164.562
 -39.550  122.013  173.430
 -55.758  143.277  166.898
 -34.721  136.574  178.731
 -40.674  133.717  178.141
 -48.754  128.542  156.959
 -38.384  139.617  151.581
 -41.379  129.071  168.141
 -54.572  133.941 -173.616
 -45.940  121.098  173.321
 -50.171  130.926 -175.419
 -40.656  130.532  178.228
 -43.763  133.669  153.025
 -47.663  133.264  172.025
 -46.991  134.788  167.062
 -47.503  128.265  166.569
 -44.962  120.066  166.722
 -47.642  137.487 -174.393
 -50.506  136.216  166.779
 -45.938  143.608  167.822
 -47.240  128.373  168.868
 -46.179  146.308  159.046
 -47.049  146.829  168.903
 -41.104  131.564  159.513
 -64.694  129.062 -176.869
 -50.735  139.360  175.558
 -44.559  129.682 -177.267
 -51.308  117.441  177.682
 -39.281  137.371  161.542
 -41.725  121.389  169.472
 -44.588  140.048  156.740
 -51.422  133.951  163.512
 -45.241  137.236 -177.990
 -36.622  145.836 -176.852
 -43.784  136.964  177.377
 -44.712  140.876  179.361
 -40.145  126.544  166.995
 -38.900  147.004  165.906
 -47.475  123.405  174.923
 -38.812  137.345  170.585
 -26.453  125.731  160.484
 -39.342  126.569  162.651
 -41.392  141.469 -174.809
 -44.953  134.941 -168.794
 -42.082  128.596  166.951
 -35.018  134.702  164.028
 -36.588  132.067 -177.769
 -50.516  128.648  176.024
 -52.589  127.697  164.002
 -44.387  146.392  144.522
 -55.011  136.557  170.347
 -52.448  130.725  155.675
 -42.014  142.067 -177.361
 -47.326  130.935  176.520
 -63.367  147.399  172.320
 -53.819  145.852  177.334
 -53.209  135.700  159.717
 -47.648  135.513  171.484
 -50.617  131.992  166.540
 -44.963  138.026  145.925
 -49.583  131.925  169.837
 -47.850  134.690  176.853
 -51.430  125.507  175.493
 -40.724  133.966  177.630
 -54.662  139.608  167.709
 -59.053  143.471  169.270
 -50.809  131.484 -179.872
 -48.357  140.630  170.418
 -45.997  143.293  167.070
 -47.233  126.000  158.773
 -45.225  125.190  162.338
 -50.238  132.471  161.036
 -33.652  117.924  171.508
 -46.377  146.258 -164.016
 -55.081  140.786  165.136
 -50.745  145.108  174.697
 -51.033  128.953  174.842
 -53.804  142.321  167.275
 -48.025  124.443  164.799
 -59.085  133.126 -176.195
 -60.135  136.615  168.563
 -48.340  129.904  165.124
 -50.168  137.838  173.944
 -43.461  124.496 -176.548
 -61.090  138.978  171.475
 -49.246  130.520  172.213
 -57.088  137.252  168.151
 -52.615  133.934  179.310
 -56.421  136.953  177.714
 -42.791  137.817  167.459
 -39.801  132.750  160.097
 -56.100  132.757  172.323
 -52.133  126.018  165.245
 -34.574  140.187  174.461
 -27.516  131.173  158.505
 -44.877  141.812  160.476
 -44.942  153.098  170.587
 -52.620  131.471  176.973
 -38.417  135.705  158.537
 -41.009  134.480  164.030
 -43.508  125.213  167.341
 -52.808  125.262  170.487
 -55.859  138.264  174.085
 -62.827  122.480  174.263
 -44.765  123.298 -170.246
 -42.636  131.654  152.705
 -53.353  133.415  162.659
 -47.145  126.303  156.032
 -45.878  122.740  165.195
 -59.837  139.093  172.004
 -42.172  135.060 -171.782
 -45.571  133.220  161.800
 -42.853  129.375  165.550
 -31.689  142.012  149.251
 -34.529  129.407  158.475
 -50.139  129.599  161.017
 -39.446  118.457 -175.349
 -46.904  120.315 -176.339
 -42.772  137.443  165.297
 -46.356  143.785  162.848
 -41.416  134.963  167.053
 -52.092  139.006  165.568
 -50.309  125.349  165.251
 -45.000  132.222  175.251
 -36.393  121.988  173.401
 -51.146  133.185 -169.897
 -57.019  141.308  168.927
 -50.839  132.485  166.714
 -54.999  124.937  161.881
 -57.457  143.112  157.694
 -48.741  146.686  164.006
 -47.927  131.992  151.163
 -50.638  134.466  177.077
 -38.237  129.935  178.086
 -37.891  131.496  172.741
 -54.494  135.550 -177.041
 -55.531  134.717  177.606
 -34.260  136.434  159.409
 -43.585  124.158  152.681
 -53.944  140.051  169.359
 -53.783  135.069  164.693
 -43.285  139.117  169.762
 -48.870  134.304  169.434
 -38.377  127.360  167.878
 -37.603  136.231  178.545
 -49.324  131.039  173.177
 -45.039  122.625  176.825
 -49.275  138.994  158.801
 -28.110  128.821  169.377
 -45.572  135.421 -176.760
 -36.829  143.040  156.612
 -55.118  128.373  175.373
 -49.759  138.974  169.895
 -40.907  136.060  157.257
 -41.968  136.264  171.715
 -43.766  144.548  172.965
 -48.973  128.622  155.786
 -54.707  138.288  157.525
 -50.838  128.324 -178.728
 -53.702  134.875  172.429
 -47.162  141.456  179.608
 -44.707  144.530  165.069
 -50.441  125.934  168.733
 -55.891  131.620  160.294
 -50.994  124.285  157.376
 -44.077  133.362  167.348
 -54.712  142.414 -179.169
 -31.683  139.570  155.249
 -54.173  141.944  168.197
 -46.600  123.580 -174.073
 -50.319  137.627  179.144
 -37.283  139.501  161.378
 -44.157  130.749  170.428
 -38.198  137.094  169.767
 -36.364  135.162  165.072
 -40.991  129.742  157.355
 -41.396  128.327  153.669
 -55.771  147.364  174.140
 -50.954  145.144  177.511
 -51.158  133.378 -179.175
 -53.460  145.684  172.961
 -35.671  119.118  168.000
 -35.484  130.807  160.809
 -36.532  140.011  178.372
 -29.519  129.736  162.149
 -59.447  144.598  157.192
 -42.386  123.820  170.642
 -46.629  123.120  175.680
 -57.278  122.993  175.504
 -53.668  130.921  173.298
 -43.134  133.028  156.842
 -47.501  132.446  167.358
 -50.805  137.163  153.263
 -55.161  135.783  167.798
 -46.992  138.944  177.274
 -42.072  144.881  177.363
 -57.964  145.814  175.688
 -40.907  124.462  157.908
 -36.654  129.334  167.499
 -31.364  121.886  179.088
 -54.819  130.184  160.476
 -43.623  131.221  173.368
 -49.996  138.045  171.570
 -48.864  132.935  167.633
 -47.876  140.657  167.665
 -52.603  127.463  169.831
 -41.821  126.553  171.199
 -41.305  130.652  164.817
 -56.407  133.155 -177.758
 -51.375  132.715  159.307
 -40.278  129.657  153.273
 -26.676  119.449  167.976
 -46.681  140.797  161.176
 -42.667  129.480  173.185
 -43.333  132.300  168.231
 -46.323  143.672  144.199
 -38.884  144.445  173.916
 -41.473  120.023 -174.685
 -44.524  135.035  170.596
 -61.385  138.326 -177.441
 -44.914  143.869  177.040
 -41.450  138.264  156.906
 -35.414  133.406  169.692
 -52.951  146.956  168.673
 -40.035  121.124  178.347
 -48.149  143.030  171.073
 -39.193  147.181 -178.765
 -46.444  146.674  175.144
 -47.284  137.168  166.236
 -38.017  139.639  156.092
 -49.112  142.421  157.252
 -43.055  137.113  163.283
 -53.984  123.227 -172.501
 -27.995  125.851  163.371
 -45.955  130.125  179.878
 -35.976  140.739  169.515
 -27.790  137.906 -178.352
 -33.217  137.337  166.727
 -44.751  151.184  179.739
 -50.595  141.593  167.248
 -56.894  135.494  155.796
 -42.788  141.761  172.433
 -33.954  132.872  174.574
 -47.172  141.087  164.253
 -50.759  123.736  148.696
 -46.194  135.427  150.496
 -35.822  135.224  175.936
 -49.194  140.896  162.647
 -45.289  129.542  166.109
 -45.513  126.541  166.606
 -43.088  134.904  153.946
 -46.369  148.737  173.028
 -44.309  129.364  160.481
 -60.282  137.075  173.722
 -57.965  134.979 -176.583
 -39.459  144.760  170.492
 -43.336  135.268  178.659
 -64.132  139.226  170.247
 -45.537  127.910  175.441
 -43.145  132.969  168.601
 -35.847  125.331  170.555
 -37.611  126.350 -176.601
 -39.305  132.669  169.096
 -41.905  129.035  170.363
 -49.087  123.245  162.464
 -34.683  126.060  155.582
 -47.362  131.373  178.917
 -61.536  122.998 -178.855
 -57.770  141.770  163.880
 -31.959  124.998  154.014
 -45.021  143.350  158.117
 -34.305  140.119  161.644
 -36.272  135.844  173.907
 -54.913  144.262  169.800
 -38.767  136.282  174.053
 -50.733  126.424  165.720
 -49.650  134.570  175.851
 -39.601  141.805  169.981
 -38.903  128.928  168.461
 -47.028  143.526 -177.351
 -62.643  137.195  172.030
 -56.273  122.184  175.301
 -48.455  136.895  166.850
 -40.500  128.085  160.951
 -51.156  139.308  153.281
 -37.992  134.186  153.360
 -49.964  136.774  178.549
 -49.132  130.565  176.610
 -34.856  128.145  161.920
 -49.007  128.344  174.248
 -51.830  135.239  166.710
 -52.336  140.825  172.180
 -45.098  122.171 -168.278
 -52.449  138.515  174.864
 -35.274  137.530  174.065
 -42.071  132.237  157.454
 -48.949  137.779  169.458
 -52.045  130.174 -172.008
 -51.708  142.213  157.747
 -52.998  136.933  171.858
 -51.852  146.676 -176.544
 -41.381  143.248  171.810
 -49.831  139.006  146.710
 -44.739  133.650  160.956
 -35.306  131.425  149.059
 -32.105  140.904  156.971
 -47.585  125.021  149.421
 -53.126  131.287  172.657
 -45.587  144.851  163.869
 -55.359  143.919  175.153
 -44.427  131.253  166.330
 -51.878  135.509 -170.588
 -41.857  128.619  175.094
 -47.896  123.974 -179.475
 -39.585  148.033  179.621
 -45.529  137.881  162.457
 -44.622  123.309  157.491
 -57.901  135.086  179.078
 -50.249  130.592 -177.601
 -50.655  122.735  154.481
 -39.751  140.545 -171.586
 -52.282  132.028  174.860
 -35.477  128.879  165.962
 -45.732  126.002  164.271
 -29.384  149.486  161.902
 -60.642  139.269  168.544
 -37.257  145.961  175.700
 -57.326  131.463  168.814
 -65.271  131.601 -174.377
 -49.518  136.938  166.192
 -49.642  145.728  162.652
 -38.558  130.294  171.355
 -38.649  136.744  165.384
 -48.332  125.652  172.195
 -50.403  147.441  157.055
 -49.931  138.469  160.668
 -32.795  137.012  176.475
 -53.527  126.289  164.193
 -49.738  138.422  154.733
 -51.841  135.476  155.508
 -53.310  127.121  161.057
 -39.963  126.777  167.358
 -43.345  137.468  164.820
 -46.044  129.557 -163.960
 -48.675  149.011  178.440
 -40.101  129.466  161.076
 -41.076  143.610  163.928
 -46.232  128.224  160.053
 -31.931  131.517  173.854
 -56.603  145.927  166.275
 -47.158  134.500  174.067
 -43.104  131.264  170.002
 -40.838  122.204  168.342
 -61.344  124.331  175.585
 -37.877  133.231  175.357
 -52.103  130.923  173.285
 -46.645  130.883  169.898
 -48.966  139.407  161.561
 -36.515  130.269  176.405
 -46.702  140.343  167.223
 -37.248  137.064  159.377
 -44.882  146.125  176.082
 -43.287  131.960 -173.853
 -35.881  123.355 -177.112
 -42.703  121.306  167.693
 -37.137  133.180  171.736
 -46.681  128.502  164.021
 -38.756  143.127  155.928
 -34.885  138.183  178.769
 -50.693  147.527  172.820
 -64.578  138.708  168.636
 -40.640  133.052  173.175
 -57.068  136.675 -179.234
 -48.700  124.585  166.091
 -50.602  139.575 -179.972
 -47.667  138.183  178.025
 -57.502  127.103  147.144
 -50.872  135.878  155.058
 -48.663  127.849  148.377
 -35.958  138.234  159.318
 -51.576  132.338  176.862
 -49.684  131.822  174.811
 -39.454  121.643  175.386
 -35.077  148.009  163.106
 -45.050  130.894  174.052
 -46.501  132.933  151.101
 -41.967  131.138  167.747
 -47.626  132.988  170.623
 -42.380  135.603  166.342
 -43.288  129.136  158.007
 -51.576  137.083  162.735
 -59.906  121.925  170.163
 -43.217  132.210  164.202
 -42.363  140.790  150.480
 -40.436  112.926  175.102
 -46.648  127.412  178.246
 -37.236  129.472  172.068
 -39.499  130.400  174.003
 -40.958  125.267  155.704
 -45.160  141.964  155.593
 -48.649  135.063  157.772
 -34.353  127.831  166.486
 -56.843  135.422  179.592
 -37.627  135.438  162.707
 -39.428  119.303  166.149
 -42.666  136.663  176.329
 -46.301  132.572  172.718
 -33.318  135.639  170.965
 -42.917  126.142  170.641
 -43.055  118.813  175.390
 -53.926  129.192  164.695
 -39.871  138.165  171.677
 -40.426  146.869  164.750
 -46.972  147.143  171.448
 -35.243  134.445  152.946
 -63.989  133.335 -171.242
 -52.366  133.139  171.806
