 -61.434  143.288  179.944
 -67.954  144.257  174.083
 -58.666  138.702  163.983
 -47.445  123.366  153.059
 -52.167  149.208  174.409
 -55.380  137.798  168.176
 -60.899  129.969  166.769
 -65.812  133.751 -179.755
 -41.979  126.820  167.835
 -49.503  130.884  154.196
 -60.650  141.099  175.883
 -60.244  134.754  177.327
 -60.134  143.388  163.988
 -50.447  130.125 -176.372
 -59.535  142.256  175.451
 -66.981  142.067  172.611
 -73.609  130.691 -176.067
 -55.461  130.085 -164.711
 -61.229  132.706  172.413
 -71.381  148.420  169.469
 -71.895  134.694  171.545
 -69.760  143.195  175.204
 -74.109  128.925 -176.625
 -49.463  138.815 -178.752
 -67.357  140.939  170.761
 -53.042  138.093  161.025
 -49.656  137.656  166.050
 -50.844  136.197  173.814
 -67.300  124.283  167.429
 -65.712  125.772  174.502
 -59.521  132.545 -176.849
 -70.937  133.188  161.847
 -62.354  136.997 -178.499
 -53.412  129.420  174.450
 -66.920  122.924  168.655
 -59.119  147.470  161.309
 -52.480  139.820  160.877
 -55.438  143.461  172.697
 -72.721  130.436  168.331
 -73.940  139.994 -177.710
 -58.369  133.120  173.482
 -52.542  139.255  179.514
 -60.144  128.200 -171.664
 -55.442  122.105 -173.761
 -66.348  132.211  178.284
 -53.443  131.277  152.752
 -76.768  115.332  178.084
 -59.238  117.406  163.010
 -67.160  124.933  175.721
 -69.663  113.739 -173.509
 -59.363  143.440  158.638
 -70.258  131.168  167.448
 -69.293  125.004 -169.772
 -56.048  124.339 -176.883
 -65.445  153.468  178.492
 -71.181  141.354  172.371
 -62.529  153.057  161.338
 -62.401  144.685  172.898
 -52.450  141.923  176.647
 -58.574  136.880  172.608
 -51.985  141.192  165.130
 -64.331  140.699 -173.862
 -75.089  142.820 -174.092
 -61.992  134.963  179.312
 -66.497  136.227  179.367
 -52.597  121.843  171.048
 -58.173  142.539 -164.705
 -59.067  132.195  173.079
 -56.426  135.827  162.201
 -52.992  134.286  174.061
 -64.735  138.825  175.612
 -72.282  130.738  176.797
 -67.282  143.525  156.744
 -59.094  129.859  169.319
 -49.361  148.507  173.452
 -56.890  132.489  174.652
 -66.980  132.067  175.503
 -59.148  131.067  163.074
 -65.750  125.091  171.917
 -58.429  127.568  157.451
 -47.981  125.522  160.888
 -58.231  134.751  161.759
 -67.088  145.929  173.793
 -55.026  133.016  175.415
 -57.660  146.741  159.953
 -55.343  146.973  176.324
 -52.138  134.655  168.597
 -61.920  142.030  174.969
 -63.026  131.903  163.360
 -59.828  128.214  156.552
 -57.376  119.357 -168.462
 -63.353  131.743  175.571
 -48.867  130.103  165.520
 -67.832  127.751  177.245
 -68.078  146.763 -175.802
 -61.714  138.498 -177.579
 -63.031  127.054  166.980
 -65.287  141.065  167.187
 -56.850  130.407  168.600
 -52.707  127.270  162.204
 -53.892  132.012  176.877
 -66.409  135.717  171.487
 -78.504  141.560  170.470
 -58.948  136.849  151.855
 -65.362  134.619 -179.684
 -57.577  140.792  171.640
 -55.195  136.870 -179.407
 -51.639  130.639  175.893
 -66.051  134.752 -166.209
 -67.691  146.378 -170.186
 -70.270  138.027  171.805
 -55.298  130.382  174.999
 -83.382  127.559  160.238
 -47.354  114.509 -176.200
 -69.804  137.647  161.577
 -53.793  134.293  168.705
 -51.564  138.294  165.349
 -52.189  136.397  173.670
 -50.507  146.576  175.145
 -53.646  131.529  162.619
 -68.783  135.388  157.721
 -66.396  146.103  159.780
 -69.613  140.953  152.323
 -57.610  130.908  163.053
 -55.105  138.666  171.329
 -66.283  142.961 -175.008
 -63.058  153.588 -179.926
 -73.648  126.302  174.606
 -59.028  142.543  168.841
 -64.855  130.456  179.720
 -63.602  127.347  174.952
 -53.664  135.121  175.346
 -55.971  141.041 -175.102
 -70.227  131.518  177.094
 -57.512  121.476 -168.950
 -59.665  140.212  176.106
 -60.942  138.977  160.674
 -46.178  130.254  165.845
 -66.553  138.048  173.533
 -51.722  138.700  157.911
 -60.657  132.497  168.190
 -46.018  139.871  158.337
 -58.026  123.857  148.117
 -54.014  130.203 -174.450
 -62.369  134.199  164.020
 -65.313  134.139 -179.192
 -51.300  145.213  150.792
 -62.103  115.472  158.312
 -56.371  139.140  175.812
 -59.472  141.829 -178.546
 -68.440  138.527 -177.446
 -54.478  155.642  179.375
 -60.128  128.105 -179.867
 -66.323  135.801  178.808
 -52.977  141.713  154.473
 -64.717  134.788  177.994
 -70.828  119.482  168.645
 -65.154  140.395 -179.390
 -65.171  133.750  158.750
 -67.180  151.635  162.046
 -46.652  126.429  165.018
 -54.179  133.235  172.228
 -65.260  125.919  169.739
 -58.288  136.503 -178.571
 -70.294  138.549  179.773
 -70.000  128.602  178.957
 -68.536  127.952  170.819
 -55.685  132.081  176.949
 -63.153  134.373  154.904
 -59.687  135.786  161.901
 -49.608  138.981 -177.153
 -63.201  131.981  168.728
 -65.205  126.453  173.325
 -59.010  141.481  167.626
 -65.630  133.712  172.641
 -59.838  137.591  174.794
 -63.560  141.453  170.226
 -76.489  129.565  177.374
 -70.427  146.609 -177.251
 -61.212  134.167  167.857
 -51.258  134.385  173.662
 -56.793  142.988  172.369
 -54.746  131.810 -176.100
 -68.182  134.660 -179.399
 -52.152  122.269  155.443
 -60.318  131.382 -171.590
 -58.064  145.555  161.977
 -47.403  135.060  168.446
 -68.919  131.556  166.409
 -62.220  152.500  161.318
 -70.486  150.737  157.357
 -59.369  145.171  164.133
 -61.133  146.663 -178.010
 -54.024  144.268  174.807
 -59.043  126.340 -174.691
 -56.244  149.051  178.109
 -66.096  141.430 -171.191
 -67.315  142.063  172.441
 -55.866  137.890  177.406
 -60.675  131.705  170.696
 -56.611  139.863  152.401
 -61.650  133.413  173.585
 -68.537  149.252  177.077
 -61.006  132.250  169.996
 -68.679  134.679  166.562
 -64.323  135.655 -175.905
 -54.850  142.046  167.221
 -45.600  126.207  168.978
 -64.336  125.611  173.460
 -63.199  142.589  164.357
 -63.938  136.289  165.438
 -67.764  131.910  161.797
 -65.535  117.638  170.931
 -58.870  139.830  174.146
 -54.722  134.594  175.342
 -58.330  136.304  179.157
 -68.840  143.958 -172.781
 -48.585  127.647  169.027
 -61.530  141.668  153.887
 -62.204  136.237  177.651
 -56.970  135.531  154.625
 -61.631  149.452  164.584
 -55.828  154.340  175.491
 -66.108  136.220  174.926
 -60.438  139.797  165.250
 -59.715  145.782  153.738
 -68.288  124.534  178.023
 -68.295  133.645  177.041
 -51.869  122.936  166.581
 -70.787  131.937  168.112
 -55.043  130.379 -179.057
 -57.282  126.237 -178.656
 -63.336  128.789  160.235
 -56.865  134.203  166.723
 -70.538  134.873  172.594
 -58.585  149.068 -179.600
 -56.256  135.122 -179.354
 -61.930  120.633  174.753
 -54.226  129.097  162.407
 -43.086  123.033  162.359
 -64.793  148.353  165.166
 -55.201  129.140  173.262
 -71.348  132.449  169.593
 -62.304  126.759  165.125
 -67.589  142.373  172.618
 -60.312  129.493  164.763
 -58.334  130.733  174.543
 -47.909  128.654  173.592
 -60.184  137.713 -178.133
 -61.411  141.765  162.333
 -57.448  132.067  177.419
 -57.507  132.201 -178.025
 -75.074  140.866  171.501
 -61.009  141.299  166.892
 -70.447  128.355  168.374
 -54.909  127.850  173.596
 -64.486  144.953  179.579
 -59.601  127.335 -166.754
 -58.401  145.173  176.037
 -56.991  129.237  176.931
 -40.390  131.822  162.428
 -75.089  137.793 -177.413
 -60.183  131.330  172.716
 -80.682  132.832  172.280
 -70.124  154.463  177.872
 -73.183  134.013  169.440
 -54.189  125.231  165.706
 -60.134  142.586  173.668
 -57.431  137.573  171.696
 -51.006  135.150  157.186
 -51.260  130.558  171.302
 -62.259  115.709  173.581
 -48.668  132.037  156.780
 -60.401  136.208  166.058
 -52.917  139.407 -172.573
 -55.907  142.178 -170.539
 -54.070  132.052  179.972
 -69.633  136.462  171.020
 -47.640  122.699  157.930
 -51.602  142.987  165.008
 -57.728  134.035  162.668
 -45.301  135.924  173.757
 -57.666  145.228  163.816
 -58.257  145.675  163.880
 -60.465  134.781 -173.568
 -60.145  139.122  171.948
 -73.000  129.090  170.293
 -58.985  147.277  171.055
 -53.998  144.963  168.660
 -47.889  129.453  159.936
 -64.991  148.920  177.141
 -52.838  133.366  175.426
 -53.166  128.947  173.781
 -58.546  123.267 -175.862
 -57.703  145.115  166.965
 -55.983  140.696  175.704
 -63.877  148.261  160.220
 -71.720  128.399  174.090
 -53.548  132.760 -173.962
 -54.381  139.839 -167.297
 -62.077  146.695  160.612
 -58.490  144.171  157.782
 -53.292  134.372  177.389
 -56.936  140.047  139.319
 -54.894  137.571  163.346
 -62.516  125.474  165.740
 -57.307  128.381  179.192
 -59.829  143.794  166.281
 -64.944  143.849  160.047
 -58.805  136.059  178.443
 -49.707  131.161  170.665
 -55.986  137.108  171.788
 -62.153  136.641  176.478
 -57.156  129.504 -174.868
 -48.402  127.361 -179.106
 -56.734  135.847  172.138
 -54.824  143.676  162.092
 -49.266  130.168  176.898
 -66.774  131.349  179.741
 -63.717  152.146  162.274
 -67.939  125.287 -175.158
 -64.941  140.483  166.438
 -56.174  134.035  168.999
 -59.070  138.711 -174.051
 -67.103  132.223  173.328
 -54.879  135.273  176.923
 -58.265  138.087  167.679
 -69.973  129.597 -175.668
 -67.372  145.550  177.376
 -68.894  144.928  174.518
 -55.688  134.280  175.857
 -50.921  131.985  162.983
 -65.599  141.205  173.709
 -58.083  137.203  174.473
 -62.563  141.281  174.508
 -62.979  135.506  172.097
 -57.015  139.921  177.900
 -69.050  129.949  175.544
 -64.470  139.579 -176.803
 -77.684  141.647  154.154
 -77.801  131.133  172.552
 -66.079  142.076  173.901
 -70.244  135.491  169.192
 -67.620  137.123 -174.585
 -57.094  121.062  163.018
 -51.571  131.943  171.567
 -52.134  146.139  162.701
 -67.277  137.319  164.950
 -51.752  134.292  160.458
 -54.967  136.614  175.629
 -58.540  141.294  178.281
 -59.850  138.336  179.088
 -65.219  135.695  169.559
 -39.787  133.542  168.632
 -63.497  131.942  178.843
 -57.438  129.371 -169.551
 -60.886  136.688  169.212
 -69.552  137.651 -165.341
 -46.912  137.958  171.833
 -60.546  131.497 -179.099
 -74.035  147.921  177.055
 -62.201  134.532  171.625
 -59.911  136.805  171.021
 -52.261  137.249 -174.767
 -58.526  110.786  167.915
 -60.572  137.300  178.117
 -54.228  130.080  171.374
 -66.756  138.449  176.030
 -56.907  129.498  165.747
 -51.265  130.965  177.633
 -62.691  132.934  163.995
 -72.240  134.299 -177.357
 -50.536  133.612 -180.000
 -67.023  127.943 -179.612
 -56.158  130.374 -178.424
 -52.213  131.249  159.810
 -53.499  136.068  157.904
 -72.382  142.660  157.549
 -43.885  126.952  165.537
 -55.866  138.291  164.634
 -57.814  134.834  176.822
 -59.879  129.708  169.419
 -68.913  142.463 -178.095
 -62.743  139.840  162.647
 -66.508  129.592  164.994
 -72.831  132.883 -161.968
 -67.618  130.745 -168.629
 -57.371  134.607  162.005
 -65.967  138.389  158.880
 -58.296  126.662 -172.666
 -57.114  129.464 -170.597
 -55.632  137.452  177.402
 -59.252  140.074  162.928
 -57.596  128.278  161.393
 -46.585  136.931  177.860
 -70.716  139.958  160.379
 -59.950  141.680 -174.589
 -63.792  146.276 -173.468
 -55.464  144.432 -172.347
 -73.651  133.979 -174.809
 -60.676  141.220  157.253
 -69.260  141.978  175.162
 -52.994  138.207 -179.094
 -53.463  121.845  173.049
 -55.780  123.068  169.426
 -67.132  118.153  164.700
 -75.030  143.907  170.951
 -59.749  146.499  178.334
 -49.867  135.400 -179.580
 -64.669  144.593  165.543
 -59.774  133.641  163.465
 -59.786  130.224  165.228
 -56.480  139.320  171.579
 -60.279  140.128 -177.601
 -61.014  136.384  167.167
 -55.316  140.697 -175.427
 -54.697  128.367  162.050
 -65.776  133.844  170.084
 -57.593  129.726  157.597
 -57.256  139.892  159.698
 -56.710  134.021  170.728
 -55.546  132.547  174.747
 -61.629  133.332  174.923
 -69.981  130.459  158.471
 -66.882  145.897 -179.047
 -59.501  138.262  178.402
 -59.580  132.828  171.687
 -68.827  138.933  159.170
 -65.746  137.407  175.084
 -58.796  147.554 -174.911
 -55.827  136.243 -175.175
 -55.865  134.492  179.885
 -69.242  147.771  171.606
 -55.144  125.289 -169.393
 -52.730  137.005 -178.407
 -59.144  139.285  177.194
 -61.166  135.376  169.700
 -65.073  116.588  178.755
 -62.198  144.262 -177.094
 -74.362  129.181 -170.435
 -64.742  134.821  155.601
 -57.141  147.302 -173.761
 -60.732  138.936  172.761
 -56.433  119.477  155.897
 -59.025  146.112  178.457
 -62.428  131.023 -176.992
 -58.616  146.114  173.023
 -59.278  135.188  177.337
 -64.080  129.617  179.769
 -64.606  137.926  168.654
 -67.351  131.470 -177.846
 -62.571  146.031 -179.768
 -64.134  133.844  176.852
 -56.979  121.058 -176.256
 -54.484  139.532  175.184
 -70.787  147.666 -179.501
 -67.345  128.542  166.302
 -71.722  134.180 -179.106
 -48.748  140.064  167.547
 -57.969  149.933  177.818
 -65.816  134.449  172.938
 -65.065  134.513  151.971
 -70.025  140.321 -175.351
 -62.017  133.314  156.915
 -59.117  144.290  159.987
 -60.877  126.037  173.594
 -55.676  120.365  169.610
 -43.693  128.264  178.023
 -68.342  144.132  174.825
 -58.814  134.473  170.586
 -55.097  124.494  163.209
 -43.240  134.456  166.427
 -65.580  135.389  171.234
 -61.575  135.385  175.002
 -61.304  152.798 -174.513
 -61.485  128.495  177.529
 -72.560  136.515 -174.672
 -64.718  135.619  174.372
 -59.721  126.364  168.007
 -62.493  122.438  179.966
 -47.916  134.046  162.475
 -65.249  124.714  172.615
 -65.422  126.929  170.457
 -56.734  125.531  175.661
 -68.304  131.578  172.579
 -54.115  141.278  169.212
 -70.634  125.437 -171.911
 -70.573  143.720  175.045
 -46.527  122.112  163.505
 -57.814  135.361  178.204
 -53.733  146.962  159.875
 -59.928  136.597  177.690
 -60.560  133.215  168.007
 -65.589  122.539  161.610
 -62.558  141.287  177.510
 -55.580  134.575  163.894
 -65.496  140.975 -179.544
 -54.170  152.068  167.883
 -62.049  119.088  162.396
 -56.903  122.055  177.095
 -59.653  136.433  166.498
 -58.282  136.762  149.861
 -55.703  146.931  175.183
 -52.072  131.173  177.234
 -57.183  135.526  178.393
 -69.024  139.531 -179.581
 -57.050  147.716  169.871
 -53.996  131.394 -177.159
 -62.030  136.036  174.340
 -75.592  129.145  155.363
 -50.617  134.271  153.571
 -58.393  133.072  162.937
 -64.491  134.932  170.029
 -66.649  131.527  174.812
 -60.616  133.107  159.956
 -67.163  128.222 -176.771
 -74.161  133.962  178.817
 -66.332  144.047 -174.265
 -55.169  138.451  175.135
 -60.722  134.312  162.557
 -51.404  129.114  161.943
 -53.737  139.084  164.233
 -58.750  145.087  168.537
 -50.277  128.156  169.788
 -59.659  142.750  167.875
 -71.860  132.771 -177.903
 -58.436  146.195 -174.522
 -65.651  135.805  179.923
 -57.244  138.453  161.896
 -47.787  133.912  179.551
 -53.803  140.579  162.706
 -45.079  138.486  171.410
 -65.733  145.153  158.519
 -64.094  144.678  174.987
 -58.675  153.343  176.659
 -44.541  143.666  154.724
 -57.433  130.632  174.906
 -57.562  136.639  179.980
 -66.477  119.538 -179.498
 -54.227  118.505 -177.830
 -58.300  136.104  170.948
 -72.649  133.390  171.021
 -63.501  129.313  177.269
 -67.891  130.876 -168.381
 -67.359  131.409  163.508
 -57.316  129.343  140.519
 -74.328  143.399 -177.336
 -68.235  142.563  168.349
 -58.656  130.550  161.197
 -72.695  140.750 -172.313
 -58.516  142.254  156.078
 -57.597  136.035 -178.063
 -49.129  117.484  153.553
 -66.045  140.095 -173.464
 -63.766  135.870  164.025
 -53.473  125.165  168.192
 -55.904  130.789  178.322
 -65.507  130.634 -173.601
 -69.419  142.605  175.590
 -53.084  133.521  172.361
 -61.880  134.804 -171.748
 -54.511  132.326  179.966
 -68.724  141.601  174.257
 -47.978  142.578  173.624
 -49.826  130.751  166.021
 -57.558  139.417  169.822
 -67.608  123.218 -176.847
 -53.571  131.820  160.443
 -64.290  136.613  171.202
 -69.158  129.219  166.705
 -69.048  140.914 -179.248
 -57.595  145.277  168.143
 -63.111  144.102  166.696
 -56.148  143.101  179.174
 -50.407  127.753  160.832
 -67.823  137.472 -174.556
 -67.908  135.757  171.955
 -50.353  123.484  172.503
 -60.503  138.516 -177.626
 -59.489  141.358  170.946
 -61.337  132.685  170.384
 -74.005  134.413 -175.907
 -53.702  130.781  167.453
 -51.362  127.034  167.808
 -59.355  142.545  166.284
 -58.449  140.467 -177.332
 -57.809  142.097  159.106
 -59.574  139.152  174.473
 -64.312  136.819  164.510
 -72.957  126.842  176.904
 -59.273  129.309  167.895
 -70.793  142.840 -177.171
 -55.243  131.207  172.985
 -48.572  131.883 -173.728
 -66.339  130.425  162.177
 -61.921  137.160 -174.066
 -59.669  140.564  173.415
 -63.885  130.397  175.831
 -64.157  114.297 -173.654
 -62.252  140.404  166.369
 -64.874  148.920  166.695
 -67.420  141.333 -175.027
 -58.521  137.719  179.281
 -58.916  144.308  161.081
 -40.059  133.163  160.441
 -36.491  129.596  162.607
 -64.539  141.307  161.795
 -63.915  134.332  173.196
 -74.778  136.723  170.968
 -42.670  127.347  177.705
 -61.836  136.828  169.687
 -54.310  132.940  177.642
 -65.746  132.523  160.082
 -54.511  120.819  167.263
 -57.127  122.059  158.890
 -57.676  140.368  159.722
 -64.270  133.409  169.638
 -63.108  127.148  164.808
 -71.449  136.279 -179.838
 -57.723  141.395  164.447
 -52.455  137.843  163.708
 -55.224  139.229  158.933
 -63.825  139.546 -179.466
 -71.051  125.102  166.264
 -56.433  135.358  165.528
 -60.815  143.356  161.190
 -44.517  137.490  161.756
 -59.161  145.084  170.881
 -74.442  136.459  171.068
 -54.781  120.257  161.607
 -55.583  136.357  175.526
 -66.686  136.577  167.694
 -57.657  126.824  165.997
 -68.272  136.384  171.912
 -55.412  140.499  149.515
 -66.824  129.119  177.871
 -67.547  140.264 -177.551
 -71.968  138.737 -178.588
 -55.876  136.788  158.239
 -62.294  132.907  161.914
 -61.287  132.353  157.589
 -63.506  131.362 -177.102
 -55.677  137.452  167.517
 -60.857  134.173  178.124
 -56.138  150.171 -178.557
 -54.011  136.524  155.952
 -57.248  130.860  176.512
 -60.627  154.060  166.604
 -67.079  143.192  174.758
 -59.330  145.156  154.657
 -36.967  132.370  176.497
 -55.644  134.210  167.801
 -68.797  148.791 -177.512
 -67.142  148.261 -178.620
 -65.689  144.613  170.709
 -31.403  129.416  169.984
 -63.650  134.013  167.092
 -53.089  137.590  161.169
 -62.193  127.464  169.909
 -40.983  130.776 -171.718
 -71.976  143.096  178.683
 -56.724  138.101  169.595
 -55.749  131.736  158.109
 -60.520  146.746 -179.573
 -70.448  135.819  173.923
 -60.420  125.230  171.184
 -47.498  129.710  176.295
 -62.673  146.454  164.514
 -57.020  141.441  162.608
 -55.609  132.106 -173.588
 -56.458  143.754  173.206
 -54.753  129.820  175.753
 -62.812  142.665  156.496
 -65.413  140.889  174.419
 -51.500  134.551  173.817
 -53.231  147.465  175.173
 -60.680  120.681  178.181
 -68.793  142.638 -179.453
 -70.273  141.126  173.639
 -55.346  137.668  165.342
 -59.965  139.000  170.185
 -56.585  143.981 -177.407
 -64.945  126.098  163.777
 -51.445  145.656 -167.880
 -61.147  141.100  173.463
 -64.773  123.285  169.125
 -64.601  134.423  156.599
 -56.275  146.368  169.506
 -55.312  133.004  178.124
 -61.296  125.891 -169.684
 -49.094  126.004  169.238
 -46.151  132.079  160.087
 -66.963  138.732  167.943
 -71.118  122.768  174.853
 -60.651  122.410  173.584
 -72.069  125.746 -177.474
 -65.258  133.288  165.268
 -59.928  129.894  174.733
 -59.722  141.835  172.163
 -64.910  133.241 -174.781
 -65.517  134.137  172.633
 -53.217  129.425  169.509
 -61.379  138.285 -171.816
 -67.202  128.265  171.125
 -69.633  132.471  169.193
 -71.837  141.293 -179.797
 -73.132  130.105 -166.215
 -47.441  141.858  160.224
 -61.927  138.922  175.026
 -64.888  119.043  146.811
 -50.091  130.439  165.383
 -69.393  133.266  179.099
 -47.938  136.471  156.294
 -65.434  139.357 -177.020
 -51.938  129.498  149.426
 -58.328  147.057  168.983
 -62.035  132.012 -169.775
 -63.052  132.523  171.504
 -56.429  133.924 -177.383
 -50.077  130.295  165.222
 -54.060  145.580  168.857
 -46.284  134.355  177.575
 -67.810  143.310  159.054
 -64.220  140.178  169.201
 -63.940  141.205  178.332
 -54.345  130.176  172.198
 -67.104  141.217 -178.574
 -57.517  134.936  177.354
 -50.169  131.087  178.429
 -70.369  143.595  164.182
 -48.982  131.035  162.555
 -59.661  131.805  169.802
 -70.182  146.090 -171.884
 -69.936  144.815  173.886
 -68.970  134.252  174.182
 -57.508  130.755  169.302
 -72.264  133.530  177.511
 -75.073  130.293 -156.743
 -66.791  126.915 -174.733
 -60.168  128.114 -169.828
 -73.265  131.979  172.785
 -53.324  125.348  169.869
 -51.372  142.732  169.340
 -56.810  131.566  168.459
 -59.018  152.571  176.580
 -74.952  136.659  160.609
 -50.845  134.347  161.600
 -42.249  129.663  179.292
 -60.592  116.305  173.912
 -61.064  130.819 -173.880
 -46.647  132.763  161.193
 -62.836  138.230  171.371
 -62.212  131.246  164.802
 -45.703  145.172  174.401
 -59.590  127.823  171.269
 -70.143  137.655 -172.485
 -51.975  126.124  176.305
 -50.902  129.481 -179.291
 -66.508  140.383  173.942
 -65.971  135.779  169.814
 -48.255  136.587  163.236
 -53.686  136.523  166.373
 -69.966  133.678  177.900
 -64.726  127.909  179.241
 -56.623  128.467  170.989
 -67.835  130.466  170.128
 -56.462  141.233  171.478
 -65.192  131.803  154.797
 -51.404  142.197  165.146
 -47.070  136.063  173.684
 -54.538  142.325  173.472
 -66.693  141.245  178.843
 -60.285  141.690 -175.951
 -63.659  133.028 -179.172
 -68.890  133.263 -178.277
 -63.264  129.476 -176.725
 -66.225  135.727  177.209
 -68.924  133.883  171.582
 -53.811  135.981  176.942
 -73.242  143.893  162.165
 -64.383  135.211  171.425
 -63.473  140.520 -176.462
 -59.942  152.205  179.626
 -54.472  135.124 -172.992
 -58.076  134.616  176.332
 -65.102  123.263 -175.982
 -70.716  141.601  174.925
 -42.461  132.367  154.074
 -65.735  142.540  178.464
 -56.982  143.934  171.830
 -57.457  132.393  172.185
 -74.358  118.243  172.939
 -57.517  132.773  168.062
 -59.385  133.945  174.000
 -49.266  142.641 -179.533
 -55.303  129.829 -178.652
 -72.213  140.804  177.487
 -50.769  126.335 -175.921
 -75.179  136.628  174.041
 -58.321  142.676  171.789
 -59.634  149.812  164.560
 -63.131  136.255  178.020
 -67.086  148.611  177.409
 -71.614  161.316  169.360
 -62.054  146.141 -171.578
 -50.396  126.854  163.671
 -65.047  154.580 -176.064
 -68.274  141.891 -170.955
 -54.314  127.996  164.639
 -61.935  136.689 -171.239
 -78.031  144.121  171.074
 -63.399  131.406 -177.341
 -57.068  144.166 -179.396
 -55.548  134.610 -170.454
 -58.415  127.760  166.385
 -60.542  130.561  174.740
 -66.799  153.347  171.114
 -64.641  140.477  170.705
 -64.543  138.118  167.102
 -61.994  144.507  176.294
 -69.309  124.266  160.505
 -51.481  126.242  173.580
 -77.903  136.162  178.681
 -65.232  152.765  170.496
 -68.006  135.469 -176.754
 -72.076  126.606 -166.896
 -65.198  134.035  178.126
 -62.290  141.883  178.176
 -50.546  134.839  176.822
 -66.346  126.709  177.559
 -61.987  142.280  176.828
 -63.490  131.214  178.901
 -54.933  124.545  174.013
 -66.638  122.105  175.142
 -55.080  124.371  173.351
 -61.982  134.656  179.380
 -67.092  127.140  173.745
 -59.986  140.838  165.594
 -59.578  139.532  169.042
 -56.632  143.993  164.325
 -62.796  142.158 -175.504
 -77.305  146.711  174.700
 -56.101  142.668  165.280
 -66.533  141.724  176.270
 -64.905  138.501  159.642
 -57.651  114.986  178.151
 -58.530  136.437  168.738
 -56.913  136.749  177.799
 -63.136  143.309  179.078
 -51.807  148.322  160.080
 -60.165  136.244  162.587
 -68.327  139.714 -174.030
 -59.136  142.539 -175.131
 -57.180  139.303  150.671
 -48.620  125.327  155.941
 -60.666  140.567  177.661
 -72.987  117.332  158.671
 -56.523  131.769 -173.915
 -55.492  136.613  157.473
 -59.025  134.855  174.413
 -59.082  146.519  163.968
 -72.174  127.822  170.020
 -55.949  137.400  172.936
 -69.586  139.115  163.499
 -49.656  126.222  169.749
 -79.088  126.740 -178.704
 -62.649  138.695  167.133
 -55.241  126.879 -179.744
 -52.893  132.484  179.190
 -47.339  144.462  157.159
 -69.111  130.639  176.933
 -38.016  147.999 -175.812
 -54.936  137.061  152.400
 -53.368  124.823  159.626
 -59.529  132.888  152.557
 -55.877  132.713  176.830
 -58.570  117.240  154.822
 -65.757  136.226  161.956
 -57.866  123.635  173.794
 -58.362  133.827 -160.568
 -57.387  126.572  163.407
 -52.160  134.815  171.507
 -58.298  135.793  161.792
 -56.868  150.441  179.860
 -59.646  141.907  173.942
 -53.364  139.192 -176.631
 -74.282  145.498 -176.637
 -59.608  131.218 -162.838
 -55.826  148.763  175.214
 -46.857  139.384  165.053
 -66.352  138.940  174.924
 -57.104  140.664  168.702
 -52.019  124.637  171.120
 -61.629  146.386  178.643
 -64.052  139.468  177.404
 -66.360  144.613  179.230
 -71.627  144.379 -173.084
 -55.850  131.316  155.154
 -52.347  127.971  174.923
 -43.022  142.990  162.169
 -59.525  136.170  178.581
 -82.416  138.976 -177.437
 -55.250  131.097  165.032
 -62.733  141.749 -174.871
 -69.924  133.565 -174.384
 -45.798  141.341  156.022
 -59.704  122.947 -167.162
 -61.464  137.957  165.012
 -71.142  128.888  174.781
 -55.713  140.635  163.889
 -73.984  135.658  177.578
 -59.152  131.751  179.899
 -67.214  132.278  176.295
 -62.062  132.674 -168.865
 -49.674  144.246 -176.623
 -63.080  148.459  173.045
 -54.284  129.733  170.163
 -53.855  121.174  153.267
 -66.755  134.989  169.792
 -69.910  130.013 -179.558
 -55.325  148.153  172.202
 -62.082  136.242 -177.861
 -61.896  128.582  173.957
 -66.591  136.298 -170.712
 -51.110  134.631  164.933
 -63.584  136.017  178.938
 -75.369  134.208  175.790
 -56.730  138.719  154.729
 -59.270  138.940  170.569
 -59.446  134.639 -175.638
 -70.156  137.596  167.402
 -60.280  137.395  152.142
 -60.500  139.572 -177.991
 -58.122  125.107  176.288
 -71.175  143.147  145.712
 -55.680  132.547  175.836
 -58.478  134.116  174.412
 -71.251  142.197  176.450
 -57.790  133.732 -175.134
 -53.466  125.035  162.933
 -64.096  127.402  164.946
 -67.411  128.781  173.436
 -59.709  136.810  178.266
 -64.964  135.682  170.084
 -87.436  136.474 -179.700
 -63.270  133.973 -163.575
 -68.205  125.529  170.388
 -57.804  132.981 -173.844
 -57.556  125.752  157.283
 -80.057  138.196  174.223
 -61.615  143.149  176.791
 -55.952  143.451  178.043
 -62.735  129.056  160.364
 -68.111  150.110 -176.731
 -70.085  129.969 -169.262
 -69.387  120.254  177.354
 -54.439  149.356  173.573
 -58.457  143.563  168.341
 -54.744  141.212  174.807
 -60.816  138.070  173.204
 -64.957  139.516  176.741
 -54.347  139.553  158.137
 -62.584  137.700  157.389
 -63.636  132.230  162.100
 -57.747  151.055  169.594
 -57.993  122.956  160.319
 -77.361  133.585  166.904
 -66.054  120.460 -175.152
 -79.420  134.896  170.278
 -53.196  136.592  155.903
 -58.471  137.977 -171.248
 -68.259  145.223  178.133
 -72.424  130.352  154.138
 -55.052  130.628 -178.543
 -61.410  135.934  168.058
 -74.587  126.899  170.898
 -63.833  136.059  170.047
 -55.798  138.203  154.866
 -52.187  132.438 -176.966
 -73.413  132.866  174.328
 -46.889  128.605  164.383
 -63.849  132.053 -177.393
 -62.487  140.680  177.968
 -66.186  132.535  173.152
 -57.397  137.074  170.587
 -69.690  133.251  169.751
 -53.119  147.511  162.996
 -61.565  140.672  170.997
 -61.961  135.583  175.620
 -56.023  129.833  172.320
 -44.555  128.764  169.686
 -50.801  139.096  167.732
 -50.456  128.998  168.575
 -51.380  127.271  162.077
 -56.488  132.351  167.961
 -49.518  139.396  167.219
 -53.164  126.187  157.795
 -55.077  144.169  165.238
 -68.105  122.150 -179.193
 -66.387  120.471  166.983
