-165.747  149.763 -170.017
-162.994  154.395 -158.369
-160.377  141.192 -167.640
-161.952  144.302  176.581
-168.562  138.551 -171.641
-167.596  133.793 -176.552
-161.660  129.952  177.748
-161.202  137.446  158.649
-171.626  138.289 -157.299
-163.543  137.761 -178.518
-171.604  145.558  167.585
-165.995  127.929  166.919
-158.717  123.621  178.276
-167.555  152.644 -173.015
-163.993  132.236 -175.595
-170.768  149.115  176.287
-169.958  145.742  171.467
-151.600  114.614 -179.297
-161.596  139.903 -178.089
-157.209  147.776  172.965
-166.702  120.083 -174.613
-156.749  140.612  178.847
-157.589  130.472  176.190
-155.709  149.993 -178.278
-159.386  134.760 -160.038
-147.452  125.926  178.981
-177.484  140.561 -165.845
-156.392  128.542 -170.280
-168.920  130.277 -167.764
-161.643  134.434 -169.516
-168.295  145.329 -173.594
-164.043  133.466  173.066
-160.708  150.345  170.229
-163.241  132.668 -171.363
-159.601  130.225  179.140
-178.029  154.546 -171.449
-172.460  128.647  175.207
-155.634  141.777  156.917
-162.912  133.197  165.051
-155.712  126.148  160.062
-156.714  127.603  174.256
-157.911  137.835  172.919
-165.229  151.396 -178.336
-161.630  129.343  169.307
-163.040  106.911  179.849
-159.580  139.570 -164.827
-164.290  126.951  168.712
-166.855  146.306 -178.242
-152.680  145.472 -177.529
-158.210  137.046  164.237
-171.610  129.857  166.981
-150.189  131.533  172.042
-154.783  123.744  170.511
-156.135  138.361  164.508
-162.838  126.748  167.056
-163.319  131.432  178.777
-174.211  127.420  174.481
-165.081  128.335 -163.011
-163.528  133.070 -165.499
-163.905  143.922  178.792
-153.385  135.238 -172.385
-176.750  126.270 -167.014
-157.120  128.870 -170.672
-169.628  130.350 -176.955
-172.195  141.837  179.980
-161.566  137.814  179.103
-153.072  134.395  172.769
-166.438  141.240 -178.226
-167.895  142.266  177.310
-160.810  131.120  175.641
-168.941  133.867  169.306
-154.613  142.459 -177.881
-153.319  137.247  166.061
-161.924  144.182  171.052
-161.009  135.905 -178.623
-155.349  133.181  154.313
-171.342  141.885 -167.849
-167.550  134.730  169.071
-175.653  131.903 -173.458
-167.596  132.675 -168.054
-172.577  120.974 -177.489
-146.140  138.667  165.606
-152.994  135.958 -179.966
-159.409  134.304 -160.117
-173.417  135.499 -175.509
-163.393  108.794 -169.132
-155.160  131.448 -175.193
-166.564  136.072 -163.597
-158.685  135.103 -171.182
-162.220  137.726 -165.322
-172.017  132.067 -172.268
-153.787  136.961  178.133
-169.319  129.477  175.272
-168.575  139.191 -167.196
-149.441  137.785  177.209
-160.921  137.520 -179.757
-158.146  132.845 -177.927
-175.663  128.558 -164.105
-159.373  148.115 -170.849
-157.888  118.338 -178.273
-164.444  145.013 -179.005
-169.371  139.752 -174.549
-157.407  141.976 -164.475
 168.948  148.379 -160.724
-167.773  120.900 -171.099
-155.866  135.865  168.936
-171.140  136.097 -170.274
-167.295  127.525  171.968
-163.896  140.797 -176.537
-157.957  152.835  178.877
-151.240  141.747  169.213
-161.247  146.477  178.846
-168.104  128.727 -178.697
-161.133  129.863 -176.394
-155.114  136.867 -172.438
-160.295  145.123  161.536
-162.960  144.977  162.714
-158.318  134.518  167.820
-160.447  128.424  165.310
-156.891  134.776  171.751
-152.814  132.963  173.356
-171.024  132.815  177.130
-153.692  129.956  166.843
-162.325  149.467  177.605
-163.754  132.801  167.511
-178.792  139.492  176.112
-170.718  147.094 -159.095
-169.657  143.135 -179.206
-165.016  150.117 -173.201
-158.010  121.895  179.473
-165.139  144.466  175.491
-152.322  127.434  175.843
-171.628  141.888  164.400
-160.407  132.934  178.102
-168.914  131.024  173.844
-167.851  128.847 -174.207
-167.334  144.010 -175.169
-163.346  134.263 -160.771
-162.317  130.895  178.769
-167.912  140.149  177.434
-167.456  124.223 -171.880
-141.731  125.347  176.957
-143.208  139.339 -172.836
-150.155  140.096 -179.571
-156.668  137.169 -175.143
-155.982  138.195  178.421
-178.700  128.268  177.452
-152.130  138.805 -167.576
-158.374  132.118 -174.615
-163.095  147.594 -166.909
-167.828  139.098  161.760
-163.608  134.776 -176.175
-165.373  134.342  174.027
-164.968  115.779  172.342
-167.731  135.389 -174.263
-160.670  133.127  166.152
-161.406  148.141  176.461
-170.405  135.017 -177.853
-157.534  134.044 -168.493
-162.988  128.060  179.366
-167.334  139.547  173.801
-152.097  123.123  170.177
-154.772  141.815 -173.964
-164.625  141.061  168.509
-161.184  135.264 -172.546
-158.039  133.872 -167.102
-157.063  133.209 -173.153
-147.193  125.463 -160.598
-158.310  137.726 -153.426
-155.849  134.260 -179.183
-173.652  132.255 -173.304
-154.202  138.069  176.638
-155.495  143.283 -175.162
-159.654  124.458 -167.672
-163.265  140.401 -173.662
-156.242  136.352  176.049
-154.747  134.179 -177.777
-144.098  141.321 -172.592
-166.900  144.128 -162.834
-168.611  145.120 -155.165
-159.902  136.692 -176.878
-172.507  121.047 -157.702
-162.033  117.139  173.488
-164.820  144.470 -171.527
-156.800  152.478  178.180
-173.075  136.978 -176.802
-150.022  136.302 -163.087
-163.167  146.992 -178.573
-164.361  146.025 -174.082
-169.709  123.226  179.960
 179.455  110.208 -167.325
-163.902  133.966 -178.023
-160.049  123.734 -179.907
-160.428  139.430 -166.066
-159.023  127.127 -170.372
-149.339  139.913  162.177
-165.022  121.464  179.123
-159.796  137.214 -173.450
-164.204  135.023 -178.966
-149.930  132.714  156.050
-156.356  123.872 -178.560
-154.614  118.895  179.737
-163.093  133.776  170.175
-167.198  130.405 -161.121
-150.532  124.542  172.962
-154.709  142.971  176.771
-163.557  118.771  173.055
-167.495  137.574  175.971
-154.045  131.908  178.689
-159.723  123.575  176.273
-161.348  142.355  174.201
-170.526  140.491 -174.204
-150.230  133.860 -179.680
-166.638  143.663  168.732
-170.818  137.645 -172.315
-163.234  119.526  171.923
-159.340  128.103 -170.118
-154.182  138.796 -179.507
-168.879  137.828 -176.266
-158.261  147.458  176.679
-156.046  136.085  169.371
-160.008  124.356  163.357
-165.124  121.185 -175.613
-179.172  143.405 -179.687
-170.656  138.549 -175.473
-169.127  142.994  176.415
-163.872  134.607  179.634
-156.610  134.011 -164.408
-158.036  133.721 -169.472
-163.437  134.818  179.134
-173.893  134.816  170.922
-156.165  134.667 -163.836
-159.368  134.043 -179.853
-156.480  142.433  172.850
-159.884  140.194 -171.922
-154.683  137.286 -162.751
-166.700  123.847 -172.732
-169.720  118.082 -169.376
-164.319  142.558  173.763
-170.411  149.946 -177.617
-167.192  136.345 -173.932
-172.060  128.254 -175.225
-162.642  148.561 -166.727
-150.225  138.794  179.195
-158.916  138.544  177.505
-152.357  134.087 -173.689
-165.430  148.017  168.379
-149.341  133.507 -171.886
-159.491  127.774 -174.456
-160.532  152.055 -175.586
-151.817  129.893 -177.415
-171.688  129.388 -175.427
-157.997  138.658 -167.355
-147.059  152.642  169.763
-160.482  135.897  174.060
-148.225  126.641  175.999
-170.388  127.341 -152.707
-166.655  144.079  176.706
-172.761  136.612 -174.802
-164.247  132.152 -178.052
-169.517  136.907 -179.937
-155.002  124.388  179.034
-161.533  151.155  174.454
-150.482  141.727  174.861
-157.759  140.252 -175.817
-164.979  119.599 -178.127
-161.284  132.124  175.046
-159.773  139.216 -172.227
-163.858  139.607  175.407
-152.593  142.757  172.776
-158.682  129.344  175.163
-148.718  151.023  164.661
-171.746  138.159  177.090
-168.196  130.041  165.376
-156.568  141.373 -166.881
-158.426  131.589 -171.034
-167.099  140.554  176.801
-166.377  130.920 -172.934
-148.902  139.632  165.353
-168.169  140.093 -164.929
-172.069  139.455 -173.418
-166.126  139.127 -176.488
-163.777  137.062  178.934
-156.015  140.377  165.283
-176.488  141.941 -157.137
-174.708  138.802 -166.154
-159.914  134.509 -165.884
-159.104  142.495 -179.368
-156.636  140.451 -173.512
-162.392  146.941  178.094
-162.928  141.879 -172.909
-172.924  146.395 -176.190
-159.287  130.684  179.208
-158.575  145.797 -174.343
-171.371  135.504 -171.995
-154.196  133.630  178.394
-162.788  134.013  176.288
-146.232  132.009  160.080
-162.451  145.133 -174.571
-164.532  135.629 -172.256
-170.408  129.987 -176.988
-168.067  141.945 -171.348
-169.124  133.302 -162.408
-163.139  120.603 -170.961
 178.616  150.327 -167.063
-163.796  126.991 -165.578
-156.842  144.421 -178.217
-155.791  138.690 -171.167
-146.767  138.799  178.954
-147.343  127.933  164.004
-170.192  132.464 -168.257
-161.601  111.350 -178.605
-153.081  134.823 -171.697
-149.831  129.739 -167.418
-172.945  122.174 -176.699
-166.130  139.921 -176.601
-170.332  150.624  173.374
-164.774  143.004 -162.597
-160.511  153.430  174.114
-167.171  121.485 -172.607
-153.933  135.945 -177.267
-155.465  133.183 -166.170
-169.823  138.883 -168.186
-153.554  116.748 -159.003
-166.137  132.243 -157.483
-164.589  137.670 -179.017
-166.221  124.798 -179.308
-160.561  142.508  163.668
-151.667  140.182  175.960
-154.788  148.062  176.352
-171.566  150.535 -170.231
-165.516  152.030 -177.282
-151.177  141.376 -178.865
-157.486  135.607  179.839
-145.749  141.259  169.398
-153.178  129.858 -176.248
-162.918  146.848 -178.942
-158.438  135.835 -175.030
-164.950  147.967  176.642
-166.913  129.475 -173.978
-168.346  115.016 -177.312
-154.439  131.174 -165.773
-157.650  145.363 -179.350
-161.462  119.477 -168.978
-163.893  130.188  158.218
-158.601  132.923 -172.180
-161.586  140.255 -178.865
-160.977  133.232 -175.737
-157.816  142.781  172.922
-165.520  138.756 -169.774
-170.911  140.561 -173.297
-174.185  132.287  167.181
-152.505  127.776  177.230
-161.144  131.626  177.029
-171.176  133.036 -169.112
-161.959  138.401 -166.108
-162.198  145.542 -175.158
-164.235  132.217  178.969
-151.527  137.947  178.229
-143.535  131.303  168.682
-156.446  133.641 -174.761
-166.829  128.799 -178.223
-158.837  131.983  164.250
-159.296  134.447 -176.340
-163.119  129.772 -170.580
-166.059  133.477 -176.556
-163.901  136.814 -178.365
-157.935  134.751  172.474
-158.101  138.439 -169.068
-143.816  145.419 -176.847
-152.402  143.358  171.660
-163.706  133.693 -170.553
-157.641  137.724  172.827
-165.537  135.053 -161.490
-172.363  140.204  179.921
-153.520  129.659  166.667
-168.049  142.149  176.128
-155.655  118.764  166.936
-161.590  135.894  175.575
-165.769  141.633  167.263
-157.776  128.401  171.080
-168.473  156.053  166.210
-173.784  136.040 -177.600
-168.975  149.527  178.563
-165.607  142.136 -173.467
-159.648  125.463 -179.428
-169.186  125.837  178.729
-169.316  131.225 -166.645
-155.139  139.648  175.052
-166.188  145.594  177.751
-160.916  135.619  168.721
-164.859  135.136  173.615
-164.727  140.033  167.126
-164.067  137.065 -171.430
-161.063  139.140  175.805
-163.740  125.377 -151.161
-172.959  139.296  165.285
-156.851  142.157  176.164
-162.747  138.269  166.168
-164.800  125.079 -167.789
-169.267  135.170  177.958
-162.026  138.078 -174.593
-165.706  140.101 -174.555
-159.211  130.038 -168.773
-168.563  138.817  179.972
-158.579  142.670  172.222
-166.062  134.919 -168.166
-162.142  145.274  163.379
-152.393  132.899  172.208
-171.580  137.033 -179.397
-159.079  140.905 -174.296
-152.514  141.587 -178.518
-160.855  127.197  176.323
-153.030  130.622  166.881
-155.352  140.643  171.068
-165.635  150.686 -169.579
-158.919  152.698  165.458
-166.106  132.110 -175.202
-158.999  135.336 -175.735
-159.221  148.226  176.144
-166.153  143.325  175.668
-161.192  126.942  172.288
-155.738  127.019  163.565
-157.572  135.484  175.552
-156.290  137.774  163.633
-176.674  150.217 -177.325
-166.804  138.922 -178.753
-163.358  148.418  179.713
-176.016  143.393 -171.761
-161.624  149.757 -175.157
-167.451  150.165 -168.308
-158.054  126.185  174.003
-156.364  136.173 -176.801
-160.259  133.479 -178.093
-178.812  132.755 -172.018
-166.089  128.762  178.120
-151.948  136.896 -177.034
-155.218  136.929  169.102
-161.415  146.471  172.047
-163.676  137.658  173.575
-161.913  140.933 -165.142
-166.692  144.474 -174.364
-164.670  134.367 -174.660
-162.539  137.013  172.596
-176.650  118.992  176.575
-158.119  130.657 -175.413
-170.639  142.453 -174.314
-168.371  135.360  179.890
-155.837  140.410 -169.358
-173.916  130.481  174.856
-156.151  125.221 -178.185
-157.364  129.207  169.276
-170.191  137.343 -170.481
-168.917  138.858 -166.902
-153.149  135.799  162.770
-162.292  147.349 -171.838
-162.650  136.880  178.826
-164.508  123.696  168.626
-160.873  133.595 -171.835
-155.790  146.978 -172.400
-157.806  134.540 -169.980
-163.413  132.442 -164.787
-165.599  151.205 -166.226
-157.940  118.100  171.047
-157.002  140.489 -171.797
-155.389  139.769  162.592
-169.133  134.929 -170.698
-151.788  129.990 -176.011
-169.266  141.819  175.362
-158.574  145.384  175.112
-173.064  140.224  176.487
-164.725  137.883 -174.357
-169.168  139.791  174.444
-152.529  129.356 -172.711
-162.633  131.409 -171.617
-169.769  118.054 -168.996
-170.461  124.797 -165.940
-166.112  142.061  173.517
-157.626  124.651 -168.667
-174.088  133.777 -156.112
-167.922  129.886  173.062
-159.864  142.070  173.957
-149.885  135.714 -176.322
-158.447  129.083  174.288
-151.150  141.998  176.658
-174.671  141.196 -176.518
-153.758  139.098 -173.229
-167.385  122.507  173.115
-159.888  133.510 -165.168
-170.157  123.495 -179.097
-178.521  127.264 -173.973
-160.379  127.330 -175.034
-165.325  137.852 -167.231
-170.134  144.324  171.470
-156.890  118.668 -177.574
-164.425  125.809 -168.741
-168.385  139.236  166.406
-162.102  137.568  170.888
-163.278  127.373 -168.821
-161.361  130.204 -175.363
-167.477  131.734 -177.969
-177.192  140.047 -163.557
-161.515  118.220 -169.222
-170.578  133.826  173.354
-155.663  139.022  176.073
-154.711  143.810 -176.587
-146.188  138.012  158.570
 178.981  133.038  178.778
-167.313  135.817 -173.643
-170.766  146.540 -168.066
-161.021  136.982 -164.389
-167.181  141.101  179.773
-172.444  161.787 -168.373
-165.070  149.936 -179.663
-160.918  141.010  174.638
-162.586  145.963  178.492
-171.170  136.464 -179.395
-152.712  130.545 -164.455
-160.130  114.133 -174.115
-173.725  138.359  178.239
-150.822  148.350 -173.106
-156.161  153.563 -177.391
-160.493  131.827 -177.449
-161.535  150.653 -177.664
-153.826  133.920  165.751
-162.605  131.245  171.153
-158.546  137.559  179.823
-166.671  134.607 -178.044
-150.852  149.099  179.233
-148.165  147.587 -178.173
-161.727  140.897 -179.810
-160.326  144.743  170.781
-165.516  130.766  170.663
-167.013  139.466 -179.516
-154.699  120.500 -179.205
-154.069  132.421 -171.688
-163.423  146.736 -162.772
-172.871  148.954 -178.398
-146.889  146.743  165.514
-168.365  137.897  177.139
-163.811  149.796  174.786
-155.220  145.853  169.195
-153.299  150.219  178.759
-171.086  144.442 -171.955
-157.157  135.569  163.553
-168.632  132.642 -179.866
-168.572  129.562  174.551
-146.770  146.372 -174.039
-174.814  126.818 -164.198
-168.755  140.444 -179.320
-164.258  127.507 -178.285
-168.599  147.377 -176.541
-158.544  131.344 -168.902
-165.542  122.704  165.970
-163.667  135.316 -178.170
-156.659  133.615  175.664
-160.177  134.423 -172.275
-160.727  142.258  171.870
-162.418  142.524 -164.188
-172.465  142.649 -172.369
-159.555  149.419  154.942
-176.584  137.060 -164.717
 177.655  139.002 -160.816
-167.283  142.457  179.626
-156.348  125.766  168.044
-146.577  141.392  164.872
-163.135  137.826  168.316
-167.117  125.403 -172.091
-159.699  140.669 -170.025
-164.382  134.583  179.129
-162.793  132.749  174.304
-163.380  129.178 -179.972
-176.817  156.691 -167.340
-175.216  139.056 -172.083
-161.594  142.186  175.885
-158.585  144.961  179.470
-173.020  144.413 -164.981
-159.818  137.980 -165.868
-170.354  139.781 -176.237
-175.132  141.143 -176.640
-153.467  142.567  165.114
-164.725  147.708  174.277
-168.018  142.170 -168.875
-158.123  120.192 -172.869
-153.636  129.907  175.044
-158.574  154.183  175.041
-152.271  133.005 -168.912
-156.825  125.657 -179.236
-168.341  123.839  173.516
-159.720  141.977  173.108
-171.270  133.132 -173.735
-169.902  135.077 -165.557
-175.400  138.078 -177.827
-163.626  123.692 -173.820
-163.534  150.146 -176.565
-167.705  129.159  172.771
-155.708  140.535  173.814
-161.923  120.281  173.443
-160.118  141.514 -179.274
-173.628  135.765  179.578
-171.522  139.839 -177.935
-156.302  125.626 -171.860
-167.521  134.107 -177.078
-165.856  133.248  179.732
-166.159  151.070  174.743
-171.026  135.155 -177.424
-163.473  123.344 -171.931
-175.487  140.771 -175.605
-153.801  125.993 -177.320
-159.439  133.484 -173.588
-154.074  131.039  179.825
-153.143  136.013  170.910
-167.414  145.348  177.745
-160.961  137.670 -173.537
-157.571  132.725 -175.749
-169.291  130.704 -168.241
-167.952  149.085  172.752
-161.137  135.291 -178.711
-160.158  138.225 -174.175
-159.249  142.263 -176.488
-158.022  136.524  164.466
-159.872  120.784 -173.530
-161.725  124.981 -169.910
-166.527  118.704  166.019
-164.811  127.952 -164.819
-158.388  155.084 -177.538
-151.743  142.675 -178.935
-159.609  149.000  178.707
-152.630  142.961  161.396
-167.184  137.732  175.397
-160.338  143.645 -177.679
-151.208  131.003  175.775
-156.079  120.473 -165.756
-154.953  133.309  178.107
-167.462  147.301 -169.782
-176.006  137.549  177.868
-172.854  128.691  176.145
-165.190  129.435  171.814
-165.136  121.219  169.607
-166.366  141.458 -173.644
-163.925  144.040  175.007
-165.200  134.040 -168.720
-166.064  130.733 -168.693
 176.085  143.668 -175.279
-154.319  136.627  174.474
-155.990  143.142 -174.007
-158.127  134.143 -169.639
 179.629  146.150 -175.636
-174.359  148.206 -176.789
-159.114  130.478  174.167
-163.429  125.676  170.535
-154.737  135.099  173.408
-156.454  127.746  176.148
-158.229  140.837  172.631
-158.139  130.681  157.749
-164.606  142.327  171.917
-165.723  141.045  179.427
-174.834  125.341  168.289
-166.204  130.961  178.135
-163.089  130.760 -165.404
-159.340  128.090  176.357
-170.636  137.592 -171.140
-157.982  136.690 -174.038
-165.221  119.874  172.820
-164.003  137.392  175.108
 177.911  123.357 -168.848
-165.258  130.586  177.830
-158.158  134.981  164.311
-172.389  141.587 -172.021
-161.006  133.338  179.307
-164.961  133.558 -166.052
-158.936  145.677 -178.758
-168.700  130.400 -178.295
-170.848  124.156  163.416
-155.164  139.670 -170.732
-154.466  130.698 -178.971
-163.560  124.246 -179.112
-156.575  146.193 -176.459
-166.607  151.386 -170.207
-150.708  130.279  166.402
-162.505  133.781  177.148
-160.602  149.219  179.751
-159.096  138.253  175.228
-153.531  127.634 -159.547
-160.012  146.963 -174.711
-169.568  133.789 -162.226
-159.406  125.427  166.655
-169.877  153.206 -177.641
-158.557  138.161 -179.559
-162.238  143.096 -168.775
-167.869  127.431  177.092
-162.714  150.084 -180.000
-158.606  137.109  175.571
-168.762  140.309 -158.210
-172.616  140.108  179.758
-156.451  138.152 -177.432
-164.163  144.994 -170.264
-157.739  123.489  174.526
-162.383  123.200 -173.994
-168.299  127.090 -170.564
-154.597  121.559  168.390
-163.933  156.092 -168.386
-151.950  143.279  176.844
-158.250  142.963 -171.839
-173.109  131.736 -159.077
-154.162  146.797  173.871
-154.830  131.337 -174.645
-172.606  135.038 -169.174
-167.334  156.682 -177.505
-165.063  141.404 -175.831
-174.428  137.620 -164.248
 179.709  127.662 -174.909
-161.421  139.383 -166.015
-167.760  137.084 -163.695
-169.478  128.954  175.834
-155.465  131.488  169.974
-155.384  151.556 -171.927
-165.742  149.594 -164.045
-165.027  144.220 -179.758
-158.772  137.225 -166.345
-158.162  133.419  177.553
-167.102  136.508 -171.403
-173.315  137.908 -168.664
-147.155  130.668 -167.998
-151.538  138.980  170.217
-174.601  145.029 -168.414
-149.624  140.540  171.693
-154.613  126.665  172.290
-160.995  136.772 -173.449
-162.595  144.409 -178.949
-168.174  127.296  167.827
-150.152  140.696 -179.132
-163.018  131.276  166.981
-172.225  145.656  176.831
-178.015  140.052 -170.858
-169.802  134.154  179.241
-174.144  126.586 -175.224
-167.682  129.164  174.185
-151.858  132.775  176.640
-153.326  142.719  177.800
-158.015  143.686  168.827
-164.135  137.035 -161.041
-155.379  129.433 -174.673
-150.263  138.423  179.633
-166.853  144.472  172.837
-173.025  130.958 -167.031
-159.953  127.575 -160.685
-156.992  139.413  165.385
-155.889  126.467 -170.651
-172.492  133.689 -166.866
-168.352  133.011 -177.218
-170.202  140.589  176.276
-154.906  144.102  172.679
-166.410  146.183  168.523
-162.153  157.736 -172.765
-148.150  131.471 -169.343
-159.417  127.375 -157.918
-154.089  160.231 -158.945
-176.492  140.883 -151.208
-162.044  139.705 -177.858
-173.068  150.759 -170.730
-177.597  141.872 -175.933
-170.552  146.104  173.562
-163.873  127.685  179.000
-164.860  133.149  170.017
-149.966  133.966 -178.742
-166.004  133.968 -164.168
-174.933  143.735 -172.548
-159.823  128.779 -167.581
-173.822  149.808  168.032
-154.214  141.288  174.851
-174.380  138.298 -156.474
-159.794  123.703 -172.958
-160.215  137.600 -175.431
-147.761  128.235 -175.791
-148.834  136.558 -170.362
-158.684  136.802  175.442
-168.793  153.866 -176.671
-165.053  131.687 -177.564
-169.025  129.637 -167.348
-161.197  142.986  171.554
-159.182  114.374  167.749
-161.606  119.595  172.361
-154.753  140.659 -179.859
-143.610  137.402  159.839
-171.421  132.898  174.444
-173.705  122.771  174.226
-174.850  124.826  166.034
-164.386  143.345  178.770
-158.320  121.248 -177.939
-158.409  138.267  159.881
-173.659  123.995  174.989
-176.439  127.329 -171.771
-161.397  146.226 -169.442
-159.450  137.425  175.269
-174.583  147.790 -177.324
-171.972  126.805  171.922
-171.202  116.567 -173.529
-163.846  148.698  166.442
-173.652  137.026  165.024
-175.198  124.482  179.076
-169.771  148.809 -172.217
-169.700  123.567 -172.045
-163.295  144.175 -178.598
-161.931  138.152  176.993
-162.203  137.679 -177.800
-163.268  146.164  172.858
-172.206  136.387 -167.597
-170.708  139.209  179.944
-160.107  145.749 -173.034
-172.489  132.181 -168.997
-169.785  143.909 -158.197
-158.610  144.820 -173.804
-155.739  135.462 -174.614
-172.740  139.376 -176.971
-174.135  141.997 -164.226
-158.794  136.287  177.364
-161.312  127.516 -179.265
-153.270  129.012  167.565
-163.329  141.675 -179.681
-174.787  133.314 -166.183
-164.783  130.610 -175.446
-157.636  141.972  178.274
-153.059  140.566 -175.630
-157.909  146.786 -175.617
-163.504  127.081 -178.689
-160.129  134.993 -177.150
-159.328  135.379 -171.400
-170.027  137.829 -166.517
-172.609  150.825 -176.325
-156.880  154.875  176.299
-158.068  142.015 -172.764
 178.741  137.508 -163.664
-165.688  138.772 -178.730
-160.496  142.854 -179.923
-161.426  141.556  177.942
-166.989  152.716 -177.101
-148.126  128.112 -175.157
-164.949  128.533  171.064
-170.195  132.333 -174.173
 163.590  137.982  170.749
-151.299  138.834  175.307
-161.779  140.848 -172.609
-160.021  139.280 -170.379
-148.221  112.009 -171.187
-168.569  135.121  167.382
-161.790  135.537  176.143
-162.656  134.246 -172.634
-167.717  157.709  179.543
-152.563  133.942  158.376
-154.636  125.326 -167.043
-157.784  128.384 -178.512
-162.976  142.147 -176.786
-166.095  145.055 -173.889
-153.616  151.191 -175.172
-169.198  126.789 -176.157
-166.132  133.010 -172.249
-170.830  137.265 -170.137
-174.475  130.849 -165.914
-161.682  130.763  175.726
-173.352  133.034 -176.639
-158.038  145.462  171.990
-167.192  132.883 -175.500
-163.158  129.573 -178.358
-167.063  128.434 -178.672
-164.095  139.636  172.072
-164.909  134.783  179.817
-168.414  129.712 -177.180
-165.169  120.638  176.810
-158.858  139.589 -168.436
-161.742  137.555 -179.162
-159.860  143.193 -179.293
-158.557  127.575 -164.125
-166.126  147.997  172.611
-167.000  143.161 -177.398
-178.680  140.791 -172.159
-164.440  128.492 -174.184
-162.510  139.231  177.049
-156.629  137.782  176.513
-162.486  132.378  155.899
-171.662  140.430 -179.237
-152.357  152.836 -167.748
-149.607  145.480 -177.057
-149.305  136.250  175.159
-163.365  130.327  171.286
-169.049  144.732 -165.589
-167.198  143.856  157.999
-158.788  149.444 -174.857
-158.594  141.816  173.250
-155.750  116.841 -166.599
-166.781  132.393  175.420
-159.496  128.502 -178.659
-164.653  146.601  165.179
 174.339  134.872 -162.205
-165.742  151.305  172.003
-141.431  131.079  171.108
-146.605  140.913  168.920
-172.803  136.392  178.544
-177.651  138.586 -165.222
-143.452  144.895 -179.387
-167.418  131.941 -177.107
-164.961  123.260  179.016
-159.068  135.580 -162.120
-169.912  143.615  177.017
-178.780  132.978 -170.797
-168.097  127.400 -173.762
-158.508  139.521 -168.103
-148.992  145.174  170.233
-148.007  143.344  164.128
-146.519  118.270  162.748
-164.045  134.711  176.049
-168.185  142.929  174.633
-164.164  139.262  175.648
-162.821  146.132 -170.827
-163.565  122.682 -169.041
-168.516  134.163 -175.960
-162.222  139.213  163.537
-175.678  127.670 -170.635
-155.476  129.911 -175.683
-165.954  142.880  172.978
 172.492  138.524 -170.742
-166.816  144.679  179.315
-169.712  133.863 -172.784
-159.800  145.962 -176.850
-160.666  139.952  170.401
-165.058  132.417  174.870
-161.250  138.189 -163.226
-148.466  135.048  175.843
-158.337  149.968  174.652
-171.667  141.622 -165.471
-154.110  148.045 -162.586
-156.649  153.228  174.110
-165.972  139.906  178.873
-161.898  131.554  167.662
-148.670  138.066 -176.544
-163.555  146.087  175.095
-155.353  130.162  168.959
-165.391  113.856 -155.795
-169.955  140.860  173.292
-173.341  142.772  179.197
-154.265  125.402  178.534
-156.992  138.049  170.582
-162.554  124.892 -169.777
-166.510  140.003 -179.819
-165.202  126.878 -166.899
-148.545  135.330  172.648
-158.534  128.486  177.450
-165.240  144.439 -167.488
-156.384  135.135 -177.640
-156.886  135.629 -176.272
-161.646  144.860 -170.380
-164.992  137.726 -172.131
-170.428  130.400  174.171
-153.345  139.779 -165.868
-155.525  143.450 -175.132
-160.120  143.532  172.593
-163.850  131.687  174.300
-161.018  131.195  171.981
-166.317  136.434  171.062
-160.450  141.275  172.129
-160.901  133.634 -168.033
-160.424  137.914  177.406
-161.450  129.554  177.324
-160.012  144.408 -168.073
-158.880  142.579  166.552
-148.131  140.729  161.588
-170.861  140.221 -177.317
-171.843  135.278 -173.478
-165.510  140.157 -170.714
-160.531  137.623 -176.020
-165.348  138.411  174.834
-157.237  136.942  176.836
-164.247  145.969 -175.744
-163.984  155.542 -171.628
-171.310  154.377 -153.845
-160.865  130.199  177.612
-164.673  135.886  170.023
-169.735  137.333  163.689
-163.807  139.531 -179.277
-155.653  140.187  177.948
-159.711  136.865  178.734
-174.525  125.547 -174.970
-165.354  129.487  177.772
-154.562  147.370  171.801
-158.000  126.374  157.196
-158.448  139.536 -174.576
-168.682  135.422 -169.141
-159.209  137.905  166.518
-170.025  126.163 -166.187
-165.424  131.654 -176.403
-162.893  141.367 -169.916
-163.026  138.158 -170.237
-168.138  126.829 -177.040
-163.838  143.572  176.687
-161.212  140.057  178.639
-154.440  137.135  160.583
-161.045  134.145 -173.812
-170.389  152.757 -172.299
-165.869  130.349 -171.211
-166.704  144.488  175.267
