-158.685  148.825  179.809
-157.914  144.620  174.539
-163.822  156.640  176.316
-170.528  155.214 -170.656
-173.725  140.838 -172.543
-162.428  142.063  169.043
-168.356  145.189 -177.510
-154.278  148.582 -176.239
-160.156  160.378 -173.971
-147.949  148.343  168.318
-152.684  160.574  172.637
-174.035  153.853 -174.902
-163.480  153.491 -178.055
-162.908  144.497  179.759
-168.682  157.210 -174.885
-159.859  160.848  179.527
-163.246  147.052  166.316
-151.613  147.054 -165.138
-161.604  162.827 -176.177
-169.228  155.070  174.051
-155.939  161.803  178.466
-168.534  159.436 -170.255
-169.753  165.288  179.735
-165.680  148.178  179.755
-158.306  152.904 -169.509
-159.387  165.025  172.296
-157.462  154.867 -170.063
-156.686  164.707  176.780
-159.021  153.627 -174.538
-169.496  149.133  177.751
-175.687  143.676 -179.318
-165.680  157.823 -166.303
-162.279  173.156 -167.372
-157.595  143.964 -176.224
-163.894  156.050 -167.985
-160.683  151.538 -173.453
-154.963  156.866 -179.575
-176.560  136.324  164.855
-165.602  157.221 -161.534
-164.547  139.779  174.900
-177.568  146.438  171.875
 176.382  145.966 -172.128
-165.150  148.664 -172.808
-161.401  153.835  167.484
-151.631  168.145  177.716
-153.634  158.053 -166.751
-163.037  168.112 -178.552
-167.108  158.620  178.260
-152.382  156.977 -171.921
-173.079  146.331 -171.132
-163.558  151.347 -172.550
-156.828  148.765  172.647
-173.355  153.043 -176.128
-145.853  166.486 -175.261
-148.849  151.379 -165.256
-165.671  149.905  171.198
-152.869  143.834  167.866
-151.154  150.078  175.721
-159.656  148.378 -176.014
-155.699  142.715  179.460
-154.261  154.609 -172.287
-166.311  151.073  175.940
-171.088  164.258 -168.669
-151.092  146.646  164.885
-158.127  156.069 -172.692
-152.485  162.543  169.173
-165.688  146.109  170.459
-166.072  148.648 -163.679
-172.770  155.510 -167.608
-160.812  158.450  172.947
-158.996  147.991 -163.274
-174.182  160.751 -171.359
-155.807  154.225  172.261
-158.146  133.514 -178.579
-166.599  144.959 -174.368
-167.040  152.657  175.656
-147.184  158.551  172.592
-164.275  146.449  175.089
-158.918  166.177 -177.217
-171.827  148.889 -168.806
-176.101  152.913  179.042
-159.688  157.529 -176.977
-163.362  150.757 -165.037
-167.492  163.349  177.088
-158.454  165.043 -179.644
-161.169  160.856 -170.885
-165.991  142.357 -168.131
-159.294  147.344 -177.272
-177.750  141.993 -159.877
-155.857  151.866  176.235
-162.584  156.100  173.629
-156.556  151.498  168.850
-159.451  161.198 -174.263
-158.435  151.603 -171.986
-168.790  156.369 -176.586
-159.347  160.369 -172.979
-154.964  146.268 -176.613
-171.404  147.622 -166.626
-159.879  152.281  169.942
-163.475  144.520 -168.893
-151.143  145.721 -174.565
-158.819  152.911  178.004
-174.517  163.623  179.635
-160.004  150.238 -175.716
-159.458  155.129  176.786
-157.080  139.356 -173.562
-169.522  144.892 -170.996
-161.107  148.124  171.045
-151.379  149.328  170.886
-172.325  165.675  179.601
-166.838  153.103 -171.654
-174.743  156.742 -163.340
-166.855  157.668 -157.670
-172.267  153.703 -177.994
-158.683  152.412 -170.095
-165.020  153.723 -156.504
-162.674  152.391 -174.662
-150.497  158.357  177.234
-158.897  145.432  171.885
-169.873  133.642 -171.533
-172.441  147.149  179.651
-156.025  154.349  175.245
-163.488  148.856 -179.795
-168.896  151.849 -177.544
-166.949  149.024  179.346
-168.666  146.823  172.709
-172.876  151.122 -174.106
-160.589  140.302  161.583
-158.919  150.965  164.344
-161.259  158.516 -173.217
-171.319  156.140 -163.757
-168.650  150.596 -176.148
-159.056  143.611 -176.873
-167.158  150.126 -169.050
-164.153  146.103 -170.929
-160.072  142.426 -168.847
-153.279  145.126 -178.754
-160.901  156.166 -179.892
-162.380  159.719 -172.410
-170.532  156.028 -174.516
-155.657  139.418  175.426
-172.427  142.912 -170.619
-164.739  150.020  159.824
-170.430  141.688 -173.112
-150.574  154.430  172.820
-149.270  157.526 -176.654
-158.600  136.506 -177.902
-161.037  158.626 -170.670
-163.272  155.868 -172.683
-156.958  155.770  178.767
-159.808  154.103  175.259
-172.372  155.129 -177.466
-153.973  149.623 -170.052
-158.556  158.443  176.974
-156.187  152.067 -173.177
-152.849  156.009 -160.415
-160.833  157.972 -166.991
-149.960  171.919  165.975
-172.357  151.137 -171.603
-174.425  152.818 -157.674
-161.151  148.744 -171.636
-168.782  151.778 -165.563
-173.966  145.949 -161.935
-166.001  151.788  169.190
-167.001  148.015  177.458
-163.514  154.265 -167.212
-161.210  154.141 -170.728
-168.887  145.317  179.649
-158.524  162.365 -167.195
-149.165  143.120 -172.826
-157.348  147.843  153.460
-155.726  164.045 -177.416
-154.112  160.259  169.947
-162.326  137.009 -179.361
-153.376  147.879 -177.390
-151.165  156.122  157.558
-160.651  146.939 -174.031
-165.077  151.250  178.491
-165.021  150.509 -159.877
-165.718  148.491  177.315
-155.570  146.335 -175.445
-158.481  147.019 -173.690
-168.581  148.822 -169.582
-168.058  161.009 -168.688
-156.925  149.214  162.994
-170.263  160.563 -173.337
-144.277  159.718  174.346
-162.854  147.951  178.383
-159.408  153.700  174.447
-164.413  151.389  162.509
-162.324  143.634  179.135
-165.109  151.516 -171.241
-177.403  150.765 -178.966
-166.926  149.494  175.651
-165.693  144.530  178.692
-163.451  149.452 -173.207
-161.473  156.112 -178.991
-166.780  153.424  174.574
-173.065  161.222  162.975
-166.722  144.025 -171.524
-153.766  154.740  169.435
-159.822  147.243  174.718
-161.410  146.475 -175.297
-161.697  162.811 -178.094
-154.518  152.065  179.864
-155.040  153.679 -177.070
-148.873  150.918  173.409
-163.663  153.387 -168.410
-164.279  160.923  177.395
-164.994  157.755 -171.079
-166.843  152.952 -176.589
-165.472  158.340 -178.147
-168.055  140.520 -171.910
-178.716  141.216 -173.287
-156.918  140.884  164.982
-167.760  148.664 -174.764
-168.413  143.497 -175.073
-169.507  154.867 -177.685
-166.565  163.522 -170.313
-164.655  163.708 -175.297
-166.249  154.163  165.001
-161.560  162.046  177.720
-158.514  153.621 -172.532
-162.465  150.348  176.866
-162.851  149.552  178.366
-177.592  148.578  173.402
-160.566  143.668 -173.447
-164.375  157.646 -172.346
-164.908  148.513 -168.360
-168.261  149.431 -176.694
-167.742  146.859 -168.743
-153.060  154.857  178.419
-159.325  160.876  164.499
-168.713  145.721  178.673
-161.045  143.995 -174.126
-174.825  157.037 -175.723
 177.523  152.005 -178.277
-163.705  149.634  177.688
-157.871  155.445 -170.001
-164.239  146.712 -179.162
-150.564  155.435  172.442
-174.750  142.871 -178.098
-162.541  149.426  175.332
-165.374  152.706  177.157
-158.335  151.811  172.254
-164.147  146.642 -165.123
-162.279  151.998 -166.741
-157.160  153.364 -171.570
-161.426  154.108 -161.900
-174.031  150.768 -167.935
-161.077  149.185  174.690
-157.836  159.904  176.801
-166.811  161.293 -174.327
-162.942  157.985 -168.739
 176.638  148.149 -165.487
-168.051  151.402 -167.043
-152.128  136.810  173.684
-165.879  143.321 -163.199
-169.494  146.688 -176.118
-166.384  144.212 -173.229
-169.026  140.979 -160.599
-174.147  149.186  171.922
-171.854  142.055 -174.243
-166.025  158.926 -180.000
-165.006  157.794  175.107
-167.488  143.408 -169.095
-163.634  165.144 -177.164
-153.628  154.604  174.563
-163.749  149.974 -172.910
-162.916  154.557 -177.636
-155.322  150.369  171.583
-160.399  160.768 -173.950
-157.884  140.644 -164.847
-154.634  157.556  169.756
-159.457  158.706 -178.380
-155.501  158.922  172.055
-163.751  151.716 -178.625
-168.352  147.845  176.771
-167.970  151.536 -166.259
-159.750  142.189  169.776
-158.867  160.560 -177.358
-162.249  152.645 -167.157
-158.815  150.256 -161.748
-167.766  144.067 -166.421
-159.679  156.162 -172.322
-163.063  143.522  177.669
-162.124  145.865 -174.958
-161.259  149.350 -176.079
-158.216  149.741  155.052
-166.847  153.339 -171.196
-151.598  154.034  162.619
-162.806  154.752 -172.876
-174.099  136.468  175.058
-161.860  150.521 -179.528
-168.603  140.066 -178.536
-161.426  140.736 -173.379
-178.248  146.843 -164.699
-165.514  136.396 -170.105
-158.245  156.777 -179.826
-149.609  153.914  163.054
-172.008  149.755  171.234
-158.797  159.536  159.191
-166.684  145.734 -162.432
-160.803  139.889 -165.485
-170.651  143.079  179.400
-158.214  160.427 -173.715
-155.921  155.355  168.165
-156.389  146.255  170.287
-162.843  154.129 -162.144
-161.185  158.051  174.505
-174.809  155.663 -169.179
-173.508  154.810 -173.334
-168.687  145.007 -164.775
-165.413  144.114  176.508
-168.603  138.749  171.733
-154.226  152.185  179.253
-167.251  149.352 -169.760
-164.092  146.023 -179.860
-165.096  146.855 -175.513
-162.087  155.620 -177.070
-151.047  164.368  176.189
-158.566  148.742 -176.133
-160.422  157.515 -176.339
-156.950  151.994 -175.683
-165.755  151.022 -173.387
-159.838  145.267  178.063
-155.567  150.616  179.452
-159.400  147.894  164.808
-161.266  141.707 -174.318
-159.715  154.263 -178.536
-154.747  146.711 -174.659
-157.039  156.452  171.095
-156.858  150.550  172.537
-151.880  147.494  164.882
-167.281  149.097 -168.802
-169.325  149.268 -164.348
-164.114  154.316  178.545
-154.849  145.624  173.954
-171.165  136.522 -178.376
-161.627  143.504 -173.493
-161.447  144.372 -167.041
-168.956  153.867  179.313
-163.426  153.253  166.010
-160.175  149.079 -173.647
-165.897  155.028 -167.430
-160.964  148.964  176.028
-163.705  150.666 -172.871
-161.549  156.794  177.757
-166.310  164.913 -171.219
-169.042  158.640 -166.809
-161.803  151.516 -175.325
-158.039  148.363  171.612
-158.599  154.958  163.036
-167.268  151.172 -179.508
-165.448  154.667  179.152
-157.966  157.399 -167.059
-154.045  155.967 -170.390
-165.222  158.027 -176.850
-162.624  156.124 -179.496
-157.353  156.538 -176.507
-178.882  154.568 -169.934
-179.773  166.160  169.502
-153.767  136.693  171.597
-154.071  147.328  176.701
-166.678  149.542 -178.974
-159.560  149.712 -172.079
-172.249  147.016 -179.020
-157.064  156.684 -177.960
-166.298  151.435  176.752
-151.835  148.506  172.567
-172.206  163.537 -164.904
-154.523  157.990  170.181
-174.469  151.986 -173.029
-155.176  136.911  178.952
-157.708  171.593 -175.035
-153.236  162.883  175.199
-158.446  148.937 -170.686
-171.476  150.934 -168.578
-153.837  162.420 -168.269
-168.218  145.510  169.394
-153.888  150.095 -161.091
-166.455  157.054 -166.199
-169.441  149.474 -179.810
-176.118  153.739  177.476
-158.029  152.086  170.098
-167.356  148.354 -169.502
-153.833  139.528  173.538
-173.044  161.910 -161.028
-162.742  156.674  160.839
-158.108  154.021  171.356
-166.648  156.685  177.040
-161.504  152.075 -173.780
-161.925  158.961 -176.978
-157.928  145.845 -178.878
-157.913  150.524  179.428
-156.046  142.541 -174.576
-157.850  152.144 -163.836
-163.204  158.621  167.886
-153.823  161.136 -176.294
-159.666  158.804 -177.875
-178.100  136.052  170.533
-166.140  161.793 -166.763
-179.410  156.258  169.259
-151.061  146.883  167.517
-172.376  148.838 -166.332
-158.968  154.373  173.398
-157.271  145.281  176.187
-155.699  154.042  175.220
-164.279  164.140 -165.344
-159.693  144.244 -177.753
-165.990  156.142 -173.900
-178.606  140.051 -149.399
-151.964  147.626 -171.338
-166.966  148.285  171.076
-163.750  151.544 -174.351
-160.417  148.394  173.111
-161.504  140.938  175.870
-155.810  143.646  174.763
-152.096  142.799  177.906
-169.251  138.986 -176.271
 179.321  156.392 -178.205
-162.754  159.427 -172.703
-168.968  151.364  169.407
-165.503  150.539  170.657
-161.816  152.891  173.407
-148.797  150.805  162.880
-161.691  166.787  168.133
-163.742  149.215 -166.108
-149.586  157.073 -170.162
-164.633  153.657 -170.077
-155.198  153.356  179.217
-158.665  156.437 -176.848
-162.524  149.040 -168.959
-162.294  150.895 -174.655
-170.784  149.597 -171.480
-157.159  160.443  177.819
-153.750  152.802 -169.572
-167.977  155.547  176.305
-173.003  140.437 -165.703
-169.593  160.648 -168.606
-162.277  149.268  173.822
-172.027  150.113 -173.886
-167.152  161.833 -170.915
-163.133  154.183  177.028
-156.788  144.814 -177.215
-158.266  152.676 -178.447
-159.281  160.890  171.887
-161.854  155.082  168.332
-145.995  139.653 -178.187
-160.042  158.681  176.389
-162.483  156.140 -177.377
-164.781  156.228 -171.632
-151.556  157.644 -177.676
-162.295  133.270 -176.567
-167.567  150.011  172.729
-168.830  147.537 -166.917
-159.110  150.698 -164.214
-154.529  149.627  179.399
-158.916  159.413  172.506
-176.429  147.488 -172.654
-162.761  147.618  174.938
-177.767  153.167 -172.633
-163.640  157.430  178.867
-158.130  158.678 -175.882
-165.301  143.969 -179.680
-167.310  147.665 -176.165
-159.813  135.704 -167.267
-162.677  150.192 -175.641
-156.491  146.254 -173.554
-173.183  146.691  169.060
-169.806  158.228  176.619
-172.453  149.173 -178.742
-160.388  142.180 -176.909
-174.625  153.321  170.488
-159.823  159.923  164.516
-161.909  155.204 -173.519
-159.659  150.581 -170.372
-165.127  154.843 -179.709
-169.881  161.152 -177.883
-158.492  163.314  179.909
-162.636  162.559  165.759
-171.452  153.200  164.992
-167.275  158.730 -174.601
-175.069  159.598 -179.702
-157.173  150.779 -170.868
-167.397  146.135  175.798
-155.331  147.967 -177.015
-159.069  158.465 -179.269
-153.375  149.573  178.629
-171.696  144.796 -177.575
-164.990  149.463  172.939
-164.045  158.490 -163.633
-164.490  144.475 -173.925
-165.022  155.027 -175.212
-174.342  158.402 -169.593
-153.122  154.758  169.098
-166.913  144.023 -169.178
-165.180  154.638  176.827
-150.199  156.996  168.985
-172.195  165.210 -178.645
-170.840  153.135 -179.480
-160.536  151.436  170.588
-150.627  150.094  160.318
-156.761  155.801  173.871
-156.216  151.822  161.439
-153.340  131.455  171.834
-159.580  137.765  176.611
-160.102  144.058 -175.145
-152.352  158.726  179.216
-164.363  152.146  172.523
-173.702  154.736 -167.404
-160.748  157.585  167.761
-162.252  155.113 -170.526
-155.794  156.156 -170.597
-151.537  145.104  177.194
-168.411  154.688 -171.216
-153.102  148.566  169.410
-178.459  150.849  177.652
-157.629  152.233  169.723
-158.335  156.444 -176.661
-162.684  160.219 -179.107
-159.993  154.437 -177.397
-161.936  139.070 -177.529
-168.782  154.976 -161.835
-150.981  136.621  161.598
-174.425  141.274  179.872
-158.768  162.747 -159.169
-156.819  151.093 -168.614
-169.882  143.931  176.225
-155.692  158.724  176.175
-160.784  149.869 -157.237
-167.659  144.602 -170.153
-146.774  151.423  172.577
-156.839  156.253  159.732
-153.604  156.992 -177.901
-159.575  154.663 -178.752
-157.624  152.416 -169.990
-154.224  148.283  177.988
-167.125  138.300  175.031
-152.289  144.369  179.952
-155.254  146.508 -176.536
-153.758  151.501 -168.516
-156.011  149.717  177.164
-153.518  166.206  167.224
-156.460  152.562  178.763
-155.258  151.526 -160.819
-159.019  159.989 -178.208
-170.584  147.123 -174.963
-163.911  156.361  168.968
 177.699  149.594  176.783
-159.784  161.367 -168.846
-170.114  152.518 -172.792
-169.780  164.668 -158.609
-171.710  150.554  164.844
-172.028  159.132 -167.708
-160.199  142.507 -173.450
-153.101  156.008  172.481
-155.235  160.353 -165.479
-172.974  143.923 -168.357
-160.386  147.526 -168.767
-138.252  159.350  171.214
-167.892  151.631  179.766
-163.003  151.978 -176.694
-175.104  145.359 -157.582
-160.368  151.898 -175.140
-159.627  163.827  176.240
-158.571  161.560 -179.826
-173.683  163.927 -171.390
-156.274  162.520 -171.655
-157.385  153.431  167.555
-156.440  159.902  178.330
-159.160  157.810  172.866
-174.492  159.939 -177.076
-171.682  146.716 -175.968
-167.610  157.008  176.373
-161.143  145.761 -172.243
-155.488  150.739  173.901
-154.977  153.972 -176.605
-151.730  148.953  173.342
-156.287  156.323  165.316
-160.094  154.115 -162.430
-164.439  149.550 -173.935
-164.498  156.295 -162.262
-165.775  146.569  176.383
-152.266  150.440 -175.978
-155.489  155.417 -177.544
-159.030  160.837 -169.321
-167.207  151.260 -169.337
-166.179  149.314 -174.456
-147.825  152.260  179.683
-156.957  148.359  167.697
-163.907  149.620  170.217
-155.472  158.155 -160.076
-160.922  173.901  178.828
-152.353  154.121  176.249
-162.979  162.190 -173.648
-168.278  146.971 -167.300
-157.084  158.041 -175.975
-161.069  142.370  174.333
-149.730  149.875 -173.338
-170.153  156.284 -179.769
-166.045  158.390  170.054
-163.791  154.390 -178.642
-157.024  151.754  175.884
-162.811  146.579  174.146
-160.561  154.053  176.887
-163.051  153.850 -176.893
-161.611  155.171  178.347
-163.235  143.024 -173.062
-162.644  163.971  175.755
-159.992  161.529  170.481
-160.533  147.896  167.326
-156.459  156.484 -156.923
-145.275  156.748  174.828
-172.561  135.186  168.475
-171.510  143.634 -177.981
-167.655  166.365 -162.152
-161.392  155.927  176.758
-160.155  154.072 -165.741
-158.549  155.460 -175.118
-163.850  154.217  172.079
-164.439  150.685  154.648
-160.941  160.515  161.591
-147.979  141.092  177.371
-164.375  160.638  178.371
-147.850  140.976  175.089
-162.127  153.130  174.635
-156.771  147.451  177.821
-164.362  146.726 -171.742
-168.023  156.161  174.049
-161.244  150.120 -166.750
-157.329  153.336 -170.551
-177.423  161.324 -168.640
-169.909  159.256 -176.865
-158.633  159.221 -177.575
-163.925  168.897 -166.397
-152.210  155.965  172.783
-158.345  151.696 -165.791
-174.812  148.484 -168.569
-155.129  157.177  174.533
-163.994  149.860 -164.366
-164.046  144.607 -169.462
-164.598  150.525 -175.265
-156.359  153.453 -164.373
-158.601  138.695  167.115
-162.082  148.772 -177.228
-154.952  158.125 -173.247
-166.095  152.654 -170.020
-156.911  156.061 -151.182
-162.600  152.714 -159.554
-169.717  145.187 -172.616
-172.339  152.872 -174.572
-167.402  141.799 -173.172
-173.093  142.963 -170.904
-166.605  149.296  168.072
-154.729  148.593  158.871
-161.337  152.679 -175.685
-168.526  147.938  168.381
-162.039  156.180  170.973
-176.190  141.109 -166.641
-170.233  152.664  170.233
-160.240  148.946  171.218
-159.860  147.165  179.444
-156.824  150.674 -177.788
-165.555  153.627  169.584
-149.291  150.648 -167.589
-167.552  155.182  167.896
-158.826  149.954 -167.613
-169.640  146.996 -165.274
-159.406  135.899 -177.738
-159.343  144.980 -161.476
-155.514  156.702  172.991
-154.872  145.452 -175.133
-167.491  149.478 -175.394
-160.360  155.876  179.066
-156.554  145.747 -179.697
-169.864  156.424 -179.462
-179.447  156.886 -171.275
-153.879  140.224  170.007
-166.725  143.622  172.073
-163.387  141.272  177.017
-162.677  144.309  172.256
-164.658  143.851  172.221
-162.511  162.738 -177.787
-157.446  152.569  178.216
-157.554  144.086  166.323
-153.406  158.459  175.962
-170.296  143.054 -169.283
-167.279  158.362  179.729
-174.268  157.161 -170.176
-161.359  164.089 -173.453
-158.470  157.490  175.285
-158.880  139.986  178.131
-168.138  148.618 -174.106
-168.717  156.001 -177.017
-166.345  161.877 -162.350
-149.811  149.554 -176.886
-164.655  144.509  172.486
-158.566  145.495  179.880
-160.243  152.549  175.721
-165.471  148.671 -175.285
-169.463  152.961 -169.649
-172.308  161.408  178.956
-163.133  146.949  175.268
-154.610  143.282  171.596
-157.189  155.060  163.727
-160.042  157.863  171.762
-152.320  132.087  164.940
-154.719  149.464 -179.314
-167.700  152.784  173.624
-158.543  157.735 -179.398
-168.751  145.960 -159.417
-167.459  146.171  173.156
-160.858  165.981 -160.610
-158.118  162.909  176.176
-159.029  151.395  173.424
-168.038  150.606  173.494
-164.120  155.598  176.365
-162.776  162.138 -163.452
-159.164  145.975  176.857
-154.834  153.161  175.969
-162.607  140.707  178.382
-172.711  149.404 -166.923
-158.987  157.229  163.999
-163.211  151.449 -175.452
-177.877  146.582 -174.774
-147.351  161.598  160.765
-160.417  159.363  177.058
-167.622  147.896  172.686
-146.837  137.960  157.657
-160.195  155.452 -163.000
-174.848  144.920 -170.463
-157.631  159.491 -170.447
-167.588  138.637  179.707
-156.816  154.901  168.854
-151.146  139.595 -173.466
-163.891  156.169 -175.731
-156.493  159.584  175.560
-163.142  157.906  175.720
-167.509  150.480 -160.379
-163.196  151.844 -175.685
-166.297  147.892 -175.895
-166.977  147.337 -164.910
-164.994  150.184  172.331
-160.792  152.608 -176.492
-158.032  146.127 -173.330
-167.486  152.122  178.236
-146.584  138.483 -171.171
-152.389  143.244 -178.175
-169.325  145.772  179.334
-167.094  148.855  179.552
-154.168  135.444 -176.116
-163.359  153.171 -162.062
-163.983  132.316 -176.433
-164.279  151.878  177.298
-162.287  149.084  176.042
-160.805  148.379 -176.745
-161.501  134.032  178.872
-170.107  154.499 -165.816
-163.062  154.257  171.941
-161.815  144.584 -174.146
-163.797  175.845 -173.462
-157.815  146.277 -167.277
-160.676  144.288  179.842
-158.926  130.770 -178.522
-163.680  151.214 -177.409
-164.488  163.395 -170.635
-162.968  147.267 -171.055
-166.745  153.220 -175.748
-148.087  141.168  174.301
-162.991  147.961 -174.181
-154.101  140.131 -176.315
-172.586  162.805  171.189
 178.262  156.110 -163.067
-152.577  144.439  176.458
-159.368  152.141  167.250
-156.639  144.334 -168.373
-155.163  147.525 -177.547
-154.885  149.154 -166.912
-164.625  162.603 -173.195
-165.723  143.979 -163.425
-166.322  155.739 -165.599
-179.952  136.830  176.207
-161.274  143.784  174.591
-158.227  164.728 -173.679
-162.030  162.635 -178.001
-179.690  150.347 -168.703
-156.376  161.190 -177.406
-155.300  149.529 -169.578
-167.170  153.454  177.712
-159.448  152.447 -179.626
-165.391  157.228 -161.200
-166.933  136.420 -167.986
-154.132  152.505 -168.448
-166.362  145.159 -166.450
-167.032  156.186 -168.559
-144.753  155.064 -177.689
-171.394  153.027 -162.657
-166.000  148.910 -173.617
-157.921  153.523 -177.433
-156.171  165.043 -176.351
-168.726  135.012 -178.010
-152.758  150.468  171.732
-157.980  156.059 -165.776
-148.422  154.717  170.729
-167.156  149.156  174.345
-161.095  147.369  177.631
-162.722  141.305 -179.644
-161.859  157.875  167.410
-169.112  143.553 -170.095
-166.065  156.410  175.576
-162.617  151.012  178.592
-156.372  154.681  172.336
-168.373  151.376 -179.306
-153.782  158.617  174.040
-157.567  146.063  177.408
-169.389  159.005 -161.732
-151.454  161.946  169.591
 179.488  151.454 -169.282
 178.593  149.941 -160.106
-160.240  158.677 -173.320
-152.931  128.608 -175.164
-149.052  147.824 -173.355
-163.990  152.790  173.745
-161.797  159.666 -174.143
-160.465  156.417 -172.251
-161.946  145.804  163.665
-167.570  155.634 -177.704
-145.589  143.939  169.042
-164.673  143.218  172.658
-155.807  156.950 -169.264
-149.528  151.619 -177.776
-151.700  147.903  177.981
-160.123  151.221  179.628
-168.908  149.989 -172.772
-168.846  151.631  172.790
-159.253  158.250 -174.203
-176.093  150.457  177.508
-154.106  158.348  166.930
-153.028  157.110 -177.660
-159.550  151.215  171.133
-153.077  157.396 -178.165
-155.524  153.623 -178.647
-152.866  148.608  161.439
-159.952  154.126 -178.090
-164.276  151.949  169.361
-169.523  147.649 -167.997
-170.379  142.562  175.387
-167.503  151.211  173.439
-170.278  137.774 -174.263
-167.017  152.251  167.430
 179.267  137.810 -168.132
-168.275  150.776 -162.619
-172.427  146.275 -179.429
-162.315  158.223 -171.881
-168.124  154.412 -177.484
-149.704  159.624  179.238
 175.017  160.660 -172.828
-157.360  153.520 -179.259
-160.223  154.353  170.374
-159.985  150.712 -166.170
-175.710  159.566 -163.143
-155.753  167.499 -164.017
-157.212  139.032 -174.882
-165.979  145.753 -169.092
-156.369  155.037  178.793
-166.992  156.614  178.872
-164.135  149.194  173.659
-167.672  152.971 -177.849
-163.842  156.221 -178.086
-166.303  148.766 -174.811
-165.475  155.690  172.267
-161.447  148.950  176.187
-155.703  163.653 -176.083
-171.073  148.977 -171.132
-168.490  142.688 -172.716
-158.895  145.703 -160.866
-170.405  145.485  176.212
-170.792  153.512  174.877
-167.841  151.659 -172.936
-159.063  146.316  171.565
-173.199  149.758 -174.544
-151.014  156.053 -167.329
-163.881  148.725 -179.853
-163.931  147.893 -178.368
-158.709  151.416  165.337
-160.250  141.670  178.212
-166.598  156.426  164.269
-173.340  156.390 -147.570
-158.337  158.495  175.714
-168.799  154.569 -160.622
-164.922  146.624 -170.106
-163.177  144.775  176.922
-148.435  152.214  177.005
-164.910  154.420  178.765
-159.076  155.495  177.262
-161.986  150.002 -154.740
-167.926  154.719 -170.087
-160.848  151.294  176.110
-164.459  157.161 -159.166
-165.201  152.357  175.915
-166.919  141.475 -170.900
-156.431  144.270 -179.479
-164.029  153.075  176.825
-157.144  175.746 -178.965
-158.014  160.605  173.875
-157.891  156.790 -172.459
-169.272  142.195  167.202
-171.637  150.456 -163.420
-172.902  159.667 -172.451
-164.480  151.346  171.051
-142.201  145.413 -171.477
-171.693  158.502  179.637
-153.126  155.299 -177.281
-157.178  144.705  171.974
-156.141  158.451 -167.385
-162.140  145.725 -177.108
-154.262  147.958 -177.874
-154.541  149.960 -163.783
-160.666  156.522  177.896
-155.324  155.171 -169.709
-149.750  160.278  169.652
-165.039  158.161 -176.421
-164.826  150.688 -174.235
-166.704  152.303  173.412
-158.601  156.934  173.546
-178.202  147.755  170.916
-163.856  142.380 -179.776
-154.847  152.695  171.934
-160.357  134.559 -168.824
-158.526  153.376 -172.269
-157.102  151.988 -173.241
-154.920  149.360  177.651
-157.773  159.949 -173.056
-164.453  153.429 -173.203
-159.919  155.266  168.660
-160.271  137.287  169.007
-157.075  158.076  177.411
-166.968  153.194  173.048
-160.730  139.106  173.418
-166.979  157.898  167.825
 174.086  152.379 -172.784
-161.578  148.080  177.222
-170.156  151.020  177.324
-157.815  149.676 -169.758
-164.474  156.362 -172.662
-148.251  150.202 -176.299
-151.535  165.280 -174.941
-166.669  152.259 -173.219
-166.038  155.573 -177.904
-158.760  154.914  170.612
-152.646  150.297 -177.642
-166.379  155.097  178.930
-166.159  141.963 -173.005
-166.810  148.812 -164.939
-162.562  157.997 -166.415
-164.502  159.406 -176.623
-163.424  155.839  165.768
-158.510  141.585  169.543
-161.750  146.428 -164.763
-165.386  138.405 -162.054
-171.626  154.789 -178.124
-163.811  149.965 -166.487
-161.855  143.438 -170.394
-162.209  173.194  179.782
-169.954  145.781 -177.817
-166.490  152.369 -162.214
-168.869  139.457 -168.001
-137.104  148.275  173.994
-156.603  165.661 -166.558
-156.043  146.321 -173.403
-163.530  157.192 -168.403
-157.551  149.085 -176.049
-159.091  157.881 -167.255
-158.485  154.436  179.573
-164.938  148.478 -177.067
-158.541  163.443 -170.854
-152.521  154.127 -174.917
-157.491  159.817 -166.511
-169.471  160.741 -168.743
-165.974  150.340 -162.765
-167.813  156.481 -166.944
-148.499  153.197  170.830
-155.899  146.181  169.433
-161.137  154.197  179.328
-166.574  162.678 -172.612
-157.103  164.039 -173.843
-161.291  145.708 -168.113
-161.499  160.003  175.285
-154.904  141.751 -171.309
-173.298  150.089 -173.273
-166.380  157.445  166.109
-147.202  148.420 -168.645
-169.937  152.358 -178.953
-158.270  164.018 -165.341
-165.639  159.808  176.790
-168.952  151.887 -172.163
-179.148  150.626 -167.307
-173.279  156.921 -151.833
-156.328  156.056 -166.848
