 160.724  151.210 -152.334
 147.111  138.478 -169.864
-178.297  158.654  179.208
 163.433  151.044 -152.066
 153.044  151.242 -171.727
 172.685  168.067  172.334
 153.081  150.652 -169.524
 163.096  156.921 -151.801
 160.431  137.809 -175.147
 169.805  140.144  169.255
-177.518  141.962 -172.756
 156.824  154.856 -160.131
 172.019  160.550  171.042
 169.295  159.592 -157.895
 155.462  154.542 -167.198
-179.578  142.915 -162.033
 164.200  156.826 -176.233
 159.253  143.457 -152.657
 171.026  157.056 -179.202
 176.413  142.409 -173.041
 168.597  156.500 -165.484
 160.691  156.274 -163.217
 176.637  151.180  175.697
 166.334  150.763 -161.501
 169.693  142.657 -173.878
 159.956  148.231 -176.477
 167.199  144.569 -168.462
 169.340  160.655 -148.998
 168.931  144.616 -157.408
 170.467  144.229 -172.506
 172.997  152.085 -171.000
-179.734  153.773 -164.174
 168.455  143.732 -170.144
 167.578  146.055 -154.895
 175.874  149.333 -177.190
 165.171  136.979 -162.792
 163.802  145.807  171.869
 179.020  157.282 -168.295
 165.161  155.117 -179.577
 150.384  147.202 -175.232
 157.400  133.561 -171.100
 160.872  138.025 -177.144
 172.373  155.026 -175.958
 165.414  148.850 -171.136
 163.950  162.191  169.754
-179.164  147.251 -170.929
 174.680  148.627 -173.723
 155.334  147.726 -136.808
 162.905  150.607 -171.194
 178.648  151.978  173.199
 166.677  150.445 -149.238
 163.765  143.038 -176.571
 175.300  161.089 -176.073
 166.573  137.209 -174.236
 170.411  162.361 -159.659
 167.902  150.577 -159.017
 172.315  161.449 -170.521
 179.273  154.308 -172.757
 173.313  142.528 -156.740
 161.305  151.352 -162.177
 161.902  153.974  175.878
 165.220  155.286 -174.831
 155.422  152.850 -166.681
 164.231  150.644 -155.873
 160.019  154.140 -152.536
 178.799  161.019 -168.159
 178.736  162.710 -165.977
 150.029  153.605 -171.369
 151.263  146.515 -174.059
 171.789  154.943 -150.740
 168.908  145.943 -172.428
 165.041  151.993 -163.254
 167.450  152.617 -177.482
 152.436  140.521 -151.345
 167.839  162.716 -152.707
 156.486  153.559 -172.419
 174.744  148.916 -162.972
 172.499  144.272 -177.683
 173.704  148.230 -165.338
 166.857  144.975  178.700
 148.797  154.699 -154.151
 154.323  155.631 -175.561
 167.994  135.726  174.795
 173.783  129.352 -162.385
 174.267  151.499  177.012
 164.014  148.223 -165.110
-178.557  156.661 -168.944
 167.136  143.589 -164.764
 172.553  161.391 -169.349
 148.502  143.132  178.759
 163.155  132.817 -158.895
 161.217  143.114 -172.277
 163.158  138.538 -163.400
 170.902  142.232 -168.785
 165.140  146.649 -172.433
 162.782  152.641 -167.131
 161.120  149.945 -169.021
 170.546  147.868 -168.765
 171.465  150.496  177.967
 172.571  150.431 -154.103
 165.744  146.488 -168.756
 171.591  149.853 -172.004
 167.876  143.113 -164.600
 164.529  150.915 -164.856
 174.736  149.115 -165.038
 166.210  163.518  168.569
 168.041  153.419 -160.397
 161.424  158.516 -163.382
 165.805  151.515 -177.267
 168.140  152.439  177.663
 171.736  153.416  174.378
 160.163  153.038 -173.405
 169.441  140.525 -174.741
 150.524  150.073 -161.584
 171.823  141.150 -171.537
 159.677  152.451 -171.053
 158.010  154.135 -179.941
 171.197  149.172 -160.306
 170.472  145.347  174.054
 170.457  150.773 -174.551
 162.734  138.820 -171.865
 167.559  155.782 -172.499
 158.806  154.520 -179.615
 158.065  152.399 -171.397
 154.987  153.748 -162.802
 168.324  138.983 -177.002
 153.164  153.758 -175.275
 170.446  154.147 -178.745
 160.833  148.486 -158.513
 177.145  169.247 -160.111
 160.173  145.105 -160.845
 157.507  154.504 -168.204
 163.199  141.686 -157.048
 175.454  154.591 -168.510
 178.729  159.441 -164.778
 159.154  155.137  175.878
 161.706  159.257 -175.116
 166.188  158.196 -155.975
 174.834  152.110 -166.227
 165.251  145.760 -174.158
 159.516  157.911 -156.984
 160.926  141.479 -156.530
 165.159  156.357 -170.519
 162.097  160.071  171.128
 178.712  146.345 -167.555
 173.106  157.784 -174.301
 168.577  146.837 -163.754
 167.236  157.852 -170.419
 164.968  148.342 -150.641
 174.885  150.705 -171.119
 166.056  153.463 -163.344
-177.495  156.602 -166.958
 170.823  152.243 -153.444
 167.385  156.041 -176.451
 154.068  141.331 -156.303
 155.030  151.041 -161.146
 166.476  147.773 -169.745
 156.995  158.241 -144.254
 173.450  165.399 -167.082
 171.875  158.265 -167.630
 167.276  149.981 -167.431
 169.929  154.684 -174.621
 168.296  148.263 -165.652
 155.858  143.334 -162.947
 166.076  150.290 -165.015
 179.357  149.161 -173.555
 173.198  149.303 -155.496
 170.252  150.193 -162.669
 155.336  151.789 -155.930
 174.038  157.043 -167.243
 167.089  151.131  178.518
 168.422  134.468 -166.547
-172.929  146.154  160.200
 164.214  159.267 -149.489
 153.038  144.648  175.505
 168.889  147.223 -176.196
 172.047  161.067  173.863
 165.040  144.876 -172.007
 177.216  148.034  175.967
 156.155  145.973 -175.974
 162.870  133.741 -176.035
 168.539  141.624  178.795
 168.032  141.066  173.148
 162.702  153.970  179.107
 166.228  147.510 -144.646
 169.564  161.277 -170.405
 164.391  141.755 -160.278
 176.101  150.778 -161.928
 163.008  161.048 -166.901
 170.760  147.876 -164.899
 159.214  160.639 -165.796
 162.892  155.328  176.881
 178.567  142.534 -160.974
 173.448  156.972 -164.174
 166.682  156.514 -169.991
 166.177  148.412 -166.672
 168.018  162.373 -172.197
 159.947  142.243 -173.179
 169.107  151.605 -175.476
 173.207  152.958 -174.660
 165.218  133.724 -171.683
 160.939  157.156 -178.448
 175.525  153.729  173.229
 162.156  151.405  175.955
 154.464  156.348 -174.432
 164.602  147.719 -169.934
 177.525  151.215  168.716
 172.673  154.031 -169.719
 164.738  154.992  176.491
 173.346  156.746 -152.309
 175.223  143.485 -169.834
 171.049  156.785 -179.845
 165.817  150.609 -168.163
 158.942  147.419 -175.937
 168.586  148.327 -170.513
 171.390  147.857 -154.900
 155.368  157.368 -155.917
 174.638  151.603  179.972
 179.077  139.231 -149.414
 174.409  149.841 -171.305
-177.604  152.851  168.956
 178.679  137.560  178.934
 174.751  159.883  179.247
 176.579  144.345 -173.357
 168.715  141.559 -171.323
 169.664  154.285 -167.668
 172.687  152.043 -173.017
 166.059  139.334 -159.475
 167.824  148.012 -168.147
 144.730  146.908 -159.425
 171.501  136.574 -164.335
 159.419  155.083 -171.068
 169.252  156.163 -168.570
 169.607  151.571 -176.218
 168.355  157.332  170.448
 170.910  145.365 -169.785
 162.681  149.822 -172.995
 164.094  148.912 -178.200
 178.664  154.724 -172.374
 162.342  154.354  177.133
 157.664  156.168 -167.150
 172.560  146.631 -164.610
 157.689  147.859 -145.399
 170.640  162.353 -171.311
 169.304  158.731 -172.497
 172.328  151.389 -152.546
 162.541  137.985 -165.544
 171.072  146.477 -174.179
 175.336  140.171 -171.620
 153.614  147.823 -160.662
 178.003  154.016 -166.118
 165.252  155.455 -170.978
 172.233  156.571 -168.659
 174.568  160.041 -162.109
 170.802  159.816 -171.009
 171.224  145.549 -170.119
 162.717  150.985 -172.337
 150.176  154.240 -160.784
 157.742  162.251  166.346
 165.718  147.347  174.507
 150.800  149.193 -176.365
 175.034  156.931  174.551
 162.779  147.971 -176.358
 161.027  150.258  178.649
 161.539  152.186 -169.418
 166.629  151.383 -169.983
 164.456  145.343 -174.674
 162.128  138.368 -165.890
 169.432  161.287 -164.224
 171.727  157.068 -168.458
 166.700  162.200 -173.137
 174.107  161.826  175.653
 155.112  141.404 -170.353
 155.855  138.624 -164.119
 161.444  145.275 -171.811
 153.583  146.548 -171.490
 161.870  137.590 -156.933
 172.885  130.297  177.379
 165.897  152.059 -166.579
-167.994  146.742 -176.628
 172.907  147.343 -178.112
 175.554  158.310 -173.520
 167.265  158.768  179.758
 153.563  157.042 -164.893
 172.981  151.430 -167.730
 169.281  155.500 -167.595
 157.280  152.058 -167.993
 173.520  163.003 -155.005
 157.481  148.918 -165.774
 156.908  162.193 -178.165
 178.518  152.344 -176.532
 166.194  137.056  169.091
 147.594  159.203 -167.844
-176.698  148.392 -176.567
 163.777  152.867 -175.010
 172.094  160.180 -146.537
 157.278  146.698 -178.174
 168.767  155.176 -173.369
 161.158  154.124 -170.504
 165.731  148.671 -166.904
 165.451  149.603  175.985
 163.475  160.305 -168.557
 171.269  149.422 -166.932
 162.073  152.475 -169.568
 167.622  157.393 -153.769
 165.879  155.837 -179.090
 152.590  133.507 -171.594
 170.341  145.597 -158.329
 161.515  154.590 -177.297
 161.951  156.548 -161.297
-176.890  151.642 -164.067
 162.425  148.987 -164.601
 156.533  153.222 -161.637
 170.107  147.158 -163.737
 170.059  144.570  178.569
 172.996  151.209 -167.355
 165.150  141.926 -174.464
 173.271  152.540 -169.398
-176.960  149.552 -170.253
 152.859  140.258 -162.668
 159.945  149.923 -158.934
 160.757  163.294 -155.662
 165.483  156.350  179.715
 170.815  152.769 -170.925
 176.785  154.909  173.960
 165.252  154.315 -154.674
 164.703  152.476 -164.868
 168.959  156.948 -178.064
 153.945  150.877 -161.357
 161.553  139.589 -168.845
 172.059  160.108  177.325
 179.384  150.354  177.131
 164.230  149.198 -175.228
 162.801  147.986 -160.908
 171.180  146.677 -161.505
-179.264  153.131 -173.221
 172.724  148.027 -162.786
 175.361  149.699 -169.886
 174.314  146.495 -170.048
 168.046  153.557  174.044
 175.847  156.472 -173.785
 160.487  154.721 -161.314
 158.308  149.772 -178.973
 174.939  141.594 -174.630
 167.214  146.849 -168.504
 159.550  163.866 -177.614
 175.474  143.502 -176.155
 175.334  134.122 -165.283
 160.664  150.397 -170.574
 161.919  149.227 -176.155
 158.557  148.673 -175.133
 162.365  149.252 -161.229
 162.618  146.682  179.194
 164.666  160.327 -170.485
 174.408  156.814 -172.744
 165.191  146.267 -163.222
 158.266  161.857 -160.411
 157.366  142.552 -158.303
 156.264  154.582 -173.380
 177.812  149.854 -177.102
 165.472  158.129 -155.747
 161.516  145.423 -175.358
 167.138  149.107  168.183
 165.154  144.818 -160.219
 166.877  162.517 -172.607
 166.043  142.047 -148.579
 164.692  140.430 -161.595
 165.640  149.078 -161.963
-174.402  154.931 -172.904
 169.751  153.154 -152.589
-178.558  138.224 -171.709
 169.086  152.229 -169.023
-179.755  137.075 -173.070
 163.368  142.629 -161.334
 167.347  141.916 -165.996
-179.702  156.214 -177.354
 157.406  163.150 -173.416
 171.719  144.398 -177.870
 170.997  142.644 -172.223
 154.198  151.599 -144.610
 167.919  158.642  166.474
 171.824  152.120 -143.545
 159.082  142.828 -159.605
 175.132  154.443 -170.245
 167.139  150.717 -160.018
 173.970  155.129 -176.363
 168.016  149.663 -169.012
 169.023  144.989 -159.712
 157.630  150.199 -166.848
 159.835  150.016 -178.250
 161.665  149.469 -171.616
 168.398  152.319  176.797
 164.647  158.335  179.119
 173.248  155.583 -160.475
 176.459  163.760  177.097
 168.392  146.377 -173.301
 171.791  155.664 -176.881
 169.156  146.245 -169.620
 161.864  151.131 -178.039
 166.971  158.551 -168.124
 159.058  165.354 -157.525
 176.364  153.996 -177.576
 169.030  137.420 -170.857
 158.218  151.709 -167.486
 167.111  140.821 -161.480
 170.515  156.384 -175.651
 168.925  153.702 -170.333
 154.035  153.441 -153.965
 170.790  151.379 -171.651
 170.893  152.837 -163.842
 160.833  160.786 -151.774
 175.391  157.896 -168.725
 163.946  153.942 -168.505
 169.318  149.683 -175.372
 169.655  163.671  174.756
-179.296  142.675 -167.461
 177.017  141.945 -179.285
 163.989  143.241 -176.420
 174.925  150.288 -176.834
 165.312  162.434 -162.556
 161.783  151.185 -157.219
 158.727  142.005 -166.156
 162.148  153.667 -166.312
 165.131  152.522 -176.287
 171.149  149.689 -165.077
 171.665  149.552 -154.021
 167.704  149.783 -165.894
 179.633  139.589  179.046
 162.388  154.333 -169.479
 164.176  135.973 -167.643
 156.163  150.699 -166.713
-175.274  138.643 -164.019
 162.349  143.424 -170.226
 169.471  150.490 -178.231
 160.163  154.702 -172.861
 151.468  155.997 -169.341
 172.288  149.628  177.093
 164.389  141.793 -172.680
 177.498  159.944 -159.612
 169.742  143.628 -155.493
 170.091  137.355 -167.785
 162.228  147.957 -167.656
 174.271  147.296 -169.447
 174.649  150.379  177.746
 169.559  155.032 -167.143
 166.387  147.744 -171.331
 159.429  157.360 -171.196
 165.452  131.953 -167.208
 164.834  154.947 -179.306
 158.277  148.557 -162.689
 167.711  148.595 -159.303
 168.648  150.043 -173.725
 169.565  146.389 -163.359
 154.867  153.650 -175.879
 179.247  152.035 -169.126
 163.830  144.518 -160.431
 166.766  144.335  172.729
 173.184  155.199 -166.478
 173.986  142.890 -166.768
 171.835  146.416 -170.060
-178.515  154.218  179.133
 177.768  157.743 -177.079
 163.420  159.183 -179.191
 165.054  152.519 -165.852
 170.490  162.491  179.563
 177.043  158.668 -173.179
-173.547  147.531 -178.634
 156.428  146.797 -158.839
 154.748  155.071 -159.612
 165.457  158.509 -172.442
 173.438  154.925 -176.674
 158.927  136.599 -176.007
 172.820  139.927 -171.615
 169.252  146.902 -173.134
-177.628  144.456 -178.277
 165.784  156.138 -173.100
 176.861  141.503 -170.054
 149.755  147.820 -176.211
 162.734  146.243 -158.121
 169.577  158.163 -170.993
 176.617  153.626 -165.091
 165.771  165.469 -174.140
 170.240  160.865 -175.613
 165.625  151.719 -169.481
 162.369  160.744 -174.588
 160.524  158.899 -179.417
 171.674  144.842 -164.724
 172.276  149.228 -156.330
 164.867  142.353 -168.915
 161.894  134.583 -179.941
-177.695  158.438 -166.572
-176.020  142.899 -171.253
 166.456  156.215 -165.414
 167.470  145.546 -177.862
 164.552  148.868 -163.278
 179.937  145.097 -176.463
 156.785  151.209  172.192
 160.875  151.400 -171.909
 169.937  143.640 -150.247
 172.989  143.687 -160.804
 162.159  141.785 -160.568
 173.926  150.526 -154.823
 159.382  143.719 -173.560
 153.718  137.549 -175.352
 175.657  147.524 -175.929
 160.505  152.927 -163.450
 166.901  149.584 -169.912
 159.516  152.567  178.001
 153.356  160.284 -173.171
 178.073  146.822 -171.725
 168.184  159.157 -176.911
 166.649  134.099 -174.886
 171.103  138.429 -160.998
 160.892  153.602  177.325
 175.866  157.336  177.734
 172.600  159.189 -169.994
 160.576  153.886 -158.670
 160.478  161.699 -169.696
 156.025  159.857 -160.426
 159.047  158.009 -158.107
 158.100  160.371 -154.360
 165.335  150.077 -171.354
 165.532  150.884  162.138
 162.456  162.469 -170.231
 169.743  140.166 -165.579
 172.986  123.298 -160.165
 168.998  150.487 -134.423
 161.492  148.441 -157.836
 159.451  157.710 -163.527
 161.965  146.707 -176.069
 156.678  144.946 -174.800
 168.534  157.502 -160.233
 163.452  143.830  169.779
 170.601  145.272  175.550
 171.175  143.020 -167.797
 166.375  140.214 -172.705
 173.619  161.313 -176.290
 174.319  148.494  176.528
-170.500  153.055 -170.389
 170.306  153.577 -173.373
 167.825  148.888  177.608
 159.616  150.518  169.738
 145.404  153.003  173.966
 167.383  159.886 -168.632
 167.748  142.331 -164.624
 165.297  154.762 -168.572
 171.070  150.759 -159.724
 165.198  145.087 -156.532
 168.748  157.981 -162.528
 169.374  151.382 -158.723
 160.899  145.679 -171.618
 177.677  154.822  177.272
 165.060  158.909 -172.517
 171.280  155.007  177.448
 174.302  151.212  166.570
 169.876  141.665 -173.824
 159.130  155.544 -168.694
 167.445  152.313 -157.543
 166.692  151.106 -162.504
 164.076  149.595 -178.901
 158.539  142.503 -155.632
 168.286  146.287 -179.532
 164.026  147.157 -168.690
 153.747  154.164 -153.640
 168.842  149.818 -170.471
 163.461  143.401 -173.139
 167.374  145.400 -168.445
 165.895  153.998 -139.073
 156.809  156.939 -143.785
 159.582  151.289 -178.791
 156.599  143.926 -166.554
 158.260  155.830 -171.852
 170.688  164.478 -162.313
-178.428  152.713 -166.784
 168.551  153.794 -172.677
 166.833  146.161 -168.112
 179.073  149.852  175.595
 179.021  139.984 -168.170
 153.716  151.648 -158.719
 156.517  152.781 -153.219
 167.773  159.130 -174.558
-177.880  141.999 -171.310
 175.892  149.063 -163.740
 161.904  147.804 -160.077
 165.814  149.559 -159.555
 171.236  135.530 -179.042
 167.277  146.344 -167.187
 170.493  149.378 -164.649
 173.316  158.734 -177.847
 167.359  143.499 -162.833
 161.762  154.458 -176.392
 169.807  156.040 -175.130
 155.380  165.170 -177.350
 176.245  159.111 -169.590
 162.365  155.046 -163.615
 162.917  150.545 -168.759
 160.216  141.741 -168.306
 168.457  153.664 -174.116
 167.729  153.039 -175.563
 159.419  152.406 -162.546
 148.944  149.112 -165.002
 166.490  140.927 -155.745
 165.917  157.299 -172.051
 164.367  155.289 -178.778
 171.503  149.765 -159.359
 159.637  148.089  165.929
 168.582  145.128 -174.400
 162.660  154.859 -166.206
 161.783  146.343 -173.159
 162.603  141.876  177.352
 176.221  146.743 -173.788
 156.844  150.406 -163.612
 154.685  151.146 -158.347
 170.286  153.056 -161.292
 174.638  154.624 -179.654
 169.576  158.080 -165.097
 168.153  160.682 -175.015
 167.161  148.882 -172.439
 171.583  137.018 -164.724
 163.168  152.772 -170.708
 176.802  155.554 -163.846
 151.672  154.403 -167.376
 160.409  153.271 -169.719
 163.828  132.827 -160.412
 162.246  150.795  177.665
 164.191  146.160 -175.939
 178.501  159.930  175.468
 163.061  153.312 -168.426
 162.523  139.935 -168.759
-175.928  147.989 -160.184
-179.315  159.472 -171.831
 166.582  139.818 -151.194
 159.644  155.757 -163.187
 162.583  149.685  179.870
 178.475  146.703 -150.283
-178.531  147.824 -178.325
 158.274  140.992 -171.343
 156.167  162.109 -168.887
 177.925  153.105  168.857
 159.543  159.862 -169.016
 158.646  156.478 -162.925
 171.792  153.312  176.728
 157.476  147.141 -148.103
 164.989  140.069 -171.358
 164.637  154.406 -172.281
 162.465  160.731 -175.666
 168.647  154.608 -148.340
 157.494  152.726 -167.687
 164.333  156.148 -177.172
 160.064  150.753 -158.358
 167.956  153.967 -176.645
 168.114  140.192  177.377
 163.258  156.528 -174.414
 161.230  141.296 -177.259
 159.807  155.669 -163.973
 157.709  151.418 -168.497
 174.900  143.772  176.461
-179.683  144.688 -173.350
 162.933  149.175  173.800
 177.027  150.083 -169.154
-175.521  157.672 -171.681
 174.754  143.923 -166.414
 148.217  150.691 -170.568
 173.953  160.507 -156.711
 160.186  147.490 -170.588
 176.885  140.926  175.471
 163.432  153.052 -167.049
 175.214  145.061 -171.440
 172.159  146.909 -174.351
 167.318  150.390 -168.416
 157.690  151.936  175.274
-178.662  154.705 -179.633
 168.071  155.018 -174.034
 164.784  136.393 -161.804
 169.445  147.358 -174.548
 169.964  144.388  175.127
 168.259  145.670 -167.269
 167.342  151.278 -172.524
 176.519  145.456 -159.683
 171.496  146.985 -160.798
 170.278  156.765 -154.168
 169.831  155.698 -154.425
 174.439  156.673 -155.721
 159.229  151.570  177.777
 163.926  143.517 -164.775
 170.675  151.257 -165.178
 174.008  145.083 -174.326
 171.289  160.564 -175.416
 167.781  164.111 -172.693
 157.064  149.162 -173.963
 176.947  153.781 -175.455
 152.327  156.471 -172.205
 162.380  155.333 -179.875
 174.323  158.551 -157.354
 175.106  147.508 -160.686
 158.651  153.089 -157.099
 159.685  144.206 -167.785
 170.305  152.797 -174.925
 164.466  155.957 -171.957
 174.098  147.427 -173.677
 159.070  146.349 -166.514
 160.260  151.125 -173.546
 169.109  153.964 -162.374
 153.710  142.292 -160.243
 158.844  152.180 -151.138
 168.927  136.904 -168.617
 175.682  151.888 -175.954
 162.748  153.778 -167.376
 176.978  147.885  175.925
 174.055  160.951 -176.359
 173.824  168.343 -171.080
 164.295  155.684 -173.787
 179.144  148.953 -158.073
 171.829  151.461 -175.180
 159.342  156.742 -171.013
 176.809  158.614 -166.935
 159.888  143.698 -168.958
 167.001  152.437  176.763
 168.630  144.993 -157.814
 162.624  155.130 -169.692
 155.872  151.090 -154.256
 158.579  153.267 -175.330
 165.574  151.427 -159.539
 169.145  148.116  177.949
-170.970  148.701  177.607
 175.146  159.386  178.930
 169.164  151.636  175.447
 167.337  143.912 -178.519
 159.328  164.226 -170.411
 165.900  154.124 -145.711
 162.179  154.923 -150.218
 167.267  145.175 -172.531
 165.854  152.171 -159.436
 176.113  147.278 -175.725
 172.907  147.727 -173.250
 167.156  145.469 -169.418
 171.776  144.827  171.699
 171.488  148.404  173.996
 162.796  159.896 -157.151
 170.537  148.420 -157.522
 162.213  148.613 -162.713
 167.396  149.844 -175.461
 152.135  151.875 -157.865
 172.275  154.448 -158.187
 159.756  154.174  173.480
 174.695  144.348  176.809
 170.644  159.569 -167.165
 166.465  145.480 -162.623
 172.488  156.445 -175.667
 163.680  151.329  179.909
 153.830  146.785 -160.185
 166.909  146.010 -170.955
 164.451  160.906 -164.908
 153.654  159.990 -171.284
 157.407  150.645 -155.133
 172.315  155.909 -168.641
-177.675  147.729  177.687
 160.885  161.730 -165.737
 171.195  164.281 -153.258
-178.867  147.669 -155.354
 168.912  142.772 -165.778
 165.195  152.296 -163.796
 162.117  142.177 -154.545
 168.850  154.401  172.631
 167.385  139.771 -171.779
 159.547  156.895 -168.342
 160.464  149.334  171.085
 173.255  159.543 -164.268
-176.926  165.196 -176.552
 166.006  150.073 -156.131
-172.213  139.801 -179.114
-178.322  144.965 -172.627
 161.932  150.197 -155.748
 168.346  150.933 -157.664
 165.207  163.103 -164.843
 169.384  142.639 -169.687
 167.593  163.549 -160.528
 173.629  154.901 -164.832
 179.505  145.615 -178.205
 159.673  142.497 -173.713
 178.626  156.634 -168.706
 165.653  157.239 -167.294
 177.255  155.917 -166.120
 161.439  160.438 -167.432
-180.000  156.525 -167.557
 176.398  143.099 -168.869
 162.224  146.901 -169.868
 165.182  147.918 -150.389
 173.432  152.086 -166.016
 174.991  148.029 -175.275
 175.322  148.411  178.118
 162.865  140.501  169.796
 153.544  153.607 -168.282
 156.734  155.341 -168.659
 169.115  162.637 -177.898
-179.578  141.930 -159.324
 163.791  163.980 -150.896
 155.497  162.270 -171.296
 165.224  149.066 -169.211
 154.761  142.996 -157.889
 165.801  139.075 -159.844
 176.763  150.876 -166.863
 176.618  142.603 -163.886
 177.529  143.362 -165.409
 173.017  157.549 -168.565
 162.329  154.431  178.754
 154.260  151.914 -170.749
 177.573  151.495 -145.485
 164.593  147.716  174.245
 163.940  171.795 -153.142
 169.751  156.864  177.707
 174.053  151.082 -177.984
 159.724  151.674 -178.709
 176.865  159.220 -172.164
 175.244  159.259 -168.115
 164.520  147.844 -164.877
 170.558  162.714 -169.439
 175.815  157.622  173.952
 153.414  149.375 -179.672
 166.835  156.631  174.849
 164.807  160.422 -153.215
 173.224  156.863  177.673
 176.960  148.912 -172.015
 167.952  147.284 -157.118
 166.750  148.463  175.380
-179.381  149.220 -168.885
 172.969  150.223  171.011
 171.301  148.767 -176.747
 170.386  157.942 -171.139
 150.411  139.368 -179.664
 150.705  161.294  172.554
-175.571  145.184 -174.751
 161.035  161.306 -159.332
 166.416  149.547 -146.447
 163.479  155.745 -174.399
 166.546  151.758 -175.150
 158.797  138.843 -168.375
 164.332  155.125 -157.214
 161.638  156.890 -166.536
 176.981  157.352 -162.253
 169.599  153.253  176.165
 148.279  149.526 -164.225
 165.449  150.120 -168.097
 153.010  160.890 -161.228
 171.842  145.026 -171.997
 167.872  156.698 -176.700
 172.521  152.559  169.412
 159.838  151.137 -169.773
 163.372  150.322 -154.430
 171.678  156.187 -169.477
 158.891  164.989 -156.558
 166.850  145.652 -159.445
 166.955  158.775 -164.708
 175.436  152.348 -165.405
 158.253  162.130 -157.829
 161.724  137.929 -173.384
 173.579  151.181 -177.773
 173.972  156.262 -173.619
 171.519  142.648 -159.909
 160.343  139.670 -173.141
 177.654  152.622 -166.836
 165.657  160.130 -171.803
 157.710  148.916 -156.958
 172.936  144.706  179.875
 169.360  140.952  173.445
 159.878  154.681 -165.547
 166.949  148.784 -150.298
 167.824  142.006 -161.865
 175.484  160.109 -174.650
 169.882  149.656 -171.131
 145.530  158.427 -170.690
-177.165  144.457  178.493
 173.349  153.789 -166.999
 160.691  162.704 -170.139
 168.052  137.928  165.646
 163.685  147.198 -172.330
 168.722  154.758 -165.072
 162.991  152.868 -155.533
 156.534  151.339 -168.321
 159.422  148.993 -160.356
 173.690  157.125 -166.805
 166.208  141.721  179.841
 160.842  148.056 -157.488
 177.610  164.106 -167.067
 177.237  148.783 -169.948
 177.274  151.849 -163.125
 175.522  150.584 -168.661
 165.265  134.477 -159.640
 168.063  148.691 -172.146
 163.567  144.971 -165.603
 161.578  157.185 -177.537
 167.878  141.839 -149.798
 157.157  146.722 -174.505
 162.064  151.683  170.533
 165.949  147.324 -168.942
 167.712  146.908 -162.001
 170.328  158.465 -174.407
 163.847  149.542 -149.466
 163.278  141.812 -176.584
 172.378  155.628 -160.627
 152.814  156.315 -153.455
 168.475  147.003 -162.879
 170.434  153.584 -166.295
 176.281  158.545 -177.072
 170.697  149.776  179.140
 149.487  136.121  176.892
 167.010  146.055  163.585
 161.670  152.663 -153.714
 156.996  139.202 -155.202
 179.260  142.584 -168.396
 175.942  151.571 -174.004
 169.897  158.695 -163.980
 161.319  148.670 -163.024
 175.943  150.285 -175.788
 169.142  144.299 -177.294
 165.596  148.845 -167.630
 149.635  148.188 -155.004
 151.042  145.568 -158.792
 170.857  140.193 -177.597
 175.525  157.766 -156.201
 162.832  152.485 -162.249
 167.903  158.092 -156.934
 176.760  144.913 -164.747
 173.580  154.619 -171.159
 162.143  149.868 -166.550
 158.342  150.525 -156.741
 164.276  152.716 -164.972
 151.360  151.336 -156.799
 165.285  157.937  170.985
 164.320  154.554 -168.293
 172.399  150.632 -177.165
 167.682  143.031 -176.797
 150.989  152.595 -179.482
 149.155  152.036 -165.817
 164.656  152.848 -169.231
 152.461  145.568 -176.218
 175.244  142.785 -169.332
 175.351  148.229 -165.307
 157.778  157.121  177.046
 165.238  158.502 -173.241
 168.963  150.475 -174.983
 169.559  145.747 -172.220
 156.013  138.160 -178.881
 173.769  146.980 -155.088
 176.685  150.993  168.864
 152.873  158.454 -171.260
-178.698  154.739 -162.637
-176.496  160.158  178.536
 156.307  145.224 -167.197
 157.055  146.557 -175.095
 173.161  159.394 -179.647
 160.479  150.799 -176.869
 171.042  142.720 -165.407
 152.043  154.759 -177.258
 157.807  157.807 -175.945
 163.874  162.321 -175.434
-176.945  160.093 -172.051
 173.702  168.278 -166.748
 157.341  156.186 -161.376
 166.059  159.082 -154.870
 166.342  145.086 -177.070
 176.341  160.132 -169.656
 166.709  150.137 -161.063
 157.999  145.014 -172.492
 162.727  151.460 -164.577
 164.559  148.119 -170.560
 168.621  143.518 -156.153
 175.344  150.087 -166.409
 159.307  149.007 -160.552
 168.206  132.973 -159.765
 175.114  148.045 -171.713
 155.420  156.006 -171.330
 166.889  144.433 -149.483
 167.484  143.330 -174.864
 168.045  150.837 -171.599
 177.885  153.560  167.252
 163.457  138.433  179.573
 159.206  167.533 -171.715
 175.359  152.422 -175.850
 172.355  164.232 -173.492
 170.394  146.864  178.525
 168.802  147.739  173.273
 154.336  152.309 -158.863
 177.548  145.861 -163.038
 155.833  156.794 -159.720
 164.202  158.461 -170.618
 170.330  143.803 -179.730
 177.978  147.913 -176.518
 164.770  153.764 -163.547
 157.743  156.110 -171.428
 170.230  149.011 -165.044
 177.744  142.776  172.039
 163.045  153.379 -160.766
 157.427  169.949 -167.686
 152.640  142.434  174.103
 155.881  159.908 -167.802
 170.449  146.549 -164.459
 171.311  151.670 -167.351
 150.401  158.549 -151.734
 149.164  135.506 -159.025
