-170.794  138.004 -172.162
-166.204  136.795  171.639
 175.266  133.110 -176.173
 176.639  113.938 -162.468
 176.999  140.536 -178.185
-167.957  128.762  171.316
-164.553  140.628 -175.790
 178.431  135.738  177.409
 172.565  131.402 -176.927
-170.751  126.142  179.886
-177.557  127.473  178.941
-172.973  153.854 -169.080
-175.850  140.533 -167.884
-177.717  140.481 -163.071
-178.120  138.955 -168.950
-171.115  137.388  174.795
 165.326  139.499 -166.266
-166.721  129.508  170.969
-177.640  142.249  177.753
 173.226  135.122 -168.879
 177.696  151.442 -166.903
 171.578  129.415 -163.169
 167.314  148.337 -169.101
-178.506  143.495 -164.968
-171.661  130.979  179.512
 172.975  150.845 -176.286
-168.475  136.945 -178.382
-177.284  136.966 -177.342
-171.665  135.477 -170.240
-178.751  130.255 -164.267
-169.173  130.906  169.917
 178.550  154.665 -176.101
 176.504  129.905 -164.731
-171.045  132.721  173.929
 174.336  134.483 -168.997
-179.549  137.244 -169.476
-170.075  138.875 -168.545
 174.596  138.453  178.938
 176.847  135.004 -152.451
-179.212  134.515 -171.161
-167.560  138.505  176.336
-178.334  136.361 -170.865
 170.874  132.547 -164.938
-175.449  122.146 -176.939
 178.040  138.339 -173.443
 175.362  138.317 -168.772
-174.562  141.471 -178.319
-173.729  145.621 -158.983
-174.919  146.245 -179.862
-171.270  141.453 -165.245
 175.404  144.110 -166.383
 168.947  136.668 -177.597
-172.610  141.184  175.520
-177.231  135.491 -176.651
-172.501  140.421 -174.087
-171.415  135.537 -169.240
-175.651  144.610 -168.062
-171.586  138.305 -176.188
-154.325  132.507 -175.921
-175.132  137.257  171.265
-167.432  125.067  173.669
-163.891  140.953  178.291
-174.507  133.623 -165.283
-174.769  131.676 -165.473
 178.988  151.305 -167.779
-165.026  127.418 -178.218
 174.103  142.164 -166.466
-165.082  156.059 -170.970
-167.438  141.499 -171.723
-179.519  129.382 -165.032
-178.194  121.785 -175.672
-174.542  126.416  178.175
-178.706  135.533 -177.640
-169.938  143.955 -170.406
-170.955  123.619 -171.563
 174.002  142.709 -169.462
 178.588  123.685  173.704
 176.197  130.103  173.558
-177.042  129.423  173.477
 179.081  146.626  179.335
-176.319  130.457  177.236
-173.048  135.068 -177.164
-169.276  136.785 -168.666
-166.168  148.651 -175.982
-172.332  116.588 -171.053
 154.481  120.135 -146.760
 173.021  148.628 -163.656
-175.078  125.759 -169.722
-172.984  139.315  175.392
 172.450  120.282  179.561
 165.357  133.566 -157.839
 174.605  145.700 -165.967
-177.335  136.269 -167.872
-168.370  131.670 -156.134
-173.582  128.857 -179.328
 172.596  135.623 -166.441
-176.717  138.200  171.405
-172.993  132.878 -159.510
 174.804  114.904  176.467
-172.668  124.896 -177.181
-173.178  136.567  178.720
-175.922  146.961 -176.867
-173.982  141.392 -162.343
 173.564  135.627 -158.358
-174.065  139.246  174.742
 171.519  147.674 -154.594
 175.842  142.013 -162.803
 170.217  139.402  177.360
 176.355  148.161 -172.676
-175.698  155.943  178.113
 176.344  128.656 -166.972
 164.059  126.897  174.058
-175.152  129.627 -171.427
-177.307  142.094 -159.942
-172.195  140.365 -176.369
 177.528  126.408 -174.869
 177.720  129.964 -173.235
-168.804  134.255 -172.816
-169.659  131.236 -167.552
 165.368  129.806  178.437
-173.860  136.579 -170.297
 176.404  143.561 -161.037
-177.132  140.255  174.212
-171.092  141.843 -171.354
-179.278  152.881  179.110
 178.669  140.233 -161.045
 176.696  142.012 -167.313
-173.614  124.078 -172.086
 175.417  147.094 -170.596
 175.877  130.063 -160.408
 176.167  124.141 -174.293
 178.691  142.384 -167.466
-175.332  137.934 -177.149
-171.359  134.652 -164.322
 176.206  139.181 -162.688
-164.181  129.015 -176.962
 177.357  138.602  160.284
-178.481  138.141 -171.615
-170.989  142.535 -175.719
 179.747  135.068 -168.133
-179.640  127.716  174.766
-174.340  133.374 -172.745
-162.926  129.710 -172.347
-170.222  130.034  176.388
-166.527  135.641  173.173
 174.824  140.393 -171.676
-165.890  133.947 -160.146
-166.208  139.966 -168.021
 175.451  132.285 -167.994
-175.465  137.774  159.340
-178.617  139.905 -168.108
 178.538  126.601 -161.884
 171.525  128.768 -166.463
 175.367  146.435 -166.087
-161.850  126.749  175.985
-172.313  138.307 -176.238
-171.574  133.510  173.026
 177.100  122.923 -170.649
-177.973  135.826 -166.267
 167.045  147.909 -178.090
-175.730  136.606 -173.454
-177.545  132.931  179.257
-172.249  139.563  168.443
-165.508  144.608 -176.388
 171.747  145.960 -171.186
-174.490  141.416 -172.880
-171.931  149.081 -156.058
 171.965  123.540  170.605
 176.100  137.600 -166.608
-169.608  128.396 -179.541
-168.394  141.892 -172.783
 169.420  139.003  179.212
-173.908  143.661  178.135
 171.187  137.726 -150.710
-175.928  146.690 -175.955
-167.276  149.358  175.217
 169.116  153.100 -166.724
-176.978  131.451 -178.622
 179.878  145.658  179.703
 170.085  139.315 -173.890
-177.739  145.479  157.840
-178.301  142.825 -173.215
-175.974  147.014 -160.895
 171.528  139.343 -155.645
-171.395  132.833 -179.952
-170.830  142.038 -176.145
-171.790  128.454 -158.700
 179.165  139.500 -157.413
 179.084  137.726 -168.684
 172.007  121.653 -176.089
 173.164  140.750 -177.305
-172.777  141.055 -169.142
 176.940  137.272 -166.255
 176.357  132.665 -173.742
 175.829  136.878  168.865
 176.348  143.801 -167.161
-167.917  145.917 -175.292
-169.738  141.004 -177.720
 173.883  137.125 -172.013
 165.776  122.646 -158.957
-177.684  129.332 -173.533
-173.547  131.480 -172.796
-171.647  141.396  178.775
-172.185  130.894  170.510
-174.262  137.021 -163.051
-179.821  115.768  179.637
-170.281  138.190  178.071
-170.916  137.280  175.283
-177.591  132.915  176.329
 176.209  134.926 -168.715
-168.557  139.555 -178.922
 178.239  144.788  179.441
-169.859  139.214 -175.792
 178.660  139.198 -169.171
-170.359  144.047 -174.790
-174.852  141.563 -176.324
 168.596  141.625 -157.877
 168.430  133.667 -174.068
-176.931  136.936 -172.706
 179.496  144.349 -169.607
-179.661  136.968 -155.729
-166.748  140.831 -167.405
-158.717  139.185 -170.094
-175.068  140.524 -177.598
-171.830  142.824 -176.038
-170.444  144.996 -178.937
 176.379  142.726 -169.673
-175.062  136.451 -177.621
-165.504  149.666  176.777
 176.985  147.286 -176.330
 178.761  136.147  179.192
-174.602  141.074 -164.332
 174.046  145.321 -163.381
 175.084  144.843 -150.821
 169.710  145.173 -175.516
-163.493  142.562  179.821
-170.053  136.498 -164.177
-165.589  133.205  179.495
-175.589  142.893  177.763
 175.125  133.792 -155.495
-177.712  148.977 -172.975
 177.217  136.955 -165.700
-179.492  148.503 -136.719
 178.251  138.809  172.606
-174.709  134.481 -153.858
 171.683  140.069 -154.404
 171.136  125.892 -173.466
-179.705  149.142  177.748
-173.796  143.839 -170.260
-179.665  130.987 -170.966
 175.854  136.962 -168.790
-172.646  128.836 -171.372
-174.834  129.745 -169.169
 171.498  134.773  178.209
 174.794  146.823 -178.384
-174.196  134.295  173.738
-176.511  120.411 -179.065
-158.922  138.204 -173.637
-165.195  137.612  166.624
-168.094  137.760 -165.270
-174.621  122.249 -179.185
 176.274  145.037  173.432
-170.654  132.138 -164.300
 174.852  135.637 -162.797
-168.178  128.655 -164.343
 159.440  136.934 -174.109
-170.938  125.031 -162.357
-167.731  147.133 -175.606
 169.116  135.353 -154.825
 179.198  134.273 -179.880
 175.398  135.877  176.469
-168.868  136.735 -174.913
-171.801  143.990 -161.311
-170.305  143.866  175.328
 173.925  136.582  177.287
-177.660  138.082 -155.037
-177.131  137.240 -173.593
-179.948  135.919 -165.938
 173.446  135.957 -161.234
-178.375  140.951 -164.743
-172.318  147.868 -168.379
 179.672  140.825 -157.483
 178.227  136.057 -160.735
 178.077  129.553 -177.407
-176.265  133.802 -174.181
-171.340  146.317 -163.194
 174.322  132.705 -177.767
 175.846  136.898 -166.012
-175.154  136.555 -178.177
 177.069  132.863 -170.791
 174.009  125.624 -155.944
-159.394  128.205 -163.496
-160.915  134.120  175.917
-174.683  153.306 -170.098
-179.227  141.375 -164.615
-167.896  136.519 -173.342
-166.402  138.691 -164.739
-173.742  129.670 -166.274
-177.062  126.099 -173.842
-178.011  142.565 -176.818
-178.656  144.387 -170.484
 167.827  149.103 -161.726
-180.000  132.230  166.060
 171.824  154.482 -165.578
 179.293  154.765 -164.161
-174.303  134.834  173.948
 177.216  135.825 -165.079
-177.435  132.604  172.430
-160.849  130.548 -177.412
-176.281  134.578 -177.843
 179.972  119.568  179.208
-169.347  128.941 -168.129
 175.485  133.443  178.828
-171.252  143.859  163.787
 176.152  138.452 -179.028
 179.284  144.124 -161.258
-166.054  132.200 -176.303
 175.425  131.900  170.795
-178.157  136.117 -151.985
-173.139  141.836  174.918
-168.796  141.361 -178.566
 176.430  140.660 -165.530
-166.592  128.620  179.454
 169.418  137.000 -169.363
 171.780  143.727 -151.596
-168.474  131.152 -160.262
-170.171  125.353  160.727
-164.026  146.804  176.575
-163.806  132.702 -176.340
 174.887  152.325 -160.667
 172.620  140.051 -168.155
 165.484  143.384 -164.043
-173.402  149.371 -163.928
-175.958  129.575  170.927
-179.703  136.947 -161.065
-176.072  132.134  178.635
-167.487  143.836  176.250
 174.113  133.012 -163.650
-178.000  133.874 -169.230
-175.673  123.817 -175.789
-175.469  118.172 -175.149
-173.005  140.847 -165.782
 179.649  137.914 -165.964
-175.304  135.581  172.488
 176.970  139.029 -162.703
-172.297  145.310 -178.454
 179.790  131.833  178.901
 172.986  137.923 -164.012
-176.220  137.417 -166.480
 168.614  129.327 -173.673
-172.598  142.583 -168.048
-176.536  143.324 -171.253
-178.770  132.954 -177.909
-176.431  133.367 -159.899
-176.924  150.731  176.349
-173.097  134.104 -177.015
 164.320  135.520  171.379
-174.591  141.355  175.176
-158.749  138.639 -168.926
-165.738  141.685 -167.634
-171.102  124.616  177.642
-173.744  136.770  175.343
-171.710  134.018 -176.890
 175.246  149.039  179.269
-169.759  151.585 -172.591
 174.549  148.000 -164.184
 174.933  143.721 -171.640
-177.106  133.007 -166.810
 179.972  123.911 -158.526
-178.952  128.221 -149.211
 174.945  137.393 -179.634
 172.325  144.897 -173.816
-170.065  136.167  177.734
 177.276  141.378 -176.419
-179.289  116.570 -177.151
-176.204  141.508 -174.869
-176.703  141.201  174.685
-169.199  144.953 -166.492
 179.620  149.624  166.980
-176.150  131.769  172.210
 174.434  132.586 -172.030
-177.159  124.806  166.380
 172.843  128.590 -171.311
-176.906  129.782  154.595
 172.324  127.938 -168.885
-163.359  145.114 -178.869
-168.839  142.705 -173.843
-159.263  117.089  170.536
-179.312  133.811 -164.906
-170.748  141.014  177.014
-177.388  129.518 -163.902
-166.265  134.533 -178.973
 178.402  145.238 -170.003
-171.315  145.044 -169.908
 179.792  131.734  179.657
-178.028  134.307 -163.186
 174.977  139.685 -172.604
 175.568  136.388 -172.263
 175.268  143.702 -170.470
 176.842  142.469 -156.533
-165.921  129.740 -167.507
 178.227  138.660  179.517
-164.595  142.752  179.497
-179.972  145.962  178.228
-175.710  145.417 -168.549
 173.399  144.449 -160.504
-171.856  147.758 -173.856
-167.263  132.478 -167.582
-172.587  138.715  176.228
 179.031  145.159 -172.165
-171.663  139.913 -171.127
-178.878  139.681 -167.472
-174.140  138.588  172.675
-168.844  129.401 -177.912
-158.188  125.062 -176.768
-179.122  136.383  167.076
-172.413  133.229 -170.699
-176.639  134.969  172.845
 170.200  121.926  173.944
-177.812  139.209 -157.029
-168.814  144.039 -158.644
-169.889  145.946 -173.279
 168.229  137.908 -171.575
-177.865  140.473 -174.904
 176.881  138.236 -175.707
-171.123  135.015  175.873
 177.366  141.148 -173.121
-174.750  146.640 -176.313
 176.631  139.690 -169.686
-179.500  135.473  178.467
-170.879  133.274 -157.932
-169.742  126.586  174.329
-172.227  120.324  171.673
-178.472  130.041 -173.652
-172.430  124.645 -170.736
-172.618  130.610 -157.966
-175.823  136.564 -155.168
-177.522  144.832 -177.104
-176.881  124.029 -178.371
 164.310  147.493 -161.991
 164.529  133.635 -175.373
-176.217  131.484  175.281
-171.110  127.168 -179.555
 172.158  127.503 -170.052
 178.170  136.269 -160.097
-177.889  134.723 -163.861
-171.689  145.172 -167.228
-152.800  143.557  167.756
-172.323  142.001  170.336
 171.790  148.954 -165.876
-164.236  135.571  172.537
 179.094  130.888 -160.044
-169.331  142.510 -171.652
 175.978  138.487 -165.656
-169.643  134.463 -168.395
 175.166  140.003 -171.678
-164.637  132.510  164.691
-174.784  134.639 -176.737
 176.794  123.250 -169.848
 174.712  127.728 -166.239
 166.770  140.215 -168.214
-177.139  137.849 -177.367
 178.260  125.686 -173.913
-179.418  132.909 -178.076
 169.914  125.005  178.724
-173.649  129.654 -170.989
-176.437  137.782 -162.904
 179.775  140.963 -167.492
 177.516  142.417 -178.733
 173.770  118.119 -168.701
-159.822  115.372  166.403
 176.425  144.466 -170.748
 170.553  138.067 -174.901
-170.772  146.124  176.023
-173.611  138.142 -178.877
 178.755  120.169 -174.798
-176.701  138.884 -174.071
-164.314  141.038  179.797
-170.925  143.443 -173.606
 176.069  127.549 -171.392
-174.888  123.912  177.698
-178.640  133.055  177.083
-168.336  142.314 -178.034
 176.258  127.379 -166.706
 177.233  131.541 -170.686
-175.734  138.881 -177.156
-170.095  128.669 -174.377
-173.611  144.018 -176.058
 174.288  158.305 -169.001
-173.543  130.264 -178.990
-171.124  140.638 -164.984
-164.200  129.470  176.278
 169.385  116.005 -167.903
-175.995  125.669  179.676
 175.558  149.143 -168.563
-174.656  129.893  163.468
-169.671  129.914  168.223
-174.518  131.022 -178.731
-172.994  127.290 -170.689
 164.368  142.372 -158.128
 177.504  138.213  167.134
 174.100  137.690 -160.096
 177.879  134.312 -176.596
 178.914  125.187 -178.138
-175.842  133.348 -162.113
-172.621  134.129 -168.069
 177.937  140.972  177.220
-171.651  143.666 -179.035
-179.842  120.474 -168.672
-168.462  147.825  167.836
-174.078  127.786  168.798
-165.540  141.065 -166.895
-179.677  147.568 -153.508
-174.447  131.900  172.035
 179.195  149.298 -165.616
 177.729  136.919  179.676
-178.453  145.661  171.400
-176.956  148.481 -177.505
 179.303  142.210 -170.003
-171.621  126.657  179.500
 179.584  128.228  175.825
-166.514  135.706  170.031
 174.796  133.023 -170.018
 174.111  119.819 -162.166
-179.801  141.917 -166.545
 177.895  149.467 -163.055
-164.008  125.885 -167.751
-171.764  147.501 -174.243
-179.167  128.092 -167.587
-178.360  128.409 -167.352
 177.323  131.717 -164.425
-175.752  148.981  177.161
-173.529  136.265 -174.294
 176.420  118.686  179.136
-171.711  141.472 -163.423
-178.091  126.005 -170.914
-171.390  143.457 -171.865
 176.674  138.285 -174.318
-167.032  144.547 -167.548
-176.109  136.242 -165.990
-179.847  146.749  173.844
-178.303  121.159 -172.088
-175.628  115.676 -178.318
 171.926  139.905 -173.564
 174.872  140.934 -169.256
-171.193  143.559 -167.378
-164.584  129.751 -172.996
-171.198  123.896 -174.414
-167.021  130.839  176.531
-171.858  147.669 -166.019
-166.760  141.616  171.061
 174.789  130.562  174.054
-169.729  149.880 -175.144
-174.206  132.113 -177.263
-172.616  135.178 -170.680
-171.880  135.501  167.954
-160.471  147.091  179.280
 179.857  129.831 -173.612
 159.268  152.486 -174.274
-172.788  128.693  166.627
 173.269  128.351 -172.614
-178.163  123.336 -173.621
 178.643  131.740  174.078
-161.692  137.565 -161.935
 168.415  136.947 -154.320
-165.171  137.115  177.830
 176.939  148.526 -179.859
-178.697  139.229  175.570
-171.391  147.128 -175.482
-178.557  118.154 -162.185
-169.951  136.137 -177.067
-173.144  139.266 -168.410
-165.251  140.255 -161.930
-175.395  143.410 -168.920
-166.529  127.297 -171.511
-174.447  124.449 -163.841
 174.674  130.739 -172.904
-174.784  142.962 -169.362
 177.418  136.141 -169.287
 179.218  140.890 -170.521
-172.327  137.385 -167.194
-173.860  139.225 -169.942
 175.152  144.808 -163.137
 178.441  126.665  170.211
-176.323  132.500  176.915
 173.060  149.286 -168.349
-177.872  143.203 -170.038
 175.004  132.325 -165.555
 178.087  134.215 -168.898
-168.269  127.555 -171.246
-177.542  136.906 -177.182
 175.029  146.400 -165.644
-171.109  140.112 -179.606
-179.315  138.503  170.477
-178.463  125.440 -175.413
 178.686  134.568 -162.323
-174.875  143.166 -174.940
 179.836  141.536 -169.149
-179.580  130.767 -168.501
-172.416  138.652  176.949
-174.496  129.548  170.789
-168.552  128.576  172.712
-163.293  131.587  176.769
-172.875  145.334  178.526
-164.422  146.545 -175.648
-168.199  140.371 -162.544
-176.864  132.441 -173.519
-177.838  121.988  173.004
-167.985  151.689  172.576
 169.252  127.909 -173.761
-177.686  133.900 -171.839
-174.480  133.571  173.623
-179.351  139.276 -165.749
 175.969  137.192  174.575
 173.665  130.658 -176.777
-178.834  135.057 -173.688
 176.829  138.154 -177.215
-170.313  131.435  173.643
-177.681  141.653 -176.063
-177.631  135.431 -175.290
-173.486  128.035  170.519
-172.970  142.972  175.775
-176.242  136.497 -154.083
-173.007  135.004 -170.489
 172.997  127.010 -165.390
-177.502  125.358 -178.234
 179.499  135.824 -164.600
-166.137  145.115  179.972
 178.416  131.382 -159.582
-169.386  146.338 -175.222
 179.659  138.005  172.370
 167.113  145.611 -149.251
-174.286  138.284 -166.098
-178.896  129.769 -173.878
-157.048  137.391  179.937
-172.468  141.573 -160.726
-175.205  129.529  179.952
-171.413  135.814 -174.119
-169.148  138.621 -171.181
 179.948  141.043 -174.365
 171.449  134.908 -176.238
-169.344  131.047  167.997
-175.866  138.946 -169.958
-172.000  144.753 -167.049
 177.523  113.159 -175.776
 175.449  122.091 -170.977
 174.697  125.935  172.896
-177.425  148.288 -179.948
-179.670  132.374 -160.157
 179.527  139.665 -176.898
-178.565  133.689 -171.001
-171.173  122.663 -172.794
-172.237  133.557  179.972
 177.620  138.452  178.432
 175.801  139.009 -150.395
 176.940  141.209 -173.511
-179.290  143.140 -166.861
-178.992  119.759 -165.487
 173.957  129.047 -167.258
-168.613  127.364 -179.700
-168.208  133.322 -169.195
-177.376  134.271 -161.943
 175.490  138.804 -167.134
-164.309  128.060 -178.270
-173.427  144.097  176.604
-161.679  147.868 -167.848
-169.925  132.226 -178.294
-179.387  127.491 -171.485
-168.563  131.328 -169.794
 178.351  126.124 -179.106
 167.617  144.655 -172.389
-177.931  146.280 -165.087
-175.353  144.308 -170.693
-172.433  135.769 -161.119
-173.730  143.323 -179.842
-156.167  129.904 -170.441
-167.498  141.820  172.133
-171.335  133.078  178.362
 167.560  139.001 -168.889
-174.178  132.475 -166.984
 179.549  125.136 -178.552
 179.551  147.020  177.905
 166.750  137.128 -167.659
 166.436  142.703 -169.097
 177.674  122.514  172.285
-167.275  154.808 -161.877
-176.399  142.195 -170.656
 176.831  141.663 -153.511
-178.610  134.155 -174.671
-164.503  135.688 -175.939
-178.884  139.373  173.500
 174.709  132.829  179.852
-179.019  138.348 -166.961
-176.872  134.301 -172.202
-176.894  139.103 -170.215
-177.152  146.474 -167.090
 175.104  132.802 -167.508
-171.156  106.986 -175.928
-166.789  143.031 -170.213
 178.914  146.427 -168.821
 173.891  120.407 -167.583
-174.427  149.928 -170.748
-178.469  136.314  171.359
-167.279  148.652 -173.199
 173.547  151.177 -175.687
-168.138  132.573 -166.961
 172.457  135.468 -175.113
-168.380  142.750  178.713
-163.269  127.597 -163.736
-177.587  142.628  176.677
 173.978  125.387  175.688
 167.482  130.080 -146.108
-177.484  110.753 -165.766
-166.883  115.700 -173.569
-168.724  128.042 -172.581
-179.980  133.297 -175.730
-173.708  132.907  170.083
-170.774  128.451  174.616
 176.078  124.536 -168.828
 178.004  135.892 -166.514
-175.418  140.925  179.599
 174.297  139.070 -178.429
-177.269  135.462 -164.634
 173.907  126.229  170.454
-175.397  121.172 -174.350
 179.623  139.646 -171.463
-178.335  135.421  176.631
-175.225  117.296 -177.284
-178.926  147.538 -160.713
-169.510  130.880 -174.166
 177.341  132.312 -167.202
-164.912  141.961 -164.196
-171.219  147.913  173.066
-164.848  121.705  161.925
-167.835  136.682 -170.003
-169.352  136.586  179.223
 173.947  141.675 -160.898
 177.791  147.128 -172.368
-173.952  124.339 -173.702
 170.827  135.499 -166.536
 177.107  136.534  169.579
 171.574  139.628  178.707
 179.444  127.598 -153.500
-176.297  132.504 -172.731
-174.088  139.814 -162.598
 179.806  143.750 -171.158
-167.633  131.502 -177.828
-175.537  129.509 -174.705
 174.995  136.902 -175.681
-170.624  131.129 -169.256
-170.202  150.565 -175.038
 176.631  138.825 -169.455
 177.646  121.561 -177.984
 172.830  135.196 -157.121
-179.276  135.196 -173.493
 176.542  133.151 -171.040
-175.568  131.116 -178.285
-171.086  134.994 -176.181
 179.420  139.131 -179.685
-172.036  133.303 -179.514
-179.412  150.723 -154.472
 167.156  130.216  177.710
 168.667  128.721 -160.046
 163.368  151.379  174.241
 175.156  128.229  177.637
-173.774  143.704  179.795
-176.417  144.968 -173.051
-174.609  136.561 -173.561
-175.372  137.276 -169.565
-168.973  132.969 -176.948
-176.035  119.101 -162.474
-169.569  133.367  168.241
-173.705  141.973 -171.947
 177.743  142.466 -168.127
 168.503  138.412 -167.582
 179.283  126.509 -176.834
 174.415  136.011  173.988
-173.291  138.237  172.500
-178.636  149.267 -179.515
-178.961  132.148 -147.282
 176.123  138.146 -165.512
-165.228  135.317 -169.954
-175.486  138.867 -174.294
 176.592  136.001 -164.194
 171.558  130.498 -174.332
 159.940  137.973 -167.521
 173.599  150.650  162.414
 176.018  139.655 -165.718
 174.886  123.338 -162.008
 178.900  141.463 -175.072
-170.306  132.148 -177.059
-176.074  141.376 -158.024
 176.162  146.567 -176.056
 179.173  130.134 -177.890
-172.611  135.587 -170.111
 171.568  128.597 -159.320
 169.758  131.646 -166.074
-169.149  123.723 -160.943
-176.737  137.517 -172.537
 177.539  147.893 -176.815
-174.499  150.023  175.467
 171.127  140.882 -166.926
-174.439  133.104 -179.931
 176.353  139.402  179.351
-168.546  149.647  177.226
-163.058  138.043 -163.125
-172.261  146.966 -170.742
-168.429  138.303 -150.554
-175.879  143.978  173.228
 173.944  132.588 -164.371
-177.402  133.944  178.310
-176.880  130.115 -168.737
-179.682  129.149 -172.049
-179.564  138.407 -163.008
-168.671  113.535 -162.468
-178.426  146.523 -178.486
-176.703  141.848 -171.313
 174.751  137.524  175.397
-174.431  134.791  179.680
 166.967  141.789 -162.754
 176.653  131.897 -176.393
-173.584  133.371  172.232
 177.014  138.029 -161.463
-166.188  133.172 -179.007
-174.221  143.642  177.832
-166.194  125.807 -175.358
-177.211  139.047 -170.917
 171.973  129.502 -172.443
-175.178  137.721  166.568
-159.568  140.163 -173.184
 174.477  134.713 -168.174
-176.370  125.511 -153.279
-177.923  124.971  169.654
 173.416  119.836  171.946
 167.702  136.435 -164.433
-173.137  147.405 -177.748
-179.052  132.404 -158.240
-169.116  138.359  176.968
-171.004  135.210  175.980
-156.027  122.422 -168.534
-170.245  139.918 -174.710
-178.983  140.420 -171.364
-163.062  136.711  166.964
-171.605  130.829 -160.192
-179.332  135.413 -176.484
-167.509  136.064  179.430
-167.967  141.296  175.674
 178.985  142.206  176.216
 172.669  129.049  172.744
 179.754  128.137 -165.631
 175.855  134.667  178.123
 177.927  132.713 -179.348
 169.510  125.486 -175.935
 170.715  113.426  160.476
 175.863  132.756 -158.061
 171.428  130.300 -165.219
 173.452  132.120 -170.013
 176.506  145.183 -164.199
 173.299  145.794 -152.291
-169.294  129.840  178.907
 174.953  136.093 -174.200
-174.891  129.235 -164.831
 174.758  127.140 -164.465
 174.861  150.639 -177.863
-172.182  130.024 -175.936
-166.170  127.449  169.772
-174.418  130.941 -171.692
-169.992  137.888 -150.901
-170.447  149.711 -159.525
-177.336  140.454 -169.638
-170.172  144.511 -170.684
 175.182  125.281 -177.446
-177.709  131.426  172.121
 176.999  146.172  164.555
-174.885  138.385 -175.224
 177.066  150.833 -175.848
-167.815  147.040 -176.446
 169.525  133.097  179.615
-176.695  134.128 -171.418
-167.378  142.498  174.577
-179.457  138.944 -167.444
-178.956  137.706 -166.305
-167.656  151.954  176.373
-170.570  149.748 -175.077
-173.188  133.199  179.791
-161.422  137.448  164.633
 159.290  113.673 -158.601
 172.702  115.226 -156.576
-171.380  145.804 -162.441
-161.993  136.311 -164.598
 165.833  140.421 -159.916
 179.892  136.455  167.774
 172.812  125.021 -159.803
-176.152  126.959 -175.351
 179.429  133.982 -177.521
-178.440  142.126 -170.872
-165.427  127.503 -165.832
 175.398  139.397 -171.269
-173.802  130.222 -170.497
-175.116  141.406 -176.668
-178.606  138.519 -175.414
-177.995  140.969  176.537
-162.269  138.196 -174.879
-174.142  143.469  172.691
 177.571  136.175 -170.863
 175.852  123.735  173.962
-174.499  131.174 -172.248
-167.044  133.574 -173.525
 178.711  130.801 -166.606
-175.375  131.641 -162.507
 175.363  144.397 -164.675
-172.893  152.792  178.792
-174.634  135.830 -173.105
 166.913  123.930 -167.834
-158.419  132.567 -177.588
-176.844  134.753  178.407
-176.975  145.854  176.385
-173.166  146.941 -179.571
 179.251  150.339 -173.042
-178.847  128.776 -171.923
-179.576  135.541 -171.142
-174.430  135.070 -157.963
-176.541  155.462 -173.623
-179.090  141.704  176.506
 177.570  142.566  177.250
-170.673  145.080 -162.575
-175.236  130.902 -166.531
-173.903  125.886 -173.453
 176.500  146.919 -166.370
 177.462  128.946  176.472
 173.440  115.663 -174.584
 172.678  137.208 -176.339
-177.940  131.331 -165.082
-177.148  140.009 -163.683
 171.635  129.438 -178.698
 179.000  147.082 -171.874
-174.467  140.768 -157.839
-169.893  145.468 -161.131
-176.925  140.573 -168.846
 178.153  142.594 -165.516
-172.298  118.011 -170.910
-167.117  132.465  179.764
-177.983  131.125 -171.475
-178.214  134.926 -178.233
-176.506  136.609  169.612
-173.000  137.082 -177.488
-167.351  144.616  177.258
 176.370  131.434 -150.145
 176.623  139.755 -164.293
 176.467  124.783 -178.745
 179.221  143.825 -175.961
-173.615  138.756 -174.964
-175.551  142.594  173.630
 166.583  138.835 -174.772
-172.085  140.291 -172.842
-178.940  140.969  179.944
-169.123  142.507 -169.744
 178.458  138.806 -171.676
-173.619  130.654 -165.732
-168.824  124.515 -179.599
-166.850  139.103  177.510
 167.229  148.322 -169.979
 175.636  131.164 -157.952
 168.087  130.894  174.405
-178.615  143.773 -160.532
 177.953  137.003  176.795
-170.022  124.319  175.493
-174.971  136.584 -165.980
-169.371  124.670 -166.318
-169.924  158.813 -170.501
 170.502  135.759 -162.620
-161.774  148.498 -174.525
-179.249  146.915  175.993
-174.303  133.159 -173.883
 176.867  135.340 -169.652
-165.437  134.719 -172.022
 179.443  134.878 -176.177
-170.907  129.571 -168.750
 171.097  128.105 -162.454
 174.763  129.192 -165.774
-171.116  139.810  179.630
 172.916  144.365 -173.176
 178.383  146.521 -166.067
 177.053  138.834  177.908
-165.915  136.439 -174.306
-168.480  136.692 -170.930
-165.211  137.176 -168.330
-166.360  136.989  165.889
 176.310  140.165 -175.473
-174.057  135.111 -175.681
-163.820  144.574 -178.039
 178.546  134.654 -172.453
-175.819  128.002  174.249
-179.903  144.262 -172.459
 176.889  138.776 -161.955
 176.096  145.488  176.356
 169.841  131.655 -171.855
-171.919  133.489  178.954
 168.267  135.864 -171.817
 174.546  132.631 -174.624
