 -87.927  135.550 -176.626
 -84.019  137.266 -175.278
 -87.105  137.940 -171.533
 -88.109  138.408  169.831
 -92.697  138.144 -166.525
 -84.155  126.109  163.184
 -94.571  136.802 -173.093
 -82.948  140.343  173.733
 -89.279  132.780 -174.171
 -99.371  131.075  163.307
 -89.856  141.610  166.424
 -99.361  143.895  177.455
-101.816  139.158 -176.859
 -85.635  137.286  169.957
 -94.716  136.723 -166.296
 -80.518  131.108  158.070
 -97.899  134.549 -178.810
 -96.315  128.542 -179.944
-101.556  139.317  166.327
 -84.919  120.471  169.687
 -93.748  139.087  177.616
 -85.769  134.020 -161.053
 -80.731  128.171  175.615
 -88.737  136.297 -179.184
 -87.286  148.382 -178.188
 -92.409  147.512  174.556
 -80.278  129.758 -167.849
 -85.806  129.666 -166.230
-100.859  133.041 -174.884
 -89.262  128.001 -173.971
 -75.260  133.285  172.595
 -85.841  147.210  177.241
 -78.656  140.844 -165.184
 -96.103  140.492 -162.851
 -84.285  128.825 -175.966
 -84.923  133.359  177.662
 -70.117  142.684 -174.455
-104.351  127.378 -179.224
 -88.218  134.384  178.563
 -82.745  124.485  162.379
 -88.696  146.375 -171.582
 -84.736  132.164 -176.232
 -96.211  141.654  175.476
 -94.237  134.295 -175.864
 -75.012  151.430  175.711
 -88.869  142.554  164.431
 -89.458  157.694  152.168
 -89.756  122.440  178.038
-104.613  138.745  167.575
 -92.023  128.679  179.682
 -81.662  140.110 -174.949
 -79.841  143.069  176.772
 -80.749  133.737 -172.994
 -86.688  135.886  176.547
-100.790  135.976  167.016
 -76.648  146.942  173.337
 -94.433  118.567 -173.465
 -88.292  144.781 -154.114
 -86.031  135.927  172.813
 -93.063  130.950  179.384
 -80.680  134.460  167.051
 -83.264  141.270  179.510
 -86.942  131.929  175.031
 -76.346  123.268  179.055
 -77.914  120.705 -177.042
 -92.096  131.042  179.275
 -78.392  129.861  172.274
 -84.953  136.835  175.440
 -91.462  130.201  175.693
 -91.212  148.208 -176.894
 -84.433  138.147  171.447
 -86.690  121.746  172.349
 -83.420  137.673  177.589
 -76.550  150.353 -175.810
 -83.201  128.675  176.683
 -91.659  137.791  164.251
 -87.676  140.582 -178.847
 -88.595  132.991  164.118
 -73.218  135.611  162.318
 -86.001  132.916  170.034
 -83.656  135.036 -173.824
 -84.405  140.815  164.775
 -97.600  139.349  166.828
 -86.078  132.164  174.169
 -81.614  134.763  170.133
 -88.867  135.074 -170.552
 -81.852  144.026 -168.603
 -77.685  130.703  171.515
 -79.623  131.778  173.013
 -88.238  140.649  178.493
-101.576  131.742  178.685
 -74.656  130.444  174.839
 -85.652  146.596  179.440
 -89.156  128.903  175.830
 -85.530  128.237  169.063
 -80.990  128.134  178.477
 -80.190  141.934  179.892
 -86.793  140.072  169.788
 -92.070  131.007 -158.504
 -88.900  138.512 -171.933
 -86.753  138.629  174.723
 -91.848  142.661  173.021
 -90.531  138.637 -176.929
 -82.305  146.342 -168.519
 -91.870  135.932 -176.719
 -75.792  154.145 -173.862
 -87.224  139.202 -173.491
 -81.432  136.661 -170.538
 -87.500  135.831  167.950
-100.497  124.200  178.564
 -86.499  125.582  169.746
 -93.512  133.840  173.916
 -85.979  120.645  176.417
 -84.954  120.756 -176.957
 -85.345  128.489  172.751
 -84.452  136.718  170.801
 -91.695  148.123  177.864
 -87.356  136.097  177.817
 -99.587  137.158 -175.021
 -81.748  136.524  152.359
 -91.026  141.698  160.576
 -78.113  147.223  175.285
 -84.165  131.267  155.017
-108.599  128.441  165.676
 -92.838  129.163  179.747
 -93.954  135.522  178.181
 -84.555  125.290 -178.695
 -91.094  134.030 -171.174
 -93.987  134.891  171.629
 -83.307  147.894 -173.512
 -72.273  141.884 -175.637
 -84.195  134.807  177.538
 -89.103  126.413 -174.213
 -85.919  137.096  178.405
 -76.158  139.829 -169.161
 -90.420  139.660  179.747
 -79.752  140.935  173.387
 -82.838  135.272 -179.897
 -81.149  139.142  176.727
 -96.203  149.676  164.586
-102.935  138.077 -176.294
 -99.437  151.881  177.232
 -80.333  131.060  164.975
 -88.373  145.459  175.623
 -86.771  136.975  177.660
 -91.115  139.543 -177.792
-104.406  130.669 -170.967
 -84.048  139.194 -175.436
 -91.557  131.108  178.345
-103.259  133.108  176.932
 -74.837  139.738 -176.570
 -89.157  119.841  168.239
 -93.816  136.967 -175.865
 -84.480  143.331  154.128
 -79.695  131.000 -176.323
 -79.856  137.237  161.442
 -96.553  139.145 -177.704
 -89.149  122.247  169.147
 -86.681  131.314  163.062
 -82.194  124.601  171.427
 -83.197  133.975 -168.278
 -84.570  147.030  167.472
 -93.508  134.409  178.157
 -88.342  132.720  174.731
 -83.093  143.597  170.574
 -92.642  137.045  163.665
 -87.279  143.301  172.891
 -79.350  130.432 -175.347
 -97.395  124.725  151.227
 -98.890  126.575  177.128
 -72.998  131.024  164.657
 -93.774  130.924 -176.482
-101.356  132.505 -179.980
 -92.675  140.605  170.607
 -83.171  139.681 -166.175
 -85.876  135.173  164.657
 -83.905  130.328  179.797
 -97.625  129.107  168.711
 -86.336  127.531 -171.913
 -88.538  128.053 -164.135
 -91.974  128.486  160.047
 -78.540  142.697 -175.544
-101.405  125.946  172.714
 -93.307  146.637  176.259
-105.021  138.178 -171.080
 -94.221  125.226  161.890
 -89.947  134.527  172.491
 -83.631  142.940  169.241
 -93.602  137.509  168.560
 -94.015  131.108 -173.681
 -80.718  145.680  171.344
 -79.581  131.536 -164.141
 -90.238  128.831 -179.429
 -79.287  136.846  165.372
 -88.381  128.502 -178.521
 -86.759  139.169  164.563
 -89.231  127.955  175.120
 -90.336  132.616 -179.649
 -84.524  132.332  174.301
 -86.054  129.973 -179.483
 -79.505  135.901  175.069
 -87.864  132.919 -174.950
 -98.861  144.157  164.300
 -77.577  132.635  166.055
 -92.577  133.927 -179.290
 -87.154  139.328  173.163
 -93.754  141.395  169.302
 -82.580  139.098  173.258
 -86.487  121.569 -170.199
 -94.808  133.338 -164.378
 -90.872  149.269  179.601
 -94.629  149.079  169.434
 -76.021  128.334 -167.431
 -90.655  134.677  161.555
 -90.937  133.847 -174.909
 -78.906  137.182  164.490
 -89.528  147.303  170.048
 -88.608  133.155  175.973
 -81.888  123.865 -179.187
 -87.866  125.482 -155.723
 -79.164  132.929  178.535
 -85.919  144.457 -172.783
 -97.031  130.894 -179.622
 -83.956  140.019  177.699
 -85.439  138.233 -171.213
 -91.508  124.713  171.660
 -82.199  136.032  176.050
 -90.726  138.773 -179.526
 -88.069  120.340  176.704
 -92.733  126.045 -174.732
 -85.777  125.247 -179.450
 -83.704  136.462  178.991
 -91.740  121.364 -173.339
 -93.094  131.933  165.243
 -86.591  125.589  174.290
 -87.106  118.907 -169.909
 -94.038  127.846  175.666
 -95.044  132.959  178.058
 -92.471  136.040  176.101
 -96.696  131.498  179.568
 -79.735  137.815  179.314
 -90.892  145.141  168.084
 -80.775  140.203 -169.322
 -79.654  119.998  178.227
 -92.547  145.118 -179.102
 -93.157  137.477  168.739
 -82.717  139.834  172.796
 -71.336  143.882  160.337
 -89.906  142.716  178.243
 -77.615  139.570  166.342
 -84.795  135.517  160.572
 -86.481  142.591  175.703
-102.744  148.565  171.745
 -87.712  119.962 -178.641
 -87.005  135.875 -170.999
 -93.027  127.137 -177.980
 -91.402  146.071 -179.454
 -79.559  145.890 -172.946
 -92.442  129.855 -171.910
 -86.865  139.496 -166.985
 -84.081  129.960  169.399
 -84.520  133.321 -175.383
 -91.362  137.362  178.874
 -84.151  142.425  175.105
 -85.059  164.464 -171.164
 -82.662  122.535  166.771
 -89.891  142.447  176.623
 -81.969  134.027  178.941
 -73.286  146.958  178.220
 -98.906  138.426  167.357
 -89.868  142.032  166.220
 -86.541  130.268  164.436
 -87.502  124.420  174.172
-105.094  133.299  170.083
 -88.260  135.671  176.959
 -95.665  128.271 -171.633
 -80.200  142.304 -175.378
 -90.373  140.526  178.245
-101.046  125.358 -179.926
 -86.050  126.538 -175.518
 -85.447  130.557  170.687
 -82.981  144.023  164.819
 -96.471  147.530  174.327
 -72.191  128.564  176.784
 -90.782  148.968  177.662
 -81.332  134.833 -171.749
 -84.197  139.326 -179.544
 -90.704  140.235 -165.926
 -78.027  126.229  176.240
 -86.088  149.166  169.585
-102.136  138.724  174.203
 -71.196  116.139 -175.640
-106.440  140.775 -166.228
 -81.891  146.008  176.982
 -90.766  129.938  164.644
 -80.503  133.405 -172.001
 -87.433  139.355 -168.328
 -94.929  136.334 -160.437
 -71.697  127.576 -172.639
 -87.647  127.258  174.207
 -81.577  137.794  179.007
 -93.449  121.465 -173.718
 -86.298  142.499 -176.303
 -75.189  146.040 -154.637
 -89.385  145.777  178.570
 -77.711  135.754 -176.258
 -88.517  133.463 -176.624
 -99.555  137.704  163.474
 -85.572  130.745  179.606
 -81.532  132.117 -178.381
 -98.681  136.746 -179.112
 -79.641  135.466 -171.390
 -81.976  136.211  170.851
 -91.270  133.402 -164.983
-100.036  135.220 -174.995
 -87.239  137.533 -178.805
 -74.444  138.779  175.222
 -91.705  142.371  179.520
 -90.567  131.150 -163.261
 -90.978  126.713 -176.143
 -84.781  129.774  177.557
 -83.630  132.188  170.760
 -99.119  141.336 -168.414
 -91.424  132.530  177.445
-101.086  141.707  167.089
 -81.152  136.746 -176.627
 -93.095  139.322  173.954
 -80.998  132.741  163.486
 -95.940  131.717  164.508
 -92.298  151.877 -164.132
 -99.247  136.276  160.382
 -76.492  137.264  165.394
 -85.583  142.141 -177.988
 -80.492  128.191 -173.670
 -87.345  146.709  174.447
 -92.907  138.855  174.978
 -93.069  143.626 -176.935
 -94.655  135.275  177.383
 -92.405  150.915 -162.288
 -84.748  139.104  179.371
 -82.665  136.016 -175.047
 -99.934  138.960  177.228
 -84.524  131.444  167.814
 -77.728  131.230 -172.517
 -88.845  127.102  173.814
 -76.757  144.697  162.982
 -81.753  135.055 -170.995
 -78.504  135.628 -171.717
 -92.749  134.492 -168.872
 -92.135  133.972  173.342
 -75.853  126.659  150.149
-104.535  130.294  170.390
 -86.948  136.874 -159.139
 -76.097  142.828  175.628
-101.747  124.041 -175.849
 -85.348  137.606  168.680
 -91.555  133.964  172.389
 -73.416  144.769  174.305
 -82.809  131.996  161.759
 -81.968  138.583 -178.803
 -83.788  146.120 -176.363
 -85.766  147.098  156.069
 -90.706  142.432  171.823
 -79.624  140.565  175.228
 -86.390  129.536  165.602
 -98.693  135.467 -178.301
 -94.058  152.352 -152.850
 -88.604  132.937  165.540
 -98.852  135.188 -175.735
-100.811  130.296 -175.681
 -91.820  135.721  175.654
 -85.782  141.069 -165.146
 -99.677  135.562 -155.284
 -88.096  124.178  147.390
 -95.872  139.725 -178.957
 -88.837  130.714  174.857
 -84.574  126.358 -179.292
-102.349  139.083  178.269
 -93.950  127.410  176.502
 -93.040  143.107  172.836
 -80.638  129.059  170.285
 -81.753  133.839 -176.834
 -88.155  138.027  177.057
 -79.468  133.152  176.853
 -81.535  137.130  175.069
 -75.510  132.269  171.121
 -86.951  121.753 -180.000
 -81.397  133.933 -170.326
 -93.518  132.363  168.448
 -91.863  144.034  176.305
 -92.160  131.772  166.365
 -81.996  136.210  173.998
 -76.302  146.729  175.730
 -94.588  131.387 -172.573
 -75.317  134.667  161.444
-105.109  129.748  162.038
 -89.158  134.084  162.494
 -93.396  142.085  164.865
 -88.862  142.842 -179.914
 -86.543  138.841  159.998
 -91.328  123.473  178.349
 -78.454  127.718 -178.645
 -81.234  130.781  168.428
 -85.061  137.114 -162.897
 -91.991  133.599 -177.458
 -88.399  126.797 -171.646
 -89.404  136.425 -163.510
 -82.432  127.382 -163.742
 -81.412  133.336 -172.302
 -90.452  150.247  174.921
 -80.688  134.942 -177.519
 -88.679  128.410  175.575
 -80.016  140.739  171.847
 -89.869  138.839  179.185
 -87.107  142.967  178.918
 -84.729  127.635  174.995
 -90.415  134.118  171.319
 -86.837  123.279 -171.410
 -77.564  144.007 -174.119
 -73.447  150.173  171.268
 -81.509  134.236  171.914
 -87.232  131.648 -172.542
 -87.266  126.908 -176.393
 -92.553  142.149 -179.637
 -96.320  130.360 -169.852
 -88.076  132.430  171.901
 -71.467  139.454  164.559
 -93.052  144.409 -166.985
 -87.640  136.146  176.662
 -83.476  131.197  168.015
 -86.037  141.514  173.466
 -79.306  139.114  163.140
 -75.663  129.506 -178.264
 -86.110  144.391  173.972
 -97.961  147.360  168.752
 -78.102  136.512  178.115
 -84.650  140.702  178.737
 -98.151  134.747  163.166
 -77.342  122.429 -174.874
 -88.056  133.770 -168.344
 -81.091  145.566  166.310
 -76.844  141.685  169.003
 -90.287  134.920  172.244
 -97.839  141.884  169.814
 -89.338  128.311  174.790
 -87.728  131.023  174.640
 -88.028  135.953  174.911
 -92.546  132.136  170.632
 -80.958  133.319  173.401
 -85.128  128.184 -169.885
 -86.049  127.321 -170.290
 -83.652  134.426  177.460
 -93.219  154.338  173.415
-100.115  124.667  174.933
 -76.616  139.021 -176.946
 -87.275  154.773 -160.932
 -76.752  136.858  175.055
 -87.071  127.118 -178.944
 -80.220  127.041  172.627
 -84.797  136.572  178.292
 -96.639  148.186 -176.970
 -85.797  133.559 -179.393
 -92.275  149.249 -173.681
 -92.856  140.437 -171.764
 -78.835  148.628  178.112
 -84.702  117.570  169.282
 -95.280  141.783 -177.324
 -92.786  135.955 -177.041
 -99.482  145.877  175.481
 -94.200  123.298 -172.234
 -75.210  134.119  169.970
 -87.906  133.212 -166.491
 -88.843  144.797  179.027
 -95.767  131.564 -176.769
 -74.157  135.638  171.061
-112.376  139.865  159.724
 -73.145  143.719  178.081
 -94.754  140.706  178.679
 -91.510  124.487  172.948
 -78.797  153.180 -165.609
 -79.254  144.302 -177.793
 -89.636  130.264 -177.961
 -85.079  131.171  167.252
 -77.402  125.686 -175.604
 -80.634  143.097 -175.012
 -88.425  118.802  168.143
 -81.581  133.909 -179.466
-101.552  125.546 -177.966
 -81.540  135.091 -177.434
 -74.673  136.424  160.933
 -87.860  126.802 -178.593
 -92.046  138.154  166.097
 -94.160  130.762  174.125
 -86.084  138.141 -171.846
 -75.125  141.724 -174.820
 -80.875  128.728 -175.234
 -91.309  135.129 -169.174
 -90.755  138.233  177.743
 -84.527  144.173 -167.819
 -79.878  131.677  163.798
 -90.980  133.992 -165.046
 -85.656  134.268  174.167
 -78.089  130.229 -172.373
 -83.120  130.420 -178.993
 -89.416  128.894 -167.278
 -98.512  131.878  176.472
 -85.248  143.599  171.452
 -84.457  130.856  168.268
 -77.295  137.753  173.153
 -89.598  147.046 -175.936
 -84.806  134.289 -177.161
 -92.383  139.368  178.303
 -94.624  137.387  178.954
 -90.138  136.696 -166.870
 -83.062  154.854  161.755
 -87.201  138.140  179.478
 -93.437  134.414 -176.722
 -82.090  134.292  176.065
 -82.665  140.299  165.320
 -92.533  127.238  178.927
 -85.711  127.483 -167.285
 -86.340  134.249  165.656
 -92.476  136.033 -168.710
 -90.255  130.103  171.625
 -81.315  132.546  175.376
 -86.454  130.405  176.394
 -90.937  142.751 -179.467
 -83.819  119.866  160.932
 -90.004  127.710  177.661
 -80.720  134.648  178.506
 -75.110  139.698  172.941
 -96.662  143.230  169.870
-101.328  140.887  179.387
 -90.065  135.082  173.343
 -89.183  133.714 -167.841
 -88.948  133.204 -176.619
 -90.764  140.006 -174.876
 -95.066  138.996  172.648
 -92.934  142.934  173.411
 -90.103  140.279  168.018
 -87.226  127.498  167.872
 -92.747  139.654 -172.013
 -89.007  138.225 -175.002
 -86.958  139.151 -160.644
 -83.788  151.739 -179.399
 -83.480  137.219  173.666
 -87.706  147.543  178.293
 -93.014  148.392  178.286
 -85.947  136.195  152.108
 -71.154  131.547  174.636
 -73.465  139.501 -169.416
 -84.191  149.599 -171.294
 -82.272  141.024 -173.732
 -94.150  134.315 -160.903
 -93.293  132.893  168.103
 -80.969  137.165 -178.297
 -99.284  134.087  174.500
 -81.878  134.665  172.074
 -74.891  127.669  169.436
 -82.139  122.517  179.885
 -86.871  127.117 -166.479
 -89.898  150.904  179.340
 -94.849  139.919  169.462
 -81.211  145.168  161.966
 -85.951  133.551  164.465
 -88.741  129.489 -173.712
-108.183  136.465  178.401
 -97.938  124.748 -178.166
 -87.432  129.938 -179.695
 -91.810  146.326  175.564
 -90.165  135.633  170.548
-101.233  136.917  171.469
 -86.934  124.335 -176.599
 -90.936  138.058  179.285
 -83.818  136.008 -179.321
 -96.887  142.451 -169.996
 -83.362  145.495 -163.800
 -97.727  140.060 -177.094
 -80.409  144.803  171.123
 -84.971  131.937 -165.970
 -93.893  132.238 -171.167
 -98.663  153.093 -174.055
 -88.556  139.206  166.738
 -85.824  135.998 -179.722
 -94.518  152.206  169.565
 -91.706  137.656 -173.254
 -79.244  140.081  169.245
 -95.600  141.315 -176.594
 -87.254  138.820  158.040
 -86.311  124.821  179.381
 -92.238  130.784 -176.433
 -88.496  133.104 -175.764
 -88.476  139.818 -172.994
 -86.253  141.896  178.829
 -80.916  132.196  177.348
 -84.946  134.320 -176.698
 -88.573  144.382 -165.426
 -75.610  144.996 -172.186
 -79.905  135.968  166.871
-100.030  119.776 -177.816
-105.576  142.645  177.246
 -76.696  134.740  174.333
 -88.756  138.270 -164.120
 -81.547  145.892  171.911
 -81.269  151.317 -178.282
 -95.701  129.010 -152.260
 -88.582  140.859  163.419
 -90.797  140.413 -172.374
 -87.174  137.683  153.510
 -87.539  139.660 -179.592
 -84.556  132.268  170.858
 -96.775  137.264 -174.368
 -91.250  125.193 -172.068
 -89.078  130.620 -178.830
 -92.711  130.239  176.068
 -82.825  133.256 -171.597
 -90.009  124.710 -179.147
 -90.550  136.941  163.789
-104.075  128.598  179.926
 -95.008  145.431  161.408
 -85.595  139.248  176.268
 -85.207  129.282  166.732
 -90.010  132.087 -174.999
 -82.901  124.293  169.773
 -73.766  127.265  163.851
 -92.948  117.088 -176.787
 -87.304  150.879 -174.816
 -84.430  120.949 -176.792
 -88.182  126.786  172.463
 -90.095  117.711 -179.678
-104.597  149.198  177.973
 -97.111  146.657 -174.537
 -82.015  126.558  174.070
 -88.498  128.453  166.499
 -79.607  144.427 -179.972
-100.213  126.641  154.303
 -90.243  124.296  165.806
 -97.603  144.532  174.620
 -76.185  139.526  170.100
 -94.637  138.202 -178.288
 -88.779  132.287 -179.764
 -92.630  134.464  176.748
 -85.481  130.132  176.010
 -77.874  128.062 -167.671
 -82.071  137.178 -176.075
 -91.358  134.363 -177.013
 -81.130  141.593  165.919
 -87.525  139.848 -178.690
 -91.999  127.322  166.856
 -81.909  136.933  154.883
 -88.934  137.337 -166.743
 -82.861  121.829  175.734
 -90.100  131.137  176.608
 -91.042  133.078 -164.058
 -93.869  135.359 -171.649
-102.526  124.142  166.013
 -91.534  143.765 -179.867
 -80.519  137.206  175.703
 -95.451  129.076 -179.379
 -83.929  131.143 -168.085
 -79.280  132.860 -169.098
 -85.185  140.430 -171.440
 -98.740  141.547 -174.200
 -88.361  123.104  173.576
 -86.722  138.834  175.050
 -81.829  132.133  173.372
 -87.680  141.939 -165.764
 -76.430  141.506  165.030
 -92.052  134.159  174.295
-104.505  132.811  175.307
 -84.133  126.680 -164.669
 -70.752  122.724 -175.182
 -89.221  129.199  172.271
 -94.476  137.786 -171.502
 -78.229  128.558 -178.133
 -93.800  119.472 -170.570
 -83.557  134.346 -179.972
 -93.179  124.090  168.547
 -89.496  141.980 -174.282
 -87.104  125.476  178.494
 -85.028  130.279  172.086
 -91.500  140.844  158.740
 -85.884  123.487 -176.547
 -87.227  131.201  164.351
 -77.495  142.046  179.793
 -96.432  131.995 -173.502
 -94.220  135.844 -179.567
 -96.114  138.767 -174.881
 -93.880  134.150  172.613
 -86.044  124.860  156.653
 -85.580  139.535  160.367
-103.335  149.513  171.200
 -86.982  125.020  172.601
 -76.845  138.948 -177.167
 -90.696  127.865 -161.122
 -85.600  144.487 -170.387
 -82.085  143.813 -175.798
 -87.329  133.779 -174.523
 -91.337  135.482  166.667
 -82.707  131.808  171.556
 -84.200  134.326  162.372
 -80.893  127.633  171.990
 -83.591  153.356 -169.797
 -85.310  141.976  164.806
 -93.745  130.410 -177.878
-102.880  131.604 -175.143
 -78.993  134.750  167.117
 -95.849  154.676 -167.544
 -90.515  128.679 -164.176
 -83.337  145.116  167.427
-109.104  131.171 -175.631
 -97.346  132.297  177.984
 -83.197  128.991 -175.485
-101.642  133.292  174.861
 -80.145  142.304  173.394
 -78.940  133.847  162.043
 -89.975  151.347  179.195
 -90.228  156.713  176.486
 -93.822  133.244  179.766
 -93.049  139.820  179.592
 -92.406  127.010 -169.663
 -81.499  128.437  178.970
 -77.892  140.817  169.094
 -96.048  123.141 -170.108
 -86.150  140.017 -175.281
 -77.855  144.236  178.945
 -74.336  125.966 -178.942
 -86.382  139.449 -176.819
 -77.455  134.461  177.512
 -86.377  134.888  169.528
 -87.528  125.682  176.001
 -86.209  146.372 -169.279
 -88.652  151.719  178.764
 -80.037  132.608  164.713
 -92.884  145.136 -173.244
 -90.247  133.897  178.408
 -80.619  129.307 -179.425
 -97.478  127.108  176.443
 -83.495  137.824 -168.735
 -91.297  132.089  167.254
 -91.205  133.080  177.568
 -88.978  133.590 -161.843
 -76.289  138.133  174.424
-100.283  146.373  179.564
 -86.858  123.177 -174.237
 -84.371  143.732  164.919
 -78.011  141.341 -173.870
 -88.082  126.562  159.102
 -79.239  141.758  171.810
 -74.273  135.131  162.156
 -85.945  124.923  176.451
 -91.353  123.063 -176.742
 -94.841  131.380 -177.105
 -85.640  139.789 -174.458
 -85.326  133.594 -179.224
 -86.350  144.236  167.699
-102.129  143.237  174.265
-110.692  137.022  173.680
 -88.464  132.877 -176.744
 -89.288  121.072 -166.257
 -76.221  133.730  174.797
 -85.275  133.477  178.853
 -78.668  135.024 -173.283
 -86.308  132.367 -171.334
 -86.121  120.804 -179.003
 -82.652  133.641 -164.151
 -86.788  128.910 -166.297
 -94.141  136.882  178.963
 -86.350  134.266  179.626
 -89.955  130.362  178.041
 -95.084  132.581 -177.347
-102.996  142.091  171.107
 -90.584  132.173 -168.324
 -86.020  135.187  179.319
 -97.956  139.737  158.377
 -88.192  124.088 -177.434
 -89.650  126.640 -163.231
 -90.940  130.068 -173.243
 -83.265  124.311 -179.273
 -88.371  125.511  179.929
 -88.570  124.762  154.709
 -82.574  141.714  165.697
-100.559  126.743  167.203
 -93.593  144.404 -177.716
 -94.634  146.396 -173.120
 -94.763  131.422  179.470
 -94.521  131.859 -179.431
 -71.563  144.068 -174.939
 -83.296  140.392 -172.820
 -89.208  132.883 -174.505
 -77.749  137.874 -172.568
-102.314  143.864 -169.544
 -72.106  136.678  172.100
 -96.863  138.693  171.552
 -96.633  138.483 -179.687
-102.290  132.501  174.673
 -98.344  130.190 -177.410
 -78.084  135.329 -173.747
 -93.975  144.106 -179.013
 -79.141  122.482  162.401
 -78.801  136.630 -176.697
 -74.503  142.506  171.890
 -99.759  133.057  175.893
-109.251  148.371  170.017
 -90.635  126.128  175.967
 -74.064  136.805 -160.375
 -86.388  126.246  166.934
 -94.900  136.199  168.949
 -89.828  128.370  168.154
 -97.790  127.162  176.045
 -91.683  145.809  170.940
 -91.142  128.500 -177.076
 -99.183  137.721  170.277
 -91.541  122.972  170.087
 -81.942  147.551  178.833
 -91.746  153.833 -178.653
 -77.180  144.051 -179.567
 -92.916  129.346 -157.404
 -90.191  131.060  174.230
 -85.119  138.247  162.790
 -89.766  136.351 -174.174
 -83.450  117.885  175.655
 -89.729  131.719  174.826
 -76.745  131.279  174.394
 -77.822  127.389 -174.266
 -82.962  146.462 -178.412
 -85.030  139.578  172.966
 -85.632  135.029  172.233
 -95.188  125.434 -179.115
 -91.294  116.030  165.480
 -76.663  127.670 -179.274
 -81.226  125.980 -169.201
 -90.583  134.039 -169.095
 -87.290  125.676  175.686
 -83.526  125.498  165.839
 -87.657  140.833 -166.395
-100.891  129.204 -171.739
 -78.013  134.294  169.803
 -89.913  133.323 -176.776
 -87.584  137.073 -165.896
 -94.738  143.984  178.124
 -77.803  136.409  178.042
 -99.242  133.475  170.963
 -91.536  134.710  163.872
 -84.329  140.639  145.945
 -81.435  149.316  158.197
 -92.216  128.719 -179.353
-102.660  137.295  177.856
 -99.727  134.694  173.452
 -87.743  148.778 -174.162
 -97.231  126.970  162.925
 -85.347  144.882  160.418
-100.036  136.274  172.999
 -91.814  132.316  179.096
 -80.007  143.023  178.774
 -66.400  145.404  174.163
 -84.407  134.532  172.164
 -93.073  140.245 -178.617
 -94.596  133.677 -169.733
 -88.867  128.284  176.373
 -98.421  134.308 -178.915
-104.668  136.021  173.660
 -79.935  141.309  171.148
 -94.103  117.173 -175.255
 -86.913  138.746  162.807
 -85.130  141.744  168.422
 -92.295  146.748  176.434
 -82.862  141.939 -176.977
 -85.250  126.471  173.537
-101.367  140.251  177.532
-111.817  134.128 -167.968
 -91.499  132.177  176.731
 -91.803  134.513  162.929
 -98.897  149.307 -169.143
 -83.875  126.460  167.866
 -88.380  127.537  165.099
 -90.347  130.203  176.421
 -81.136  135.429  170.842
 -88.223  133.237  178.431
 -87.591  133.421 -175.177
 -90.577  134.085  179.813
-100.810  134.839  165.540
 -95.553  144.194 -171.931
 -91.311  151.301  178.215
 -73.071  136.210  174.508
 -98.655  139.037  172.607
 -71.133  138.227  165.833
 -99.785  134.628  175.186
 -79.228  144.106  165.028
 -89.432  132.593 -177.034
 -93.723  148.463 -173.699
 -92.063  138.773 -176.282
 -78.066  136.256  174.636
 -89.029  133.702  177.099
 -89.907  143.645 -178.222
 -65.779  140.059  171.972
 -97.639  129.950 -172.779
 -88.573  125.199 -175.964
 -82.346  136.673 -171.508
 -77.735  135.271 -174.230
 -86.140  133.376 -171.921
 -89.277  134.969  171.162
 -94.732  146.284  172.337
 -68.296  123.042 -176.011
 -81.740  124.483  172.298
 -74.963  136.290  158.529
 -90.886  134.367  178.068
 -78.401  135.472 -178.315
 -94.922  129.599 -178.546
 -72.303  148.184  176.678
-112.096  112.913 -178.245
 -78.245  125.812  156.885
 -97.548  139.826  173.281
 -98.708  127.301  177.213
 -90.746  120.751 -179.220
 -93.398  146.413 -176.273
 -85.163  142.920  172.537
 -87.878  129.821  167.870
 -84.015  133.035  148.091
 -76.546  138.162  177.489
 -97.125  127.341 -157.430
 -91.395  134.499 -169.592
 -83.096  137.508  173.972
 -80.020  129.055  171.396
 -81.326  126.369  163.053
 -86.394  129.161 -172.809
 -78.455  146.827  177.399
 -89.104  146.703 -176.307
 -90.191  144.804  177.848
 -80.430  141.728 -172.692
 -85.525  136.936 -175.590
 -78.414  129.501  177.215
 -81.186  139.048 -175.006
 -84.920  128.492  176.457
 -90.087  140.095  179.418
 -81.260  136.423  165.888
 -87.078  131.847 -179.259
 -75.808  150.395  172.449
 -89.624  125.979  167.226
 -85.223  122.966 -164.439
 -81.374  139.918  178.891
 -95.431  139.992  173.811
 -77.149  142.653  173.735
 -94.690  111.777 -172.281
 -75.981  136.763 -177.267
 -93.972  138.345  173.082
 -76.137  145.454  177.908
 -82.350  137.678 -167.792
 -80.930  132.148  175.721
 -89.311  125.942  179.687
 -91.788  132.229  178.222
 -84.395  130.156 -178.458
 -77.742  138.730 -178.094
 -88.762  138.524  179.441
 -96.957  126.031  169.400
 -88.208  137.199 -177.261
 -86.932  127.604 -165.327
 -88.790  128.836  172.909
 -89.433  142.516 -179.738
 -95.691  138.110 -179.406
 -93.256  132.979 -176.892
 -94.078  136.581  178.109
 -97.496  145.651  170.216
 -93.055  141.449  176.677
 -80.962  130.072 -179.253
 -88.194  131.377  178.393
 -92.403  147.042  175.177
 -79.447  135.024  168.255
 -88.097  129.019 -172.637
 -70.889  143.359  164.636
 -86.551  133.123 -174.807
 -82.941  141.787 -174.887
 -83.729  133.444 -179.237
 -84.764  128.487 -162.697
 -89.549  140.809 -176.535
 -78.668  143.777  171.806
 -89.282  135.994  179.015
 -98.961  134.149  178.003
 -86.866  146.200 -176.508
 -94.865  132.757 -165.053
 -91.657  142.449 -176.280
 -84.665  130.539 -176.417
 -72.643  131.223  166.587
 -85.243  143.429  168.192
 -94.896  137.633  170.568
 -86.365  125.273  176.138
 -82.175  134.170  171.995
 -83.885  153.366  171.230
 -83.725  131.702  170.256
 -85.757  135.077 -171.007
 -95.479  133.872  179.828
 -86.723  131.516 -178.553
 -79.410  135.884 -178.916
 -81.392  130.366  179.743
 -83.449  146.433 -168.164
 -93.155  151.079  179.277
 -72.681  144.135 -174.024
 -95.638  129.144  172.783
 -87.227  136.583 -177.770
 -66.576  140.084  168.413
