 -83.405  147.498  170.863
 -66.731  124.896 -175.197
 -74.179  143.540  161.843
 -81.154  132.231 -166.099
 -83.215  141.433  170.565
 -83.507  137.304 -177.224
 -71.184  137.235  153.607
 -78.816  140.374  165.894
 -81.253  128.642  158.218
 -76.246  125.427 -176.722
 -69.424  131.873  174.128
 -76.214  135.794  164.891
 -79.840  129.839 -164.269
 -73.273  132.552  172.094
 -69.587  148.419  174.857
 -75.868  145.775  178.783
 -77.424  138.316  173.079
 -82.640  142.589  174.803
 -70.117  123.649 -179.934
 -68.848  125.933  169.278
 -72.803  135.928  170.723
 -73.181  150.486  175.314
 -83.964  140.404  178.058
 -80.879  140.431  173.961
 -67.747  145.588 -175.181
 -75.136  135.562  163.842
 -81.084  142.186  154.964
 -83.546  140.267 -176.263
 -78.401  119.477  171.707
 -78.586  140.884 -177.791
 -73.993  141.739 -166.876
 -79.992  122.623  176.921
 -72.940  140.524 -166.683
 -77.322  143.269  164.216
 -84.348  136.920  175.203
 -79.462  139.814  168.828
 -68.499  130.644 -173.596
 -68.694  127.832 -170.438
 -84.108  137.604  165.812
 -69.194  133.642  173.995
 -92.166  144.401  172.515
 -79.400  126.441  168.073
 -68.223  132.549  169.514
 -69.578  131.613  179.845
 -75.478  128.750 -171.616
 -83.719  133.116  176.161
 -79.061  129.441  167.962
 -64.807  130.065  178.175
 -73.432  119.625  174.693
 -76.952  143.091  178.423
 -76.247  134.313  164.395
 -71.835  138.073  170.072
 -65.152  126.254 -177.849
 -86.605  129.105  170.395
 -73.230  140.101  171.729
 -78.655  126.019 -177.493
 -78.209  133.786 -179.405
 -81.241  147.746 -174.510
 -74.304  148.602  170.733
 -84.185  139.771 -175.513
 -73.458  122.839 -176.668
 -77.117  139.733 -173.767
 -66.811  123.248 -175.288
 -87.143  133.618 -166.664
 -75.810  118.918  174.421
 -78.037  127.614  178.447
 -77.635  128.376  178.472
 -74.917  120.883  172.101
 -66.255  128.673  179.551
 -84.392  138.624  176.048
 -65.293  131.897 -174.089
 -88.267  142.116 -177.421
 -76.786  130.903  170.865
 -81.754  126.162  174.235
 -81.231  130.787  173.201
 -79.083  123.084  156.575
 -72.428  143.054 -175.688
 -63.207  129.609  168.464
 -74.948  143.152 -169.651
 -74.620  131.401 -178.119
 -93.166  139.609  178.672
 -72.233  126.011  165.801
 -88.794  122.240 -179.799
 -77.319  136.040 -173.424
 -63.827  141.051 -176.886
 -79.903  125.207  166.097
 -88.647  130.245  179.010
 -67.278  131.626 -179.834
 -76.628  141.706 -168.415
 -78.217  142.245 -170.169
 -65.132  134.350 -177.930
 -78.578  136.312 -168.188
 -80.641  124.163  176.584
 -67.260  135.447  178.165
 -75.373  118.957 -167.374
 -70.987  129.623  178.523
 -66.432  135.950  176.941
 -71.330  133.753  175.460
 -89.762  133.505  163.663
 -76.151  128.957  162.613
 -79.613  123.757  164.877
 -80.025  131.743 -178.544
 -77.742  132.832  176.427
 -81.893  136.437  163.976
 -57.714  145.324  170.315
 -69.708  116.343  179.885
 -74.833  150.228  161.498
 -76.887  133.753  175.576
 -73.661  140.481  167.477
 -74.786  139.438  175.436
 -72.951  134.446  167.076
 -75.264  140.740  177.136
 -74.147  136.011 -165.351
 -63.795  147.290 -173.419
 -85.293  134.402 -175.604
 -69.282  130.697 -176.936
 -69.474  137.695  176.298
 -84.346  147.401 -173.332
 -66.117  125.609  172.684
 -77.388  129.144  168.826
 -77.638  122.518  177.841
 -76.037  148.545 -178.977
 -67.588  139.002  176.523
 -81.108  136.973 -178.159
 -68.216  144.939  167.666
 -73.453  144.052  168.279
 -83.289  130.162 -171.851
 -83.227  121.445 -178.277
 -66.315  142.935  166.383
 -73.458  137.689  172.957
 -64.860  141.933 -175.196
 -65.817  141.195  163.073
 -65.387  150.508 -172.053
 -63.284  130.062  175.317
 -71.409  133.118  179.793
 -80.043  139.920  174.615
 -79.042  140.095  169.147
 -80.181  145.156 -175.822
 -70.696  128.585  173.911
 -67.613  145.894 -174.862
 -73.511  134.125 -179.084
 -70.151  135.632  177.349
 -80.945  131.770  162.068
 -67.216  146.412  169.016
 -78.771  136.561 -175.998
 -83.498  129.847  177.112
 -81.757  144.965  173.424
 -78.211  130.723  177.227
 -65.032  134.690 -168.896
 -59.031  139.760 -174.110
 -72.424  134.774  171.020
 -65.624  129.217  177.375
 -78.581  130.810  172.604
 -80.844  132.081  167.838
 -68.914  137.532  157.044
 -71.797  136.029 -178.024
 -74.312  144.440 -177.238
 -82.665  138.102  168.120
 -72.692  122.652  171.379
 -92.113  142.883  174.608
 -92.492  138.026 -172.502
 -91.233  136.417 -177.625
 -61.359  142.666  177.509
 -61.114  145.380  174.943
 -78.807  140.212  171.410
 -79.097  126.786 -177.595
 -73.286  121.872 -176.955
 -78.651  134.072 -175.141
 -75.215  156.061 -168.455
 -76.939  140.671  167.686
 -72.389  130.068  178.602
 -74.702  132.129 -170.671
 -58.656  134.387  176.431
 -70.818  143.854 -179.554
 -72.851  139.730  157.078
 -68.487  126.171 -171.235
 -72.481  141.728 -166.680
 -74.362  138.175  178.950
 -76.482  136.303  171.165
 -72.764  139.586  172.046
 -93.671  137.362 -175.368
 -80.460  128.879 -172.590
 -67.810  145.850  166.843
 -71.078  129.279 -179.430
 -68.389  128.969 -175.890
 -79.483  129.818 -179.921
 -74.325  130.426 -173.297
 -73.269  129.363 -171.321
 -81.109  137.302 -172.097
 -80.036  139.969  171.031
 -70.744  132.283  176.481
 -66.112  134.143 -177.606
 -71.049  124.239  179.059
 -77.473  141.818  160.941
 -83.884  141.188  174.039
 -69.414  123.143  178.169
 -78.055  125.718  178.273
 -87.625  127.333  172.002
 -81.087  127.652  178.900
 -73.558  132.236 -168.674
 -70.224  119.688  178.886
 -87.416  131.595 -178.871
 -73.887  156.160 -169.026
 -74.347  138.832 -176.226
 -79.051  145.673 -177.471
 -82.103  121.208  171.658
 -66.881  133.618  169.752
 -73.128  133.624  168.949
 -88.770  137.066  178.337
 -87.692  132.962 -168.243
 -91.395  142.614 -164.096
 -90.205  118.059  171.774
 -77.257  139.137 -178.323
 -65.929  128.425  167.790
 -72.049  142.391  163.995
 -65.588  133.577  166.742
 -82.224  145.878  175.134
 -73.594  123.223  174.049
 -69.911  137.170 -170.155
 -78.287  133.474  164.889
 -65.469  132.613  175.395
 -86.820  144.298  177.348
 -71.795  143.233  172.651
 -76.714  136.588  160.740
 -80.157  137.050  175.684
 -62.127  129.879  166.078
 -81.338  141.040 -177.222
 -78.929  143.881  175.531
 -75.599  123.651  175.736
 -67.005  125.147  160.092
 -62.230  148.216  169.362
 -71.807  127.773  172.371
 -77.178  126.715 -176.531
 -62.438  141.109 -174.208
 -66.910  134.311  153.907
 -75.050  127.956  175.629
 -75.141  124.253  178.557
 -73.079  141.795 -179.709
 -76.377  132.950  175.225
 -79.836  138.065  174.742
 -74.639  141.895  171.585
 -62.783  128.414  165.195
 -62.596  137.595  170.366
 -86.122  134.210  176.643
 -74.873  140.850 -172.855
 -79.606  128.349 -173.868
 -84.282  136.580  177.743
 -77.275  119.368  165.218
 -71.812  146.481  167.893
 -87.882  123.713  168.613
 -64.119  149.622  170.731
 -87.352  137.519 -156.099
 -62.600  134.738  164.866
 -67.550  149.027  177.466
 -80.457  139.287 -179.952
 -84.983  137.228  179.204
 -68.300  130.075  178.268
 -78.491  129.806  176.518
 -56.867  144.546  171.288
 -56.970  127.332 -177.581
 -78.869  131.526 -176.371
 -82.361  131.026 -168.366
 -72.682  132.889 -175.955
 -72.351  136.298  178.191
 -71.534  130.128 -171.301
 -90.938  134.299 -165.748
 -82.446  138.039  177.958
 -64.855  132.437  179.484
 -68.405  138.888  170.439
 -77.761  138.039  177.203
 -77.508  148.269  169.804
 -85.500  131.500  173.882
 -79.251  136.946  173.230
 -75.034  138.098 -153.188
 -77.261  132.027  165.213
 -67.045  136.132  172.846
 -69.809  138.685  157.542
 -75.010  117.255  167.290
 -67.486  143.747  169.647
 -81.407  136.418  161.385
 -74.890  135.045  179.966
 -74.637  131.866  169.577
 -74.984  124.031  170.263
 -73.972  134.785 -174.729
 -64.697  134.786  172.857
 -87.036  140.227  156.754
 -73.712  136.936  172.363
 -60.275  134.393  164.959
 -70.391  119.760  156.427
 -71.357  129.511  175.393
 -82.814  130.661 -172.096
 -75.699  128.903 -175.958
 -88.264  134.399  176.981
 -77.171  143.529  175.653
 -68.952  126.553 -168.025
 -70.673  127.438 -179.215
 -75.471  126.579  173.327
 -79.424  144.219 -173.644
 -73.834  151.979  161.913
 -73.792  128.952 -176.578
 -80.412  136.056  170.291
 -77.356  145.188  168.275
 -70.736  143.963 -173.669
 -77.768  127.205  179.345
 -77.083  121.172 -178.280
 -72.542  136.020  165.386
 -70.131  136.862 -174.367
 -59.755  125.817  174.273
 -72.963  122.465 -178.593
 -74.026  131.469  170.629
 -76.502  134.825  176.436
 -66.150  132.272  171.859
 -63.153  132.357  171.451
 -71.317  136.332 -171.495
 -63.103  127.330 -179.625
 -67.628  122.220  172.444
 -73.118  122.010  176.590
 -69.822  130.559  168.492
 -76.576  140.618 -178.319
 -85.202  134.685  176.536
 -69.481  125.569  171.456
 -67.671  146.768  169.393
 -76.718  144.231 -166.381
 -74.633  130.803  173.722
 -66.201  145.960 -176.238
 -77.710  136.609 -177.917
 -76.571  133.738  169.497
 -74.852  129.544  172.021
 -62.601  117.132  179.197
 -77.641  133.182  170.455
 -67.083  141.652 -169.372
 -63.175  122.205 -179.774
 -66.728  135.715  171.137
 -79.430  129.937 -174.976
 -78.877  131.448  173.830
 -72.704  147.304  172.970
 -73.446  144.188  165.698
 -84.926  137.826  174.886
 -85.682  131.481  176.205
 -72.533  128.505 -169.603
 -71.560  141.039 -177.660
 -75.167  138.976  175.242
 -76.221  131.958 -178.062
 -79.981  134.631  178.646
 -86.793  138.288  169.972
 -75.522  141.539 -174.879
 -73.897  129.363  173.868
 -79.349  127.957  166.336
 -83.995  131.804  174.631
 -76.097  146.179  157.919
 -76.686  126.716  163.706
 -76.929  128.166  168.479
 -66.194  134.603  173.337
 -83.031  126.685  177.094
 -71.510  149.611  175.788
 -68.708  136.445  164.437
 -78.362  136.091  161.833
 -72.654  144.030  164.404
 -68.838  132.218  173.560
 -80.960  140.783  179.501
 -77.882  132.026 -178.899
 -70.010  130.121  172.928
 -70.623  136.156  168.929
 -79.169  128.142  172.307
 -76.053  135.640 -176.360
 -64.935  128.358 -167.133
 -87.088  132.315  176.396
 -63.060  140.860  174.198
 -81.179  148.498  150.513
 -65.357  133.040  166.948
 -65.803  133.022  171.483
 -73.551  138.767 -178.928
 -84.700  134.099  179.606
 -70.943  126.213  172.495
 -78.276  138.156 -173.325
 -64.203  128.836 -172.738
 -75.383  137.755  167.198
 -82.589  136.790  169.915
 -84.825  138.574  177.600
 -68.301  134.310  177.962
 -62.591  138.464  174.301
 -84.410  124.735 -177.520
 -75.918  136.680  177.064
 -72.235  134.149  175.611
 -59.363  129.816  171.951
 -77.292  132.527  171.284
 -70.191  156.040  172.823
 -71.646  124.037  179.660
 -72.190  129.883  177.713
 -64.834  136.503  168.526
 -78.547  137.814 -168.598
 -59.748  129.067 -174.847
 -69.483  128.614  165.026
 -81.987  137.014 -173.679
 -86.187  130.591  166.119
 -70.194  138.765  161.822
 -89.954  141.349  166.542
 -72.658  132.734  174.378
 -77.494  130.738 -176.342
 -69.436  132.194  162.300
 -70.938  149.800  169.723
 -72.086  141.069 -179.360
 -59.589  141.052 -170.162
 -77.639  137.978  179.484
 -72.438  136.161  164.992
 -76.956  139.495  175.754
 -74.109  129.787 -176.982
 -60.850  137.895  174.684
 -64.178  126.675  155.800
 -87.263  142.353 -179.867
 -76.720  127.917 -179.923
 -79.530  127.690  169.803
 -77.575  132.262  173.274
 -76.197  147.384 -178.808
 -81.897  135.955  172.591
 -80.663  136.017  169.127
 -66.511  122.469  177.495
 -74.727  138.625  176.551
 -85.367  125.918  174.260
 -79.123  121.202  174.553
 -73.787  134.000  173.732
 -72.544  148.331 -175.648
 -77.763  127.059 -178.448
 -70.142  124.923  168.255
 -72.581  130.435 -172.305
 -53.797  144.835 -179.230
 -80.044  143.324 -168.818
 -86.539  142.444  159.356
 -77.958  140.614  169.522
 -77.410  147.630  175.925
 -70.278  134.518  171.424
 -91.365  145.467 -176.883
 -71.134  140.912  168.183
 -73.982  128.329  161.066
 -75.156  132.402  163.101
 -77.695  128.850  170.350
 -74.385  129.405  158.567
 -80.870  148.065 -176.472
 -74.280  133.988  174.670
 -78.177  148.815  178.374
 -75.502  147.983 -176.368
 -69.682  136.824 -176.729
 -68.709  134.072  159.520
 -79.933  138.284  168.283
 -79.290  139.665  169.278
 -81.542  129.035  171.013
 -78.123  126.273  170.941
 -76.123  132.715  178.439
 -73.052  133.007  171.396
 -66.555  145.293  177.830
 -66.610  131.372  177.628
 -73.363  154.222  172.120
 -69.594  124.860  162.511
 -82.283  135.866  165.602
 -78.785  140.397  163.113
 -81.098  126.108  171.392
 -83.473  139.050  161.486
 -88.943  137.601  176.617
 -69.966  143.770  171.555
 -68.766  145.096  170.202
 -81.568  141.215 -179.482
 -74.193  129.268  166.231
 -73.099  132.337  173.790
 -73.065  127.425  179.851
 -66.180  133.721 -177.258
 -66.135  132.387 -167.004
 -50.922  134.118 -173.838
 -79.805  143.649  168.430
 -65.637  129.496  165.689
 -79.568  141.217  167.702
 -80.107  123.268 -179.436
 -67.673  132.000  161.274
 -77.290  144.734 -177.415
 -78.650  135.314  166.270
 -72.541  111.292  172.030
 -80.073  138.941  162.732
 -75.465  138.848  169.099
 -70.110  123.716  171.198
 -85.569  138.904  169.756
 -81.984  126.461 -148.375
 -66.484  130.541  171.824
 -83.897  132.087  170.295
 -70.375  137.446  162.363
 -74.898  138.051  170.802
 -75.747  143.749  167.047
 -76.988  138.011 -177.051
 -70.923  139.803  165.916
 -88.764  137.670  172.255
 -62.369  132.812  173.425
 -74.768  140.277  174.797
 -65.527  135.829  171.392
 -67.878  142.996  166.269
 -67.306  136.252 -172.532
 -71.802  132.178  173.327
 -76.981  136.413  176.737
 -81.121  140.606  167.151
 -75.677  136.288  173.297
 -77.955  132.824  174.609
 -77.433  142.688 -162.122
 -82.287  132.077 -159.025
 -55.061  133.387  171.882
 -55.637  131.376  174.982
 -62.506  135.091  176.405
 -78.929  122.855 -176.127
 -92.620  139.474  175.468
 -65.135  150.210 -179.980
 -57.262  127.332  158.792
 -74.070  137.007  177.912
 -71.880  132.639 -173.123
 -78.280  146.754 -176.098
 -81.145  144.221  175.404
 -65.235  128.180 -168.984
 -72.762  134.863  161.152
 -82.186  130.095 -176.223
 -72.063  140.470 -177.412
 -76.169  137.709  178.384
 -78.728  136.959 -176.399
 -72.957  127.167  171.216
 -77.860  145.440  172.329
 -82.924  133.213  178.302
 -81.977  141.689 -174.121
 -68.267  134.703  179.746
 -52.566  137.653  167.292
 -84.717  140.733  179.297
 -84.113  136.915  170.461
 -74.181  144.683 -174.905
 -67.956  129.240 -163.978
 -73.021  120.549  176.893
 -68.444  136.407 -177.887
 -84.808  140.527  179.518
 -74.568  138.466 -177.423
 -79.340  140.206  171.566
 -70.456  142.886  176.185
 -72.720  145.585 -170.818
 -73.411  135.898 -167.827
 -84.396  131.145 -171.304
 -75.453  127.356  177.904
 -71.547  148.490  163.882
 -72.378  141.288  172.718
 -84.373  134.645  175.022
 -66.219  138.574  175.352
 -80.061  135.643  173.475
 -72.650  126.892  159.048
 -68.456  138.997  170.507
 -66.329  139.135  168.484
 -58.581  139.693  175.139
 -71.857  146.835  166.576
 -83.598  129.760 -175.501
 -66.120  123.898 -179.028
 -84.689  141.756  174.252
 -73.928  149.155 -173.415
 -59.243  133.466  145.522
 -68.129  130.148 -166.992
 -72.827  128.897  172.345
 -71.150  130.868  153.264
 -67.796  130.492  167.206
 -69.159  149.893 -176.755
 -65.656  135.865 -169.144
 -75.150  126.977  177.790
 -79.076  135.956  178.936
 -68.356  133.949  172.408
 -74.010  127.338 -175.322
 -65.971  136.526  170.542
 -78.249  128.368 -177.044
 -79.360  131.917  169.807
 -74.733  116.938  169.466
 -73.238  137.851 -172.120
 -81.267  128.886  161.877
 -84.855  120.236  174.026
 -77.064  133.335  174.819
 -66.131  139.112 -179.711
 -71.246  138.461  175.534
 -68.477  134.920  163.343
 -74.585  139.769 -176.420
 -76.155  143.405  164.402
 -68.606  127.633  160.752
 -72.728  136.099 -178.483
 -80.941  139.824  175.629
 -80.486  140.889 -166.573
 -66.307  141.660  169.605
 -67.479  131.832  175.924
 -72.855  128.073 -176.354
 -69.547  144.447  169.432
 -79.126  140.466  173.027
 -73.306  134.987 -176.142
 -69.301  137.016  168.458
 -90.860  127.145  177.940
 -72.108  139.812  167.544
 -64.605  148.517 -177.375
 -76.578  127.382  161.018
 -65.658  123.083  166.780
 -74.390  122.782  169.943
 -73.542  146.590 -176.356
 -83.937  120.367 -177.193
 -78.347  152.398  175.712
 -63.961  155.858  170.245
 -77.059  136.904  174.196
 -80.877  138.704  167.360
 -70.235  130.534  161.856
 -63.252  139.053  165.982
 -70.005  136.084  173.106
 -74.763  133.044  177.596
 -74.819  132.878  165.047
 -81.248  150.023 -177.670
 -83.601  141.017  168.386
 -79.104  146.195  165.648
 -74.916  120.940  175.225
 -83.036  145.969  168.438
 -74.106  129.100  177.571
 -86.012  131.171  161.416
 -84.899  130.982  169.528
 -80.674  121.772  169.441
 -77.378  135.835  166.019
 -77.462  137.292 -174.004
 -72.552  142.554  170.959
 -69.775  142.365 -173.085
 -62.701  140.496  179.253
 -77.520  129.434  175.069
 -72.359  136.069  174.987
 -76.538  136.917  166.024
 -77.573  122.167 -174.001
 -76.973  131.912  159.373
 -76.144  142.936  169.544
 -63.647  133.454  176.863
 -71.086  130.278 -174.824
 -79.608  134.152  168.654
 -74.561  126.790  172.458
 -66.384  142.941  171.731
 -61.409  138.096  160.709
 -75.410  146.735  176.150
 -77.593  128.175  171.788
 -84.037  134.307  159.234
 -82.998  142.695  170.222
 -66.288  133.139  170.532
 -76.995  143.762  177.037
 -67.764  149.077  168.334
 -64.749  145.473  169.696
 -72.138  140.377 -178.206
 -62.444  140.497  169.617
 -92.753  124.430 -158.734
 -70.077  133.970  179.331
 -76.586  139.017 -172.434
 -76.538  146.985 -171.959
 -83.293  129.465 -174.834
 -76.891  130.784 -171.337
 -71.087  141.026  169.430
 -81.766  143.846  174.616
 -61.819  135.532  167.959
 -77.100  132.526 -176.967
 -79.128  127.992  152.816
 -72.188  134.300  179.376
 -77.146  127.840  162.419
 -63.080  135.792 -174.209
 -82.990  127.976 -174.537
 -73.389  143.830  173.774
 -76.535  121.712  160.497
 -81.213  130.937  172.270
 -69.496  135.796 -172.386
 -63.428  141.725  172.127
 -67.010  135.409  170.052
 -80.075  141.895  174.971
 -75.996  140.769  161.332
 -75.521  137.771  169.971
 -81.113  144.469 -171.149
 -63.925  148.013  173.520
 -65.304  149.862 -178.723
 -72.827  134.902  173.068
 -84.133  125.510  178.243
 -78.255  123.715  164.641
 -63.527  130.174  169.143
 -73.898  132.648  167.300
 -77.926  136.109  173.474
 -73.316  137.868 -174.980
 -96.984  132.909 -175.207
 -83.259  126.806 -178.528
 -78.401  127.977 -178.945
 -67.969  125.879 -178.104
 -72.995  126.492  175.760
 -77.299  145.762  176.220
 -96.392  138.593 -172.786
 -75.302  136.478  172.388
 -76.854  133.444 -176.502
 -70.728  146.637  177.610
 -73.910  135.710  159.322
 -76.691  136.676  175.419
 -52.416  128.232  173.955
 -84.147  143.487  171.233
 -71.240  140.145  178.744
 -72.501  136.476  162.303
 -80.004  128.274  168.116
 -72.851  141.748 -151.476
 -64.072  139.108  150.123
 -78.761  144.216 -167.892
 -74.865  142.211  162.705
 -80.544  134.078  174.928
 -69.414  127.810  157.403
 -69.620  142.600  167.279
 -72.260  146.104  165.092
 -85.178  141.630  175.185
 -79.312  132.709  178.681
 -67.891  132.574 -175.800
 -80.807  139.305  177.977
 -69.595  135.357  175.152
 -87.992  133.247  179.234
 -73.595  134.707  172.277
 -86.358  138.803  171.766
 -78.406  137.592 -170.261
 -73.125  144.127 -160.089
 -74.346  149.641  174.760
 -79.626  137.477  178.196
 -59.064  138.447  169.410
 -64.007  146.379  174.367
 -69.236  145.442 -177.337
 -90.159  135.307  179.608
 -61.746  142.478  150.076
 -68.106  137.723  159.511
 -88.301  123.203  172.471
 -63.886  127.540  166.150
 -72.647  130.807  171.273
 -83.588  135.542  175.513
 -82.725  142.941  159.277
 -68.294  142.663  177.537
 -87.931  130.373 -177.480
 -66.977  124.318  166.584
 -69.159  130.816  178.453
 -80.664  127.526  169.914
 -61.086  138.030  171.311
 -79.417  143.237 -159.750
 -79.578  136.772  177.596
 -68.332  128.504  175.054
 -75.777  121.949 -173.141
 -89.146  141.153 -167.563
 -82.257  136.167  179.826
 -83.683  130.772  155.654
 -70.938  135.134  162.257
 -80.753  144.882  176.713
 -83.144  133.077  149.768
 -80.475  141.543 -171.580
 -71.065  131.554 -177.198
 -66.156  134.532 -167.550
 -68.526  139.370  172.862
 -75.514  140.443  169.202
 -78.161  143.751  172.222
 -68.563  128.332  171.177
 -72.154  150.060  172.921
 -75.827  133.900  178.362
 -81.402  124.677  179.834
 -73.281  125.831  167.676
 -66.809  129.797  172.267
 -80.863  141.257  168.218
 -71.214  136.788  170.741
 -77.206  139.986  166.620
 -67.044  132.215  177.113
 -71.175  128.586  168.668
 -83.615  139.099 -169.285
 -74.060  136.855  165.015
 -76.428  119.485  177.068
 -72.498  138.273 -178.480
 -76.776  132.941  177.216
 -74.644  137.418  178.612
 -81.394  133.743 -168.099
 -80.743  134.221  163.063
 -83.738  132.699 -174.792
 -66.531  132.773 -177.845
 -83.419  131.705 -178.111
 -74.350  149.071 -171.093
 -71.723  129.304  172.973
 -75.845  133.838  167.614
 -73.639  127.988  177.876
 -77.917  143.970  169.989
 -74.603  149.134  179.948
 -74.163  142.020 -177.402
 -86.596  153.305  169.934
 -72.461  139.750  176.964
 -66.022  127.423  166.476
 -71.652  123.543  167.808
 -80.480  129.690 -179.897
 -88.056  138.103  174.466
 -78.836  126.928  169.941
 -67.442  134.525  163.029
 -78.014  148.458  179.724
 -77.101  140.790 -179.847
 -71.103  131.116  173.195
 -75.244  132.650 -176.719
 -88.143  130.585 -179.575
 -82.182  133.420 -154.761
 -69.561  137.228  178.457
 -70.323  132.938  164.243
 -77.830  136.107  179.398
 -71.344  140.808 -177.675
 -71.081  137.696  176.404
 -64.507  133.581  177.139
 -79.892  147.067  178.582
 -75.069  134.222 -173.141
 -84.918  129.347  165.920
 -73.064  139.759  171.482
 -76.020  138.106  177.744
 -73.585  149.114  174.853
 -71.516  138.487  172.909
 -74.906  138.924  172.018
 -68.140  131.814 -173.262
 -79.352  154.862  171.840
 -73.405  124.140  176.906
 -80.242  132.527  155.591
 -61.591  130.457 -171.191
 -78.444  128.748  174.752
 -73.692  132.908 -171.110
 -66.697  127.462 -177.825
 -67.651  129.475  172.407
 -79.378  124.804  168.136
 -78.991  132.732 -179.240
 -72.428  132.659  177.985
 -84.823  151.099  179.186
 -65.594  135.760  169.785
 -70.677  133.111  167.159
 -72.074  133.520  176.706
 -70.839  138.532  175.913
 -83.531  132.082  170.227
 -64.742  139.267  165.557
 -71.351  133.865  165.440
 -88.754  145.606  178.451
 -82.858  139.387 -175.965
 -72.435  134.563  172.791
 -78.573  123.287  178.191
 -80.607  128.780  167.044
 -64.603  135.835 -172.498
 -85.353  144.565 -170.547
 -70.108  135.029 -169.277
 -63.848  141.082 -174.150
 -77.733  131.999 -168.627
 -61.882  129.990 -176.609
 -67.310  130.929 -174.949
 -75.394  138.890  179.296
 -71.655  145.675 -178.280
 -67.757  131.339  167.750
 -82.812  139.891  175.287
 -77.690  137.090  178.233
 -58.056  119.986 -179.238
 -71.539  137.581  152.601
 -71.068  158.957  174.547
 -85.404  138.666  172.715
 -84.138  135.855  146.341
 -72.005  128.841  179.758
 -72.152  123.311  170.580
 -81.559  138.610 -165.955
 -71.190  134.942  170.778
 -70.346  132.941  171.999
 -69.213  134.761  171.084
 -72.555  137.870  179.225
 -75.506  133.485  176.941
 -67.892  139.319  177.863
 -80.678  131.136  174.461
 -78.058  138.512  173.808
 -72.587  141.967 -178.460
 -71.380  131.689  168.152
 -62.877  134.497  161.129
 -76.705  122.862  177.089
 -69.075  128.236  177.997
 -75.427  141.940  166.619
 -73.373  141.409 -177.147
 -74.462  129.770  170.900
 -82.796  134.142  177.390
 -57.876  129.759  175.320
 -79.967  142.262 -179.514
 -79.972  138.917  168.122
 -71.645  127.092  171.680
 -78.358  135.997  159.551
 -65.973  134.210  167.921
 -66.876  131.825 -179.679
 -82.420  131.416 -178.378
 -79.896  121.237  164.051
 -72.202  138.725  175.535
 -73.110  140.793  153.897
 -75.680  139.096 -168.130
 -74.666  128.038  170.151
 -72.806  132.828  170.984
 -73.213  149.131  176.269
 -68.182  134.647 -178.244
 -74.111  139.183 -173.921
 -77.072  127.333  168.477
 -78.688  133.080  175.393
 -78.263  136.766  168.860
 -81.021  130.815 -178.545
 -89.358  141.845  167.808
 -68.500  134.646  174.763
 -66.727  133.218  166.148
 -69.720  129.431  177.572
 -70.327  124.200  172.963
 -74.368  142.001  173.968
 -81.578  142.413  177.062
 -81.132  134.900  159.376
 -77.269  131.196 -168.869
 -77.261  129.058  169.681
 -82.283  130.632  173.432
 -51.846  122.972  170.803
 -71.538  128.687 -165.845
 -70.329  145.743  174.639
 -72.572  126.274  166.360
 -79.712  131.092 -172.696
 -75.396  148.600  170.332
 -67.701  135.127 -178.921
 -88.561  133.885 -178.690
 -68.802  142.991  164.570
 -79.555  137.518  178.878
 -77.379  138.824  171.716
 -56.510  130.607  164.126
 -68.738  139.756 -178.380
 -78.210  128.143  176.446
 -58.781  133.878 -179.831
 -77.165  136.843 -173.075
 -70.961  142.214  161.099
 -72.605  134.257 -168.449
 -72.300  121.440  170.807
 -72.834  133.739  172.707
 -79.172  130.109  166.106
 -58.489  127.052  166.407
 -72.418  135.247  177.119
 -74.389  137.358  175.825
 -85.778  145.390  177.047
 -69.967  137.155  171.470
 -82.358  132.910  169.230
 -72.346  136.705 -175.843
 -74.525  139.973  161.565
 -84.401  149.504  168.947
 -72.261  130.274  169.571
 -74.961  137.823 -179.685
 -83.253  143.166 -168.917
 -73.537  135.344 -166.741
 -75.518  131.844  179.952
 -67.985  138.826 -177.258
 -80.943  134.245 -178.871
 -80.477  133.333  173.498
 -86.918  135.923  174.010
 -70.058  138.034  172.759
 -78.218  125.102  178.802
 -84.652  144.364 -175.662
 -81.936  133.266  176.472
 -78.776  132.081 -167.526
 -77.467  133.585  174.580
 -84.509  130.055 -177.590
 -69.243  135.703  172.677
 -73.679  145.557  170.523
 -74.082  140.317  174.960
 -82.141  138.676  179.313
 -63.635  134.979 -178.823
 -79.171  136.881  174.035
 -74.037  141.611  172.373
 -82.323  130.226 -179.790
 -67.884  124.571  174.085
 -69.090  141.173  162.928
 -79.851  133.555  171.744
 -71.686  143.885 -172.423
 -76.160  123.565  174.902
 -88.139  127.951  176.935
 -67.627  137.413  171.376
 -76.229  131.506 -178.623
 -74.034  133.756  173.697
 -69.504  126.763  175.509
 -68.028  137.308 -177.599
 -73.597  135.997  175.160
 -86.868  150.202 -177.381
 -75.689  124.518  179.093
 -69.384  129.915  179.096
 -73.738  134.056  170.890
 -65.544  147.317  170.586
 -72.670  145.887  157.730
 -73.201  135.962  174.001
 -76.868  136.350  176.362
 -82.040  134.087 -169.004
 -74.468  130.610  179.022
 -80.738  145.429 -176.285
 -82.337  135.538  179.859
 -87.589  136.716  162.946
 -83.846  142.969  158.620
 -67.886  131.467  159.986
 -77.898  131.240  166.407
 -74.630  130.663  176.767
 -84.856  130.338  170.573
 -71.235  141.600  176.030
 -61.884  139.984  160.756
 -69.050  152.236 -178.597
 -75.141  135.730 -176.717
 -84.519  137.124  171.662
 -62.086  132.442  164.636
 -79.458  134.304  175.773
 -81.348  142.603 -174.646
 -66.936  122.965  174.680
 -79.547  141.026  178.759
 -82.923  133.670 -176.139
 -81.708  133.383  169.526
 -77.125  132.348  173.771
 -76.144  153.720  165.914
 -85.510  131.115  177.217
 -81.808  133.755  165.514
 -81.888  123.493  149.952
 -72.529  130.615  167.308
 -85.296  136.855 -174.941
 -74.294  138.149  169.009
 -71.769  139.435  151.350
 -75.675  141.398  161.774
