  74.453  133.399  167.335
  75.470  113.039 -167.667
  75.034  129.958  172.405
  91.597  130.798  178.394
  82.531  126.965 -163.762
  71.895  138.201 -155.363
  86.223  142.221  170.776
  86.061  136.188 -168.801
  90.706  148.036  168.721
  71.109  150.113 -176.959
  85.866  149.332 -173.028
  71.262  133.012 -166.534
  90.677  130.793  175.503
  85.230  127.115  179.456
  80.964  128.435 -168.786
  84.498  141.657 -177.561
  82.140  144.821 -160.972
  70.453  143.230 -164.476
  81.855  145.206  176.773
  79.320  139.531 -179.107
  89.610  131.116  176.116
  82.498  140.453  164.063
  84.095  141.009 -176.583
  86.656  151.294 -172.884
  77.512  148.324 -176.092
  73.715  140.423 -174.456
  67.754  126.862 -150.283
  81.343  140.797 -175.990
  77.217  132.813  176.346
  79.205  119.939 -165.801
  78.186  133.189 -171.741
  91.794  117.107  179.529
  96.381  134.039  178.360
  70.235  120.949 -172.449
  75.032  133.627 -177.968
  77.935  136.926 -174.810
  78.193  126.291 -170.464
  77.576  135.886 -177.294
  69.205  134.895 -145.173
  76.418  127.042 -176.688
  75.105  144.481 -179.544
  75.790  136.106 -171.771
  82.407  133.799 -178.340
  81.609  136.921 -169.254
  69.543  149.240 -167.532
  68.260  124.452  168.756
  67.594  115.404 -174.787
  88.376  131.979  175.535
  76.144  110.692 -178.029
  83.886  135.872 -177.835
  84.605  139.283 -178.727
  73.279  142.084 -157.464
  79.953  142.106 -178.773
  78.987  140.120 -179.838
  76.533  137.265 -168.751
  88.133  127.619  172.500
  86.956  134.861 -172.773
  75.230  137.582  177.671
  71.702  144.153 -157.275
  85.624  137.415 -176.102
  78.205  132.793 -172.436
  72.313  132.675 -164.638
  70.053  131.318  175.770
  65.168  147.065  171.170
  80.898  145.392 -175.968
  65.577  127.199 -168.111
  86.485  132.535  166.549
  70.362  138.604 -178.193
  84.807  119.411  176.788
  72.551  128.339  175.417
  83.712  141.351  179.441
  78.189  137.534 -172.138
  80.128  138.899  173.230
  76.033  139.376 -166.821
  75.748  131.480  174.028
  88.030  137.818  164.248
  77.173  124.899 -179.329
  76.413  134.300 -177.214
  68.440  133.030 -171.727
  77.911  136.972 -167.069
  69.805  140.152 -170.158
  72.321  124.503 -177.259
  78.335  139.988  172.489
  74.882  142.475  176.940
  74.944  136.819  178.547
  77.830  121.481 -169.724
  80.906  130.142  167.519
  84.302  125.384 -165.062
  66.698  123.237 -179.469
  76.725  141.718 -168.283
  83.966  131.738  171.700
  76.795  122.794 -153.076
  85.671  121.660  172.598
  81.971  141.294 -179.063
  75.030  133.423 -161.063
  76.124  148.144 -177.193
  86.424  145.056  165.095
  84.248  141.470  179.750
  75.354  130.881  177.812
  78.681  138.648 -172.679
  73.458  134.468 -173.210
  80.909  134.914 -168.096
  77.634  131.872  177.096
  75.079  122.850 -174.577
  69.401  132.192 -158.490
  79.480  133.409  179.076
  80.992  131.418 -155.697
  71.844  138.412 -169.590
  87.353  138.343  176.527
  67.143  147.848 -162.811
  80.696  144.025  171.608
  75.867  134.086 -175.137
  83.256  128.212 -165.119
  80.920  136.523 -173.427
  80.785  126.454 -177.122
  86.052  141.716  177.503
  83.089  140.332 -173.006
  96.553  129.284 -170.961
  77.324  133.210 -170.993
  83.179  140.672  179.503
  76.100  134.413  177.926
  77.775  119.900 -170.946
  77.788  131.145 -169.631
  76.706  143.605  179.208
  72.746  123.707 -162.940
  76.805  124.494 -176.730
  72.616  135.054 -179.553
  74.794  132.258 -176.801
  84.046  134.791 -177.633
  79.433  137.568 -163.382
  82.218  135.694 -171.885
  79.800  134.513  177.741
  82.172  144.297 -177.476
  78.309  129.842 -178.992
  68.766  147.508 -166.659
  81.121  139.963 -171.826
  84.519  141.632 -177.753
  73.408  137.459  166.847
  72.623  139.161 -174.987
  77.066  148.372 -178.627
  68.834  146.477  165.472
  85.068  139.278 -165.032
  79.791  125.291 -167.569
  86.384  142.573  168.812
  77.857  135.081  173.529
  74.403  125.403 -173.771
  77.670  136.865 -169.048
  74.812  137.256 -171.453
  81.406  144.126 -179.822
  74.462  131.011 -163.488
  86.161  140.066 -169.631
  78.180  139.853 -169.116
  85.770  135.012  171.735
  66.612  121.989 -166.606
  81.195  138.320  178.033
  68.291  144.343 -158.199
  82.680  117.460 -179.408
  84.028  137.986 -175.204
  79.423  133.629 -172.827
  75.496  133.654  173.987
  80.654  137.981 -175.735
  70.164  143.057 -174.876
  84.578  148.790 -176.308
  79.180  126.791 -170.997
  80.994  144.379  172.343
  84.793  127.116 -179.129
  77.605  138.152 -167.481
  74.180  140.330 -177.373
  83.971  152.497  176.662
  77.668  134.389 -170.502
  84.273  141.042 -179.661
  83.690  136.457 -172.456
  80.707  136.704 -174.670
  87.417  129.662  166.810
  80.686  145.752  177.156
  86.316  127.117  175.545
  83.565  158.390  172.174
  83.122  138.728  177.903
  84.270  128.026 -168.294
  74.489  131.880 -166.278
  78.183  120.808 -154.133
  86.763  125.597 -167.029
  75.131  141.706 -156.535
  84.366  121.891  176.634
  81.405  127.615  178.852
  73.813  133.877 -160.434
  84.601  138.687 -175.520
  76.568  129.010 -172.134
  76.521  128.693 -174.258
  82.894  133.712  170.592
  77.367  135.493 -168.715
  67.356  138.772 -173.235
  89.562  134.088 -177.527
  75.366  136.093 -164.202
  81.408  127.465 -171.601
  77.865  142.541 -171.813
  66.828  131.210 -165.265
  72.450  142.630 -178.418
  83.217  140.976  167.264
  87.561  134.555  164.709
  86.608  136.269 -176.557
  79.747  135.430 -162.967
  80.393  133.050 -179.605
  78.657  156.955  174.424
  82.477  131.522  176.922
  72.446  146.879 -178.138
  77.645  133.506 -162.423
  74.976  138.700 -179.428
  79.555  139.880 -157.358
  82.845  131.361 -178.243
  70.733  140.933 -179.333
  86.939  142.932 -162.658
  77.603  124.328 -174.223
  81.305  150.421 -169.802
  85.011  125.826 -160.689
  83.244  141.130 -162.026
  89.518  144.531  171.945
  76.315  124.127 -177.608
  76.267  133.241 -174.297
  81.639  134.078  179.476
  86.167  133.281  162.083
  87.064  138.813  167.758
  76.518  142.988 -160.730
  71.640  131.665 -179.403
  77.325  137.396 -174.766
  73.730  136.114 -165.464
  73.650  152.107 -161.634
  82.158  126.644 -173.246
  89.157  130.971 -179.694
  79.732  133.460 -168.488
  81.916  137.058  176.463
  88.396  133.146  172.873
  78.471  134.629 -166.705
  70.218  137.801 -172.412
  76.323  142.021  165.832
  81.854  141.979 -178.360
  71.691  135.555 -145.824
  76.202  146.319  174.354
  73.697  141.925 -174.125
  91.367  132.557 -159.143
  67.327  135.474 -177.024
  75.853  143.645  173.266
  79.608  135.426 -166.533
  91.526  139.390  173.014
  74.473  136.945 -173.495
  78.844  134.759 -176.460
  82.539  146.758  167.441
  82.013  139.604 -177.829
  87.759  134.523  176.211
  70.084  123.810 -170.979
  76.258  140.470  179.499
  82.739  141.901 -172.257
  64.661  125.763 -168.552
  77.960  159.453 -160.185
  83.511  144.713 -175.448
  87.771  131.231  161.200
  79.491  142.491 -160.579
  84.118  132.438  155.643
  73.469  145.676 -162.172
  82.943  142.241  173.219
  88.697  126.278 -169.302
  76.337  128.922 -169.163
  73.219  137.043 -173.584
  83.427  160.404  174.063
  76.792  142.437 -170.295
  81.112  138.377 -174.438
  76.009  135.655 -178.544
  92.317  132.662  165.858
  81.242  140.885  178.042
  73.829  114.396 -167.859
  77.642  126.149 -162.366
  89.161  134.858 -170.400
  77.161  137.370  166.053
  80.241  128.335  179.345
  69.231  131.484 -173.839
  78.111  139.389 -160.473
  91.452  125.341 -178.730
  81.242  138.065  165.780
  76.780  143.826 -172.012
  73.273  130.101  178.589
  74.654  137.421 -175.631
  79.821  153.079  173.505
  83.347  135.109  174.649
  74.572  145.940  175.709
  75.414  139.439 -166.597
  84.500  127.683 -177.618
  76.599  149.319 -175.591
  83.556  124.275 -173.055
  83.532  145.422 -175.399
  77.135  131.361 -175.085
  84.539  121.150  172.038
  81.233  145.751 -157.493
  80.736  137.981  179.921
  75.621  130.676 -175.804
  79.205  141.687 -173.168
  94.119  127.532  173.586
  82.791  136.796 -177.780
  76.164  126.267 -178.417
  86.199  138.547 -169.645
  83.561  143.142 -179.334
  86.413  136.509  166.161
  81.280  141.704  168.596
  75.047  136.147 -173.577
  80.366  132.270  179.515
  68.576  139.534 -154.900
  79.989  142.983  174.364
  78.181  133.786  174.585
  85.966  141.733  178.841
  88.195  154.763  176.091
  73.217  132.983 -171.602
  62.543  138.414 -164.714
  83.455  122.374  173.479
  81.433  145.689  176.075
  70.288  137.770  176.592
  83.717  131.527 -175.288
  79.969  122.929 -170.863
  81.911  131.537 -174.343
  89.767  117.554 -169.857
  75.007  127.962 -171.000
  85.508  148.698  167.453
  77.577  128.497  167.843
  84.117  132.275  179.663
  77.452  135.411 -170.776
  78.123  141.572  177.219
  80.604  145.209  173.546
  73.649  135.222 -156.387
  81.417  142.515 -173.717
  81.458  147.038  174.530
  77.785  129.019 -153.139
  77.798  127.606 -173.918
  71.835  132.949 -177.907
  85.685  125.662 -173.457
  84.004  128.937  179.476
  72.649  118.992 -163.337
  77.061  134.477 -179.778
  88.166  124.199  178.639
  81.521  142.096  177.831
  85.797  135.986  170.097
  89.691  144.699 -170.912
  99.272  133.945  174.264
  80.739  130.565 -174.118
  88.371  141.499  177.808
  84.776  136.712 -177.467
  70.556  146.241 -166.568
  85.364  145.624 -177.555
  82.936  140.531 -176.093
  77.568  138.258 -166.089
  74.641  140.126 -172.906
  84.994  143.487  176.718
  82.870  127.568 -174.395
  70.906  139.939  176.528
  85.356  110.162  174.344
  79.954  135.893  170.948
  83.271  123.250 -177.149
  78.245  149.060 -178.719
  79.245  151.644 -161.570
  82.723  128.978  174.915
  76.023  123.505 -175.707
  73.851  139.360 -169.842
  73.215  137.062 -176.557
  68.129  129.071  179.944
  83.686  143.460 -164.318
  75.480  138.913 -166.259
  83.196  136.548 -167.732
  85.110  127.100 -174.567
  76.687  138.932 -163.317
  81.743  137.571  177.960
  78.433  143.376 -176.013
  80.227  135.445 -176.383
  73.408  139.132  179.082
  84.360  142.732  179.474
  72.649  122.924 -169.115
  74.086  129.365 -170.983
  82.868  135.336 -171.077
  83.784  142.122  174.569
  84.227  127.259 -166.466
  82.880  139.954  172.709
  65.353  124.473 -172.715
  72.628  139.447 -173.711
  79.311  119.782  174.039
  86.056  137.373  171.199
  66.804  140.216  177.169
  75.146  139.093 -161.614
  69.982  142.068 -179.669
  83.851  134.386  179.872
  75.393  136.682  176.372
  77.054  128.604 -174.493
  78.944  141.139 -159.046
  77.077  128.924 -178.883
  72.018  109.520  178.843
  86.376  151.170  177.688
  79.391  141.583  172.849
  84.380  131.909 -168.031
  87.554  128.092 -174.338
  80.590  125.519 -171.511
  82.979  139.782 -172.835
  77.166  148.601  177.709
  93.265  129.717  160.492
  86.925  137.182  162.295
  92.635  143.695  173.660
  83.358  127.707 -177.407
  85.608  132.809 -178.075
  71.694  142.019  169.049
  74.135  141.964 -169.732
  78.158  142.062  177.952
  74.878  149.759 -177.658
  72.416  153.275 -173.390
  76.951  139.299 -167.283
  65.892  135.757 -162.035
  73.810  149.589 -169.809
  73.591  142.943  172.986
  72.242  139.513 -168.692
  84.404  139.796 -178.427
  78.652  134.630  174.234
  71.145  130.963 -167.970
  84.157  140.060  176.929
  72.772  140.045  179.809
  86.202  138.795  176.704
  84.414  135.320  173.871
  77.268  139.859 -178.911
  63.910  145.174 -167.794
  82.623  140.714  178.527
  93.235  143.538 -174.486
  79.986  135.279 -175.177
  81.979  142.752  178.822
  68.622  146.814 -176.250
  76.037  138.127 -176.091
  84.341  134.371  178.343
  91.077  135.965  167.992
  79.021  141.086 -173.350
  70.866  134.291 -172.566
  81.327  122.365 -174.238
  83.033  114.272  168.749
  82.706  134.332  157.205
  81.673  134.772 -175.647
  79.433  136.841  175.204
  86.105  140.275  179.047
  78.431  147.802  169.804
  75.155  140.807 -166.064
  79.589  134.249 -169.779
  82.639  124.161 -171.160
  79.751  140.693 -163.132
  81.049  145.698  172.745
  88.680  120.380  169.367
  81.799  144.318  163.950
  79.557  124.890 -163.055
  75.569  128.029  178.427
  74.319  134.053 -178.284
  83.664  141.541 -176.070
  75.608  121.052 -166.697
  83.598  155.810 -176.891
  85.067  132.540 -169.436
  79.018  151.789  177.350
  86.365  135.819 -177.277
  88.634  130.644  176.554
  83.320  138.825  172.039
  73.608  124.848  176.953
  90.201  138.312  161.975
  83.006  141.676  176.417
  78.904  138.348 -170.741
  78.679  146.605 -157.545
  86.380  133.662  163.150
  80.081  141.005  179.327
  83.567  136.833  176.102
  71.115  117.942 -151.583
  81.475  128.281  176.820
  72.440  134.983  177.827
  79.329  141.273 -176.152
  73.292  137.673 -170.832
  75.735  133.224  178.953
  84.267  134.434 -165.738
  73.869  132.982  179.826
  73.869  147.599  174.652
  80.341  133.697 -174.496
  80.340  150.706 -176.390
  72.930  143.311 -162.905
  87.896  137.019  166.343
  80.195  128.879 -167.235
  76.046  146.344 -173.536
  80.458  129.857 -167.378
  84.725  140.971 -179.793
  81.598  136.571 -173.509
  74.560  142.186 -164.558
  80.966  134.338  176.063
  75.844  135.509 -170.065
  62.587  120.208 -172.134
  75.717  140.110 -174.796
  91.750  153.875 -177.458
  83.695  129.624 -178.948
  69.871  143.079 -161.264
  83.668  144.064  170.646
  77.791  123.323 -179.566
  80.864  149.222  178.605
  77.855  137.390  177.570
  85.168  143.604  161.693
  71.565  138.587  173.634
  72.112  145.700 -175.692
  90.288  135.154 -178.805
  78.764  121.478 -166.763
  90.105  133.744 -178.187
  72.022  140.132 -169.439
  76.303  139.538 -164.517
  81.820  133.020 -169.734
  79.677  128.591  173.902
  78.803  123.730 -167.130
  85.600  115.334 -168.273
  70.129  138.018 -177.766
  75.347  135.439 -175.616
  73.369  138.932 -168.544
  85.095  141.873 -176.329
  84.662  132.905  175.578
  77.967  147.449 -174.304
  91.396  132.626  176.243
  76.437  118.243 -170.035
  80.543  140.744  178.722
  88.206  132.286 -169.553
  72.226  142.233 -172.896
  76.301  139.626  177.532
  74.352  118.812 -169.106
  62.749  125.076 -163.897
  79.302  131.842 -165.890
  86.837  131.448  166.686
  73.004  128.174 -171.182
  81.986  129.548 -177.525
  82.910  130.928 -174.672
  81.863  141.742 -172.998
  81.384  131.235 -174.236
  81.990  120.404 -171.966
  69.725  141.885 -158.617
  76.343  144.078 -174.336
  64.830  142.672  172.743
  86.652  133.296  170.820
  84.707  118.024  173.096
  85.327  125.894  160.192
  71.244  137.571 -160.291
  84.139  134.165 -176.070
  79.391  133.911 -178.472
  75.720  130.901 -164.943
  88.790  129.871  178.103
  61.147  133.729 -164.399
  84.780  131.072 -168.510
  94.318  130.881  173.147
  75.167  138.008 -174.796
  75.912  132.880 -178.340
  85.037  120.647 -169.082
  83.253  133.057 -172.368
  86.723  142.919 -164.832
  67.223  132.952 -172.653
  67.520  132.948 -168.320
  83.991  143.007  172.470
  85.217  117.925  179.755
  87.026  133.146  179.695
  86.544  129.656  166.054
  77.429  135.785 -178.149
  81.433  132.980 -172.155
  76.785  141.542  179.141
  71.039  143.142  176.572
  81.315  136.045 -169.815
  88.730  131.223  163.775
  70.646  142.061  178.476
  76.907  135.621 -174.863
  77.793  130.755 -174.195
  78.572  132.419 -164.106
  74.482  135.085 -174.381
  69.155  134.175 -175.172
  78.203  145.213  177.799
  85.440  143.244  178.525
  81.277  144.374 -174.787
  83.534  120.404 -167.605
  72.664  145.659  175.641
  82.783  147.722  178.626
  80.756  148.071 -179.217
  72.648  154.053  178.983
  71.435  130.558 -160.431
  86.847  143.908  176.187
  78.241  126.553  178.210
  78.284  129.668 -170.775
  82.007  131.733  169.138
  74.945  135.246 -165.573
  80.357  152.992 -173.554
  82.161  147.614  176.276
  72.158  134.860 -176.070
  74.015  118.946 -174.048
  73.061  141.253 -175.152
  82.482  153.585  176.893
  75.466  145.022 -170.126
  85.083  133.239 -175.986
  78.625  136.940 -176.720
  78.633  132.612  174.741
  85.530  135.062  169.863
  77.393  131.542  177.463
  74.073  138.929 -170.081
  82.533  132.277  175.590
  70.802  139.209  173.734
  80.004  116.130 -176.263
  86.680  140.694 -178.589
  80.921  145.113 -157.835
  83.694  131.531  168.408
  66.453  134.866 -153.062
  80.625  140.856 -177.067
  89.620  130.656  179.078
  72.338  134.226 -171.903
  90.321  137.650  167.996
  88.327  132.794  160.557
  65.292  119.927  168.594
  81.480  125.208 -172.386
  69.838  143.700  174.379
  78.367  127.671 -173.485
  91.345  123.669 -178.959
  83.112  143.987 -173.983
  77.513  132.541 -171.520
  81.556  125.783 -166.241
  77.450  144.699  171.512
  79.717  140.715  174.343
  66.473  135.235  159.730
  83.707  129.792  174.175
  77.710  122.497 -169.045
  80.537  147.946 -173.885
  82.245  131.792 -166.819
  79.953  134.284  171.449
  84.151  138.388  167.660
  77.334  152.110  178.415
  66.171  138.299  176.205
  86.042  127.183  164.247
  71.544  140.133  179.593
  81.907  129.383 -168.099
  78.776  154.612 -177.936
  73.255  135.610  169.309
  75.628  126.371 -158.477
  79.083  132.015 -180.000
  79.795  140.370 -163.442
  77.290  132.844 -167.032
  77.130  139.132  176.767
  83.368  133.586  173.614
  68.418  138.062 -165.827
  84.650  138.762  179.701
  74.884  125.577 -169.006
  82.739  141.866  174.187
  84.039  131.266  178.150
  70.058  141.136 -158.760
  71.516  120.250 -171.022
  81.192  144.511 -179.652
  83.116  131.547 -175.821
  81.417  139.809 -179.546
  85.544  125.121 -179.664
  70.155  142.843  172.501
  81.271  136.079  179.029
  73.220  137.346  173.355
  87.972  136.415  165.456
  83.360  125.609 -174.688
  76.564  115.060 -173.853
  93.178  138.797  173.986
  77.055  134.988  174.879
  76.570  142.201  178.070
  73.670  136.683 -178.757
  78.077  151.024 -177.411
  79.092  137.269 -166.782
  75.962  144.739 -175.850
  79.834  136.143 -161.043
  75.991  132.552 -165.493
  75.177  129.433  176.105
  83.278  134.903  179.517
  77.706  144.613 -174.655
  85.712  126.789 -175.096
  79.827  118.359 -177.304
  78.353  137.748 -170.255
  82.918  139.115 -174.998
  79.602  142.165 -179.826
  79.230  145.889  174.040
  71.803  132.374 -178.013
  70.157  131.164 -171.218
  90.897  135.734  171.126
  79.547  134.262 -166.384
  79.219  133.354  178.225
  82.037  124.932  178.925
  74.321  139.361  166.387
  68.125  121.069 -172.960
  76.857  134.940 -175.528
  66.375  119.639 -174.884
  71.582  126.993  178.812
  87.570  136.563  171.214
  77.965  134.181 -168.776
  82.356  138.980 -175.829
  76.948  128.576  172.038
  70.582  126.551 -159.442
  83.242  130.216 -178.799
  79.708  135.324 -153.081
  72.270  129.787  176.256
  92.196  125.050  169.273
  89.508  127.434  177.960
  80.489  147.677 -173.246
  91.669  139.893  162.585
  76.023  128.825 -166.893
  75.395  139.772 -177.473
  96.629  139.902 -173.660
  82.078  149.683  172.495
  69.416  135.267 -167.733
  81.061  144.151 -179.645
  62.117  134.949 -159.662
  79.122  134.358 -156.373
  83.940  144.312 -166.098
  79.612  137.373 -176.803
  78.772  137.449  178.680
  79.941  135.888  177.098
  78.043  131.620 -151.351
  83.371  126.362 -174.960
  67.566  146.802 -179.353
  87.696  131.056 -173.076
  79.859  139.104 -175.837
  67.701  120.370 -142.552
  80.306  124.155  174.622
  81.513  132.945  177.303
  75.806  139.209 -178.188
  66.533  124.533 -152.679
  89.222  145.010 -177.793
  77.726  145.841 -163.920
  78.453  139.370  173.082
  85.733  119.683 -170.339
  75.507  139.722 -179.483
  79.213  140.643 -173.892
  76.083  133.503 -157.199
  59.838  137.301 -172.657
  94.100  130.440  166.893
  77.985  145.778 -178.981
  74.882  153.868 -169.046
  74.185  138.948  174.409
  74.354  126.381 -156.819
  86.147  138.435  175.479
  78.518  149.371  177.807
  79.645  136.009 -162.114
  79.452  148.201 -168.056
  78.296  135.483  177.008
  80.586  154.296  171.573
  85.768  144.495  174.138
  66.268  132.439  170.398
  76.592  136.794 -177.349
  70.615  130.122 -170.092
  86.295  144.414  170.034
  78.632  131.179 -153.975
  68.742  129.811 -169.155
  83.005  125.416 -176.468
  79.658  125.112 -147.621
  80.003  132.604  179.657
  86.564  130.093  165.137
  84.325  133.952  171.959
  69.098  144.057 -175.524
  79.025  149.118  168.222
  76.681  130.597 -169.624
  82.249  139.228 -168.491
  86.479  143.519  175.193
  84.016  127.262 -176.911
  70.054  140.360 -172.845
  82.359  141.361  166.424
  84.664  114.370 -166.112
  75.536  139.778 -175.433
  87.633  123.651 -177.174
  72.609  138.387 -168.660
  79.145  131.277 -179.892
  83.143  134.353 -166.441
  82.730  126.445  174.204
  79.274  132.370 -169.215
  80.231  139.815 -176.479
  83.476  127.377 -169.394
  72.214  133.793 -155.547
  76.739  129.267 -165.266
  76.885  122.017  177.580
  77.240  128.354  179.638
  85.874  139.862 -179.161
  84.018  144.160 -165.434
  84.780  141.404  178.186
  80.814  147.992 -171.691
  73.191  137.243 -171.597
  84.981  138.981  165.681
  84.424  141.822 -174.948
  69.302  135.844 -163.248
  80.435  117.871 -178.520
  85.793  126.139  173.778
  72.532  142.766  171.029
  81.090  138.302 -172.986
  90.387  127.600 -176.616
  75.271  130.925 -170.018
  76.715  148.786 -176.943
  82.598  138.146  169.962
  64.524  137.702  178.319
  73.821  148.442 -173.539
  75.243  133.791 -168.237
  88.055  136.402  175.133
  87.175  126.041  175.235
  77.886  142.545  179.695
  73.463  137.836  178.477
  68.083  127.337  172.483
  78.013  137.347 -162.629
  85.023  130.840 -171.157
  78.368  132.655 -174.847
  74.915  132.622  175.196
  82.369  125.075 -177.948
  76.530  130.752 -170.293
  93.452  120.494  163.735
  83.184  126.315  175.871
  59.827  130.520 -156.670
  67.832  136.371 -175.024
  75.166  136.206  179.358
  91.658  142.372 -178.381
  70.743  136.496 -168.161
  71.108  120.888 -169.444
  79.633  143.755 -165.968
  82.100  131.101 -162.141
  71.522  116.761 -167.942
  78.702  143.640 -174.737
  79.487  124.133 -177.217
  78.328  130.152 -173.662
  68.962  141.756 -174.404
  87.466  131.027 -178.986
  84.949  136.960 -169.071
  81.687  142.229 -178.835
  80.497  129.752 -172.134
  87.477  145.074 -177.484
  71.114  146.545 -174.071
  79.701  152.044  172.901
  77.411  141.654  176.977
  81.657  144.060 -178.773
  78.721  135.825  178.730
  77.847  144.919 -176.687
  86.032  134.153 -170.242
  75.478  132.176 -165.904
  89.812  149.677  178.965
  75.027  124.888 -171.523
  80.053  132.315 -173.223
  77.452  132.850 -167.676
  87.377  133.377 -178.502
  71.350  156.006 -173.258
  76.948  142.224 -164.583
  88.924  124.451 -179.609
  83.601  141.837  168.906
  69.876  140.706 -162.854
  80.633  140.340 -168.682
  78.052  134.205 -176.345
  78.786  120.685  176.544
  68.740  144.760 -153.228
  87.200  132.320  173.574
  72.579  131.253  179.486
  73.165  113.099 -174.824
  74.656  115.857 -173.825
  78.408  136.727 -171.179
  85.925  122.024 -179.317
  79.866  141.895  171.927
  78.757  138.819  175.670
  74.208  144.950 -177.130
  77.455  127.151 -172.341
  74.037  120.104 -171.016
  79.442  120.228 -168.506
  71.115  125.355 -171.441
  89.684  137.074  169.730
  63.233  137.654 -160.026
  80.940  117.537 -168.578
  77.428  144.594 -171.825
  74.692  137.117 -167.636
  78.488  105.547 -179.916
  77.941  127.281  174.544
  78.631  122.760 -170.241
  82.134  142.213  172.342
  70.404  129.628 -175.938
  73.772  131.919 -175.574
  64.818  146.298  174.397
  71.036  142.325 -173.684
  82.815  141.793 -171.006
  75.076  138.976 -169.928
  78.125  134.464 -179.806
  78.061  129.879 -179.386
  78.981  146.196 -164.585
  84.083  140.540 -175.894
  81.959  144.846 -175.144
  76.075  128.371 -168.704
  71.762  148.035 -169.220
  75.222  127.575 -159.911
  83.560  130.106  171.103
  72.279  141.260 -167.039
  81.213  129.634 -164.801
  84.384  141.061 -175.124
  78.391  142.071 -175.468
  90.910  133.263 -176.695
  78.664  129.226  176.762
  77.144  140.282 -161.498
  87.622  116.260 -163.128
  65.881  126.508 -167.793
  70.486  147.670 -179.545
  80.427  133.567  175.857
  77.447  133.763 -166.961
  75.076  143.367 -178.793
  74.429  147.142 -171.636
  84.117  129.449 -176.194
  82.907  135.195 -174.011
  76.132  128.437 -179.216
  75.519  142.991  168.040
  81.824  140.268 -176.904
  79.386  143.612 -174.400
  80.654  125.172  175.721
  83.237  111.741 -172.821
  77.161  133.201 -178.695
  82.643  145.572  161.975
  85.170  134.651  169.024
  71.771  139.845  177.147
  69.732  129.877  175.480
  75.340  141.011 -162.998
  89.546  135.655  172.113
  68.664  138.091 -168.351
  79.054  129.207 -169.377
  85.383  127.226  167.282
  93.787  142.146  171.957
  79.422  138.450 -171.808
  88.648  138.313 -158.119
  85.802  131.116 -175.203
  85.527  127.603 -173.702
  64.937  152.138 -164.165
  82.150  136.849 -178.981
  81.180  133.580 -173.435
  86.288  136.607  173.537
  81.861  147.322 -171.628
  79.305  124.767  177.940
  81.320  136.949  172.997
  88.169  143.108  162.172
  68.561  133.798 -147.701
  80.499  124.677 -171.721
  83.538  130.478  170.747
  78.814  146.084 -178.559
  84.481  134.551 -171.228
  64.329  134.713  179.124
  80.582  142.417 -165.641
  84.402  135.703  179.190
  81.094  122.477 -171.826
  81.352  136.307  176.896
  76.952  135.977 -168.619
  82.633  143.503  179.508
  72.218  127.993 -168.257
  76.818  141.794  168.644
  80.974  141.734 -176.486
  75.066  132.887 -171.209
  90.145  128.935  179.599
  64.019  133.465 -169.063
  72.738  131.172 -174.466
  80.178  128.411 -172.005
  71.619  133.184 -166.608
  74.617  146.653 -168.415
  90.354  138.865  177.201
  65.616  141.023 -174.042
  72.637  138.999  174.988
  89.416  141.698  165.043
  81.581  134.023  172.213
  88.957  135.161  151.606
  67.476  138.699  178.848
  87.090  142.582 -170.566
  76.139  127.205 -177.698
  78.665  135.381 -178.912
  88.333  119.442  161.782
  87.416  131.700 -177.291
  77.957  140.749  177.252
  75.170  129.870 -178.299
  84.586  143.750  163.060
  80.258  130.819 -164.776
  79.656  137.545  173.113
  83.580  139.921  160.465
  78.285  134.643 -174.992
  73.153  144.993 -173.520
  83.353  145.388  170.731
  70.850  146.023  178.751
  73.415  129.533 -176.463
  83.746  134.899 -175.360
  81.510  123.924 -153.932
  86.565  133.055 -177.220
  78.877  127.747 -179.618
  86.660  122.943  177.672
  72.942  136.419 -170.782
  78.372  128.561  169.048
  88.447  134.531 -177.827
  83.799  127.089  178.680
  77.956  132.103 -174.202
  82.268  125.116 -173.948
  75.437  134.243 -169.940
  77.356  150.295  171.045
  80.668  128.070 -175.384
  68.292  139.060 -170.167
  77.138  128.711 -177.392
  73.185  144.281 -178.969
  84.663  127.750 -177.943
  83.127  158.347 -171.550
  82.386  128.018 -170.247
  81.205  139.386 -178.835
  81.352  150.079 -155.892
  78.635  126.690 -178.515
  61.770  122.556  179.442
  67.307  123.696 -177.063
  81.936  138.130  160.998
  93.133  127.290 -175.841
  79.901  128.525  173.456
  76.880  127.992 -168.773
  88.601  141.125  173.695
  65.845  145.940 -167.216
  85.230  140.422 -179.087
  78.000  132.080  174.971
  81.922  134.568  179.931
