  99.119  128.329  173.860
 121.399  127.668  178.508
 127.094  141.267 -166.415
 140.914  131.044 -150.361
 148.772  136.963 -166.497
 155.109  140.764 -161.536
 154.821  141.941 -175.778
 164.567  122.097 -173.129
 158.475  142.276 -176.543
 147.798  139.034  177.303
 173.446  130.211 -169.299
 145.271  123.801 -178.461
 161.097  131.117 -165.089
 157.938  132.855 -164.205
 151.530  141.450 -173.572
 149.568  146.094 -161.730
 156.942  132.366 -178.600
 145.931  117.266  175.400
 143.454  141.209 -179.360
 148.728  143.432 -168.833
 158.773  132.634 -161.640
 152.138  147.742 -168.397
 153.333  150.446 -154.830
 155.781  131.299 -161.484
 127.869  128.383 -179.870
 145.568  136.717 -152.473
 145.438  131.001 -153.597
 139.233  142.915 -165.445
 159.573  138.814 -159.713
 146.774  114.318 -162.148
 134.985  149.587 -152.202
 159.907  132.827  171.717
 146.755  120.556 -158.094
 134.871  125.133 -166.111
 130.332  134.576  179.724
 131.452  136.976  179.062
  98.953  129.040 -177.135
 112.683  127.630  153.781
 112.079  143.873  169.696
 153.608  134.215 -174.433
 152.382  139.103 -154.016
 107.137  141.729  150.179
 101.266  134.605  177.472
 134.672  130.275 -160.785
 133.198  137.410  169.237
 139.418  135.595 -156.758
 150.078  130.487 -161.784
 125.971  128.864  175.777
 145.257  152.528 -162.521
 140.175  131.393 -167.284
 155.431  133.187 -175.489
 138.434  139.751 -162.066
 153.802  127.904 -171.281
 146.263  133.837 -165.358
 144.839  136.469 -173.179
 117.536  127.319  165.078
 118.969  135.332  173.084
 100.338  124.874  173.816
 104.709  124.331 -179.110
 136.612  137.879 -164.701
 140.780  133.241 -175.790
 144.070  138.992 -178.615
 127.021  141.801 -169.619
 106.135  136.529  171.440
 166.953  142.334 -163.187
 163.483  141.571 -175.644
 151.526  131.751 -159.267
 144.780  142.787 -158.424
 152.954  136.646 -168.525
 146.071  140.973 -168.275
 108.339  129.602  172.149
 136.118  126.421 -163.958
 105.014  129.742  179.901
 136.996  132.977 -161.500
 155.786  142.065 -166.581
 140.630  152.599 -176.554
 140.286  133.919 -132.702
 159.390  141.908 -162.632
 135.687  140.668 -157.010
 117.632  131.041  169.292
 116.680  130.416  162.913
 103.284  134.729  159.781
  98.943  147.799 -174.441
 123.271  129.252  169.652
 102.335  133.417 -170.627
 107.926  138.743  172.576
 115.051  121.299  152.065
 118.097  137.070  168.348
 103.267  127.917 -178.248
 112.226  126.457  171.164
  97.652  123.856  153.243
 148.744  126.066  169.833
 147.547  123.010 -171.603
 140.031  127.321  175.760
 104.283  146.063  161.476
 107.666  145.811 -178.575
  93.837  142.745 -177.013
 124.249  129.948 -178.552
 104.844  128.666  155.062
 109.601  135.468 -175.773
 116.280  127.747  155.337
  97.114  130.442 -169.014
 123.056  119.686  171.493
 109.012  137.659  173.589
 116.159  142.059  166.487
 136.630  139.048 -175.849
 155.038  130.110 -176.132
 116.525  140.952  162.654
 101.160  122.985  174.276
 142.013  124.848  167.652
 139.180  116.429 -172.164
 137.485  137.470  175.028
 151.449  140.614 -160.727
 154.892  122.403 -174.191
 144.497  132.540 -165.144
 151.996  132.495 -150.103
 156.273  138.293 -164.543
 142.764  126.038  175.564
 139.261  140.207 -150.982
 154.036  142.808 -166.230
 157.239  139.742 -177.217
 136.999  140.632  174.140
 109.034  139.992  178.199
 108.462  141.873  161.856
 158.030  130.187 -175.055
 138.212  136.452  178.548
 144.170  133.562 -158.453
 160.081  142.149 -165.842
 157.085  129.175 -178.020
 119.825  124.549  174.837
 146.576  116.686 -170.500
 171.882  128.624 -166.128
 144.411  115.262 -151.796
 105.566  123.242  179.763
  95.978  123.456  164.913
 141.953  136.963 -158.891
 159.133  140.681 -149.538
 105.848  135.157  157.745
 135.629  142.449 -165.907
 156.076  142.955 -167.416
 147.024  138.322 -156.322
 155.776  151.142 -175.911
 158.595  147.223 -175.162
 159.764  140.679 -158.318
 148.556  151.107 -177.158
 149.459  144.398  171.859
 149.088  133.747 -172.330
 151.557  129.117 -156.809
 156.325  135.018 -154.158
 151.576  140.418 -147.179
 153.477  137.117 -170.577
 163.692  142.377 -150.746
 149.935  134.822 -151.425
 166.462  131.505 -162.020
 151.164  136.381 -171.116
 151.170  127.414 -171.711
 149.571  142.881 -158.926
 128.807  113.558 -139.912
 157.567  124.864 -162.569
 162.365  129.787 -176.459
 105.315  128.783  175.334
 126.262  136.487 -166.043
 134.362  135.792 -179.937
 148.226  125.157 -163.536
 141.462  143.703  172.133
 154.173  150.529 -167.014
 154.044  131.969 -170.246
 150.933  143.844 -166.131
 109.754  135.759  163.030
 105.792  138.370  162.550
 127.234  142.294 -179.218
 143.599  147.822 -165.903
 150.114  133.660 -160.554
 158.481  125.599 -168.705
 127.188  131.615 -174.889
 141.338  132.626 -166.740
 145.002  124.590 -159.638
 167.227  141.481 -172.333
 151.400  124.698 -179.937
 147.315  129.454  175.766
 159.122  139.166 -178.857
 156.748  133.313 -164.392
 141.702  147.339  175.853
 155.710  135.277  177.383
 152.911  125.044  175.067
 143.914  141.421 -163.257
 154.391  129.958 -156.212
 150.766  123.980 -169.741
 161.213  132.497 -153.973
 142.432  143.286 -179.453
 158.539  150.026 -160.140
 149.104  137.234 -152.116
 131.183  132.009 -162.906
 154.665  125.895 -154.404
 141.122  127.729 -171.228
 141.525  133.134 -161.763
 119.885  133.618  165.384
 145.283  113.361 -174.013
 153.035  144.967 -161.253
 146.600  132.466  179.285
 160.277  144.159  179.165
 135.712  127.670  176.596
 141.004  135.085 -173.127
 165.025  136.701 -177.065
 140.237  122.609 -166.509
 140.699  134.271 -166.647
 147.578  129.141 -174.317
 111.213  142.547  176.618
 104.244  140.103 -176.706
 152.359  141.780  179.308
 137.425  132.495 -158.109
 154.539  150.001 -178.037
 155.467  133.763 -172.705
 140.880  135.561  178.554
 120.480  137.990 -161.347
 150.391  132.418 -165.104
 129.551  141.576 -155.935
 133.667  133.205 -174.199
 109.907  127.345  174.426
 144.703  136.137 -160.443
 158.587  126.866 -170.799
 149.979  138.035 -177.958
 145.275  145.058 -154.289
 149.418  151.628 -157.436
 141.899  130.159  179.588
 155.363  149.162 -172.354
 150.299  127.636 -167.854
 141.791  121.444 -148.534
 147.080  143.744 -171.401
 145.370  142.443 -156.770
 171.081  120.023 -148.033
 116.483  134.083  177.114
 121.755  126.251 -175.320
 105.846  121.089  175.753
 103.744  132.953  168.314
 102.279  135.606  178.844
 103.431  138.979  172.812
 111.412  132.521  177.074
 108.657  134.674 -178.717
 119.206  136.192 -166.839
 157.185  143.753  177.571
 153.959  126.371 -163.424
 150.848  133.784 -157.695
 134.517  123.328 -161.423
 138.922  130.518 -176.387
 150.753  144.154 -155.612
 158.851  143.701 -166.555
 141.007  137.987 -163.971
 151.528  136.991 -153.455
 149.802  121.536 -159.665
 140.343  130.586 -165.139
 136.716  130.308 -179.430
 154.709  143.042 -152.658
 156.318  146.424 -163.963
 143.666  142.306 -155.632
 154.516  150.714 -164.306
 151.529  149.043 -167.805
 165.431  131.862 -159.313
 148.434  126.533 -162.445
 150.811  140.451  168.954
 140.087  141.630 -163.749
 159.281  130.485 -169.359
 159.375  121.374 -164.651
 151.550  147.016 -157.355
 147.602  149.439 -159.138
 151.756  131.065 -167.362
 140.739  130.302  179.770
 151.870  131.799 -171.920
 132.873  145.414 -178.499
 161.401  142.667 -153.253
 119.358  143.988 -173.436
 117.109  136.466  170.726
 103.934  146.134  165.566
 123.142  152.042  170.261
 111.718  147.394 -172.793
 113.927  129.496 -179.331
 107.107  128.945  156.697
 106.688  134.086  164.558
 158.465  127.778 -178.684
  97.139  126.829  169.832
 133.999  134.179 -166.915
 166.779  134.417 -170.657
 149.632  144.988 -173.364
 145.129  136.252 -151.173
 105.247  135.351  172.520
 117.148  127.118  163.848
 154.074  137.595 -169.954
 157.137  134.711 -163.965
 151.314  142.176 -166.927
 152.684  151.125 -163.619
 151.853  140.593 -155.140
 160.974  147.332 -169.555
 149.299  138.957 -173.972
 106.998  135.346  176.727
 112.487  125.297  173.666
 109.501  122.756  175.485
  99.340  136.183  178.854
 110.848  126.960  165.240
 110.443  132.682 -175.860
  96.245  142.635  145.370
 115.260  134.156  170.637
 105.536  140.238  167.976
 108.715  131.454  157.640
  96.413  134.902  174.155
 103.378  137.955  159.935
 116.330  127.616  167.954
 139.851  137.913 -178.953
 155.737  130.382  172.593
 152.025  139.518 -167.538
 139.200  124.855 -172.364
 162.635  136.600 -149.565
 161.679  124.501 -172.481
 152.447  123.430 -164.140
 156.623  146.426 -151.640
 147.125  127.262  170.469
 139.127  133.356 -165.342
 146.409  136.213 -177.312
 142.047  140.768 -166.182
 128.435  147.237 -173.752
 137.467  149.524 -157.666
 146.504  133.508 -175.453
 145.312  135.869 -171.770
 137.062  139.103 -166.355
 141.175  133.935 -145.561
 150.846  144.651 -172.361
 155.502  143.711 -177.333
 118.562  127.146  169.110
 113.765  142.358  158.210
 105.882  130.847  178.384
 137.684  134.102 -158.788
 144.385  142.211 -173.157
 115.308  131.630  147.365
 108.935  140.501 -172.616
 122.285  121.111  176.517
  97.548  121.797  171.995
 104.963  138.806  155.173
 135.026  125.755  174.177
 107.076  130.521  174.200
 120.205  152.754  168.679
  99.246  131.116  170.740
 107.856  121.515 -172.425
 165.834  143.756 -172.875
 165.321  151.756 -178.283
 144.190  137.900 -152.561
 139.841  134.297 -163.368
 144.703  141.462 -172.280
 159.068  126.377  176.914
 144.559  121.889 -166.161
 135.829  125.267  172.956
 148.102  140.316 -168.996
 157.054  138.573 -170.788
 147.015  140.727 -160.334
 158.679  139.450 -170.173
 141.126  141.086 -178.258
 103.048  137.839  170.458
  99.413  135.077 -167.532
 149.379  146.659 -155.876
  95.528  125.785  169.727
 111.490  130.987  154.833
 104.066  137.592  178.263
 110.050  136.815 -169.193
  99.267  138.689  163.873
 121.332  142.082  166.802
 125.917  133.515  163.190
 138.132  122.316 -170.989
 140.704  129.127  172.594
 143.577  129.861 -159.033
 153.056  130.117  168.590
 131.478  142.036 -138.739
 153.405  132.155 -162.741
 144.374  140.175 -170.813
 135.836  116.591  179.162
 121.822  152.029  170.095
 105.755  136.641  162.381
 100.323  135.708  164.177
 144.063  142.193 -168.529
 139.706  147.632  177.558
 124.937  125.051 -177.234
 100.307  143.296 -171.745
 106.704  129.934  174.676
 111.770  131.337  179.572
 153.989  128.662 -179.449
 156.039  141.948 -179.345
 141.125  155.479 -145.225
 146.720  132.205 -154.975
 154.160  142.610  174.671
 133.798  118.043 -179.513
 137.303  136.312 -172.356
 145.492  147.065 -163.598
 136.988  137.235 -178.021
 135.550  130.139  175.528
 115.231  146.807  160.592
 100.817  137.950  168.741
 102.386  136.138 -172.427
 111.240  133.029  165.452
  99.764  137.605  178.064
 104.363  136.973 -177.144
 108.283  136.536  148.874
 115.848  120.943  173.935
 111.732  137.930 -170.204
 103.800  129.545  156.804
 153.977  133.993 -176.205
 141.965  136.782 -176.294
 137.576  138.084 -172.007
 142.799  138.784 -168.177
 159.271  127.490 -171.048
 148.607  139.000 -161.239
 158.654  142.343  178.503
 157.855  136.078  178.618
 142.506  130.752 -179.921
 130.170  130.800 -158.247
 138.533  145.431 -164.796
 130.754  145.637 -154.624
 132.754  128.826 -150.645
 168.059  136.132 -174.129
 162.789  132.567 -172.727
 142.607  136.858 -154.308
 116.798  127.329  170.071
 143.406  142.169  178.647
 138.835  126.443 -176.783
 103.792  128.061  173.364
  93.811  153.044  173.377
 116.348  139.356  172.273
 108.974  131.240  175.061
 128.077  150.573 -159.286
 129.235  136.701  165.753
 103.700  135.178 -171.291
 110.423  124.793  165.100
 106.274  131.619 -178.559
 103.326  135.676  147.953
 107.936  136.694  179.698
 128.035  124.278 -174.865
 116.366  134.608 -176.181
 104.949  140.882 -174.231
 109.717  141.275  160.144
 146.461  136.981 -161.150
 152.057  137.708 -170.527
 125.369  139.827 -172.378
 145.070  140.730  175.418
 110.291  139.924  163.887
 115.401  137.224  178.937
 100.004  128.953  177.796
 126.707  129.962 -179.155
 127.331  149.859 -161.774
 152.515  127.109 -175.992
 143.143  157.203 -161.289
 145.743  134.809  175.418
 162.454  153.994  175.784
 147.607  147.343 -161.779
 152.533  145.626 -171.033
 151.260  138.827 -158.510
 134.390  130.614 -175.199
 153.242  131.557 -166.055
 159.782  138.307 -162.534
 150.642  157.744 -171.027
 140.074  138.302 -163.410
 152.737  134.108 -163.700
 124.415  136.521 -161.592
 145.922  127.477 -156.235
 156.979  129.298 -167.487
 153.091  145.622 -165.504
 151.581  130.269 -160.363
 147.809  117.902  178.752
 109.222  149.873  163.881
 105.561  134.221  168.160
 115.564  139.280 -175.739
 129.279  150.356  162.363
 146.960  124.802 -161.419
 157.379  143.612 -169.966
 163.326  138.770 -161.506
 150.173  130.545 -156.046
 159.724  138.942  174.656
 141.944  136.116 -153.975
 168.313  141.089 -160.394
 131.436  146.932 -163.851
 164.604  133.513 -166.098
 138.951  131.461 -170.432
 149.787  129.117 -156.341
 150.793  135.129 -170.745
 143.648  122.876  177.235
 155.979  137.212 -177.251
 152.689  137.414  172.874
 155.270  125.239 -163.947
 143.962  144.685 -164.178
 156.050  133.579 -154.235
 132.738  142.515 -171.780
 115.677  138.804  167.883
 116.942  126.196  166.694
 122.526  129.307  158.100
 138.221  142.999 -166.008
 153.180  140.587 -164.472
 144.000  118.419 -157.038
 159.905  117.476 -171.095
 160.988  144.159 -170.150
 145.571  144.862 -155.828
 154.831  136.151  172.725
 147.951  126.989 -163.193
 150.546  133.262 -161.188
 145.773  139.175 -169.504
 146.311  125.073 -165.303
 146.354  148.042 -152.980
 156.680  136.353 -162.414
 170.328  147.056  176.720
 146.930  129.437 -168.401
 156.530  125.489 -153.100
 158.098  131.532 -159.016
 145.254  132.673 -155.427
 150.713  152.028  178.757
 144.660  128.258 -173.720
 138.461  123.310 -158.752
 153.410  129.924 -163.737
 119.013  132.686 -175.339
 112.434  133.960  154.041
 108.434  129.815  175.110
 121.507  115.381  174.531
 114.655  130.247  173.976
 100.274  143.660  166.063
 132.364  132.417  178.125
 159.023  116.825 -163.701
 154.941  141.250 -163.362
 151.653  135.412 -144.385
 149.513  126.744 -175.178
 169.139  143.360 -176.305
 134.972  147.936  172.456
 109.781  132.687  162.604
 102.752  138.577  179.511
 103.372  141.891  174.472
 116.825  133.099  159.955
 119.972  133.460  154.584
 111.021  147.154  155.936
  93.317  126.109 -170.259
 138.812  132.345 -164.953
 124.510  141.117  177.612
 133.645  147.045 -165.690
 116.463  142.522 -174.849
 110.246  136.915 -179.331
  98.834  127.035  172.661
 112.160  139.147  174.198
 102.100  131.255  169.290
 157.516  122.740 -161.538
 147.552  125.051 -151.438
 143.152  140.179 -157.697
 154.822  131.859 -152.129
 150.450  147.344 -169.705
 160.579  133.824 -175.437
 159.284  137.555 -159.858
 153.336  131.793 -155.011
 141.818  115.566 -156.157
 153.075  146.070 -166.461
 149.836  144.755 -143.955
 144.439  132.594 -174.108
 161.938  135.085  175.059
 107.362  130.168 -174.653
 108.086  138.428  174.785
 109.918  134.774  165.420
 119.761  143.543 -177.442
 111.478  124.887  168.800
 108.200  142.219  175.108
  95.641  142.917  176.309
 114.447  136.119  164.226
 112.473  113.652  175.794
 103.519  141.684  174.755
 121.269  127.760 -174.983
 119.218  139.011  179.328
 132.384  123.822 -174.588
 148.399  130.704 -170.650
 155.858  129.542 -170.342
 151.582  134.757 -173.461
 118.023  127.097 -161.450
 106.281  129.610 -177.248
 104.390  133.184  165.596
  97.627  124.041 -173.010
 111.689  128.399  178.501
 136.427  144.675 -164.837
 160.008  136.930 -165.172
 142.046  131.300 -167.911
 152.098  138.964 -160.757
 153.391  135.892 -175.332
 144.516  142.592 -178.923
 159.207  142.182 -166.903
 157.928  144.573 -161.182
 149.515  139.096 -171.548
 139.633  132.756 -176.960
 165.738  141.115 -170.977
 144.786  132.972 -162.911
 149.630  145.029 -170.542
 148.458  141.779  176.765
 152.156  128.443 -160.593
 119.539  126.524 -177.202
 143.736  141.667 -164.618
 141.791  136.308  175.085
 146.914  122.139  178.884
 148.932  126.248 -176.280
 136.537  127.454 -148.482
 143.641  123.050  175.692
 137.088  119.487  177.200
 148.437  138.637 -160.284
 144.032  134.252 -149.053
 145.852  126.147 -152.866
 152.602  131.225 -169.425
 151.598  125.012 -175.151
 147.327  138.604 -178.559
 127.498  127.991 -168.965
 130.602  144.714 -160.098
 159.088  127.219 -174.305
 120.882  127.155  173.450
  96.557  126.643  179.903
 120.178  117.128  175.523
 106.232  143.267  148.492
 162.619  138.720 -161.151
 155.664  142.014  170.270
 141.607  124.481 -166.789
  97.603  119.614  157.085
 106.931  140.381  178.483
 131.848  136.313 -174.129
 150.002  134.057  159.973
 161.359  152.190 -169.753
 157.974  155.934 -162.721
 139.615  142.127 -160.758
 151.224  147.079 -155.207
 159.857  121.978 -169.969
 159.264  135.685 -161.940
 148.717  137.226 -166.151
 147.850  133.569 -167.772
 125.870  131.019 -171.575
 156.589  146.336 -168.561
 151.915  138.352 -166.306
 144.907  133.067 -170.477
 152.372  115.594 -165.902
 164.357  141.276  177.339
 140.694  150.274  177.718
 120.312  132.470  173.962
 111.414  129.533  165.620
 115.480  137.948  170.400
 113.081  137.165 -177.951
 134.650  149.529  177.558
 133.617  128.519 -172.088
 125.731  139.292  171.506
 117.460  136.921  177.783
 115.777  142.864  161.716
 121.194  134.749  172.888
 105.875  112.842 -174.896
 122.631  123.363  175.633
 113.169  147.884 -165.690
 144.960  126.134 -169.218
 130.542  129.548 -161.985
 135.819  134.544 -149.192
 126.188  133.411 -171.314
 150.813  141.212 -164.725
 154.864  131.380 -176.681
 157.682  145.233 -165.629
 152.006  137.916 -150.504
 141.895  124.112 -178.348
 152.967  123.183 -174.508
 139.835  141.170 -171.588
 139.735  139.466 -170.632
 146.049  136.072 -174.072
 161.522  123.287 -146.599
 148.330  134.232  171.673
 102.672  139.827 -172.804
 143.964  135.872 -151.077
 140.779  136.342 -161.863
 158.608  136.708 -170.391
 141.544  134.197 -162.079
 158.512  138.948 -168.977
 134.396  146.110 -161.430
 138.207  139.788  166.135
 141.054  138.151 -171.529
 123.981  143.535 -175.362
 142.205  134.696  168.933
 118.008  130.715 -175.771
 114.881  147.133  176.794
 138.374  141.718  169.719
 156.152  135.605 -170.068
 137.773  140.609 -167.753
 144.717  136.509 -156.841
 139.722  139.733 -145.537
 149.247  133.420 -175.265
 112.432  120.726  177.028
 144.398  137.496 -176.434
 158.316  121.390 -167.052
 135.540  129.417 -171.393
 152.031  134.837 -173.682
 109.807  141.569 -169.115
 115.409  128.877 -175.436
 133.881  128.648 -169.967
 174.649  147.916 -170.328
 151.432  142.090 -156.148
 152.830  130.437  177.966
 137.871  136.869 -174.025
 153.677  127.486 -169.279
 137.825  135.070 -170.977
 133.504  120.871  179.674
 158.215  143.950 -169.624
 141.837  143.828 -171.732
 151.548  139.777 -168.026
 149.991  123.868 -155.800
 108.338  138.532  171.899
 122.552  133.112 -175.671
 102.437  116.424 -175.860
 112.140  139.339  173.081
 154.602  133.230  165.852
 152.019  138.767 -171.882
 118.668  139.955  178.978
 141.886  124.386  177.333
 132.752  140.355  175.717
 150.356  104.467  170.534
 144.289  144.713 -152.947
 162.866  142.515 -179.837
 158.986  143.991 -159.380
 124.024  130.037 -150.204
 161.522  135.973 -155.498
 141.233  142.081 -157.149
 116.470  141.608  176.882
 123.874  141.239 -177.941
 113.712  133.684  173.398
 107.366  133.640  176.280
 149.324  129.222  163.426
 110.611  140.588  153.692
 108.236  141.548  163.126
 112.709  124.955  151.995
 106.910  147.425  157.728
 115.227  131.418  156.522
  97.626  143.467  172.410
 125.601  137.508  174.389
 122.941  142.603  164.494
 139.046  130.626 -179.772
 105.056  143.016  164.737
 101.071  127.040 -174.125
 167.624  142.617  179.907
 145.513  139.246 -145.521
 165.766  124.624 -175.905
 151.988  148.006 -167.452
 159.466  114.250 -163.708
 156.856  131.643 -170.243
 174.346  133.384  173.008
 161.345  127.416 -173.594
 154.739  141.817 -164.595
 138.789  127.706  174.404
 140.049  127.296 -175.767
 128.464  129.511 -167.372
 148.678  138.052 -177.126
 155.578  141.725 -167.731
 164.749  132.970 -158.966
 125.749  133.738 -159.056
 129.867  129.786  178.298
  99.735  136.834  173.557
 100.228  123.861  177.630
 105.151  128.111  167.588
 141.940  146.365 -168.463
 139.008  119.353 -168.603
 114.958  134.356 -170.247
 100.983  129.951  166.498
 150.789  131.843  175.968
  97.281  117.208 -175.529
 127.805  129.687 -155.965
 141.401  143.505 -159.307
 154.335  128.113 -164.932
 148.050  131.579  176.070
 141.606  121.561  177.375
 159.983  143.677 -174.274
 116.287  135.803 -179.162
 100.701  142.099  174.311
 109.967  134.951  165.048
 117.374  129.909  165.414
 127.690  133.063 -172.699
 129.545  122.587 -176.392
 106.835  132.617 -177.998
 106.033  134.329  166.189
 109.875  132.634  166.563
 111.961  129.779 -172.794
  93.477  134.029  174.088
 119.308  131.755  160.105
 105.554  131.091 -168.731
 102.962  148.958  148.674
 100.785  131.289  179.912
 107.720  128.474  177.532
 111.796  138.958  167.673
 112.897  130.137 -177.260
 109.659  137.371 -177.996
 161.036  130.819 -166.907
 160.266  145.726 -168.257
 135.512  119.621  177.915
 142.330  127.804 -162.375
 147.509  124.821 -170.711
 149.850  151.801 -177.389
 147.242  134.316 -167.413
 142.817  141.621 -176.781
 140.452  125.987 -168.646
 113.894  150.073  163.536
  96.828  130.974  155.398
 134.422  131.226  179.679
  98.750  137.113  165.352
 135.483  138.295 -171.536
 109.733  120.504  167.635
 102.750  146.896  166.976
 104.309  124.341  175.368
 103.456  149.166  172.016
 115.515  135.624 -174.442
 132.478  130.434 -162.344
 151.561  140.020 -166.117
 140.700  138.690 -175.295
 148.281  135.131 -163.947
 134.983  143.368 -174.120
 125.216  129.488 -175.320
 111.819  127.291  170.228
 105.196  136.391  168.646
 105.379  137.098 -176.770
 115.751  115.042  162.271
 100.376  125.388  166.576
 141.552  145.013 -168.335
 136.817  135.751 -152.734
 138.357  129.989 -158.515
 133.468  112.051 -164.705
 139.524  130.538 -153.130
 134.852  130.751 -168.202
 156.049  129.325 -164.241
 161.915  143.764 -166.126
 123.877  126.663 -172.107
 101.699  128.461  178.314
 159.761  132.788 -163.138
 146.586  130.585 -169.036
 153.640  135.185 -169.181
 163.259  136.561 -168.406
 150.935  116.139 -163.826
 160.059  126.029 -172.965
 156.531  134.783 -165.887
 155.374  141.102  177.342
 150.539  141.979 -179.246
 157.206  129.902 -178.594
 151.707  119.335 -176.533
 155.025  123.201 -164.001
 141.819  126.494  176.057
 135.643  140.774  176.193
 147.712  146.604 -163.566
 160.767  126.800 -171.388
 147.346  146.991 -170.783
 154.640  134.177 -164.155
 152.043  126.136 -179.326
 115.780  143.637  166.349
 112.028  136.929  171.412
  96.849  124.142  163.530
 109.712  136.693  167.838
 110.213  135.511  172.907
 100.179  140.967 -164.115
 101.003  123.366  179.980
 148.836  131.346 -170.416
 113.479  137.149  152.367
 105.633  134.712  178.455
 106.340  128.080  167.965
 113.321  121.028 -175.845
 108.621  143.251  174.911
 102.866  140.725 -176.875
 115.935  135.688  159.895
  98.581  127.374  174.921
  95.858  139.871  164.016
 119.555  131.969  178.259
 136.503  129.105 -163.399
 159.054  148.523 -162.200
 146.193  123.747 -168.850
 158.234  134.109 -155.306
 170.757  123.619 -176.068
 137.211  138.332 -166.593
 136.352  154.369 -176.178
 139.771  136.371 -176.519
 149.868  132.613 -166.992
 145.385  147.192 -163.443
 163.877  130.968  179.443
 144.448  137.069 -166.423
 152.732  127.784 -158.237
 159.468  137.554 -159.873
 147.943  129.368  170.503
 151.586  126.271 -154.791
 153.762  127.970 -168.656
 151.485  127.710 -156.452
 102.185  126.045 -173.442
 140.172  123.562 -178.673
 160.487  141.993 -167.840
 146.655  131.727 -162.149
 153.695  140.442 -174.945
 156.194  138.098 -164.529
 155.371  139.526 -179.796
 136.017  127.990 -165.544
 156.246  135.063 -159.176
 150.838  134.457 -170.110
 133.801  135.946 -162.333
 141.364  149.741 -162.398
 163.965  135.576  176.413
 154.196  141.219 -176.184
 170.102  131.509 -155.584
 149.826  126.742 -169.199
 147.100  136.611 -158.606
 141.471  136.131 -160.642
 156.210  119.182 -174.692
 147.053  143.407 -171.428
 144.997  148.245 -156.705
  99.424  135.136  169.748
 132.838  127.904 -169.312
 139.647  151.935 -173.551
 112.623  132.344 -174.317
 142.720  128.956 -176.056
 154.109  141.679 -171.745
 119.721  142.955  168.943
  95.628  134.202  161.691
 109.395  132.834  162.376
 104.616  143.710  168.996
 107.674  133.952  177.487
 111.027  137.293 -178.096
 104.673  132.402  154.679
 100.388  132.243  165.963
 104.729  146.656  162.311
 115.677  136.442  169.028
 116.935  130.843  172.072
 144.091  130.356 -172.031
 157.179  135.838  171.763
 139.107  136.308 -155.042
 155.306  133.193 -171.085
 149.238  145.013 -159.262
 147.730  138.156 -173.590
 127.685  132.364 -170.740
 166.526  139.934 -163.937
 149.697  141.862 -163.685
 145.212  129.204  178.952
 160.537  124.639 -180.000
 156.378  138.068 -168.670
 149.032  118.201 -170.857
 142.120  132.763  177.531
 143.087  125.206 -161.730
 161.067  137.198 -158.853
 144.841  146.243 -173.628
 133.614  137.551 -176.111
 105.403  129.535  157.612
 154.673  142.008 -174.393
 144.415  129.751 -177.812
 140.066  120.605 -173.355
 140.251  124.280 -172.427
 138.735  146.205 -167.641
 151.479  147.409 -159.314
 128.245  146.964  178.760
 157.359  140.177 -157.781
 159.672  140.915 -171.024
 152.180  137.636 -159.501
 144.319  129.646 -141.178
 151.301  133.883 -160.283
 149.143  130.722 -179.524
 130.147  147.959 -171.584
 144.816  138.515 -163.383
 144.444  140.090 -175.018
 144.200  147.892 -158.150
 161.420  143.870 -170.874
 149.384  138.333 -163.771
 141.746  141.841 -168.008
 165.066  137.231 -163.662
 139.690  136.568 -173.862
 140.480  138.690 -173.234
 138.097  141.210 -175.047
 154.191  137.728 -164.746
 143.604  141.606 -154.334
 142.504  130.375 -169.068
 157.056  126.090 -175.848
 151.920  140.907 -166.099
 160.187  137.699 -168.272
 165.334  135.000 -177.503
 144.595  135.994 -157.950
 140.061  132.366 -152.265
 139.741  131.882  167.775
 153.148  142.098 -148.775
 104.050  137.692  169.475
 101.545  121.196 -179.377
 137.736  118.184 -175.284
 146.719  127.996 -165.421
 152.591  145.724 -151.716
 159.479  138.319 -159.712
 169.732  132.760 -159.609
 167.176  143.954 -162.585
 157.264  142.548 -159.148
 141.685  130.993 -163.220
 154.480  129.669 -178.113
 151.529  125.722 -171.823
 128.421  142.583 -175.361
 155.618  134.286 -166.660
 119.509  135.544 -173.211
 148.816  133.686 -170.534
 153.337  127.282 -174.050
 153.601  148.931 -168.225
 160.327  137.987 -156.595
 135.892  119.561 -155.213
 165.077  133.867 -179.153
 144.958  121.302 -148.220
 135.967  125.477 -170.857
 140.040  139.250 -173.332
 149.213  147.371  179.586
 115.291  133.990 -168.380
 144.564  123.250 -151.104
 124.014  130.154 -155.970
 147.816  144.900 -165.549
 155.612  130.569 -179.803
 107.905  147.253  161.913
 110.556  131.471  170.089
 104.197  133.115  175.877
