-116.647  146.337  164.387
-116.710  140.576  179.573
-102.214  156.915 -163.142
-101.066  135.099  173.037
-110.233  143.033 -172.482
-100.174  162.345  177.023
-110.288  132.857  173.012
-102.583  149.253 -177.561
-119.593  143.425 -177.854
-100.520  155.724  165.868
-100.050  155.933  168.052
 -82.134  138.417  174.538
-103.403  142.234  170.942
-108.677  151.637  176.549
-105.078  164.361  165.660
-108.488  132.976 -175.906
-114.061  143.363 -176.215
-102.280  161.071  159.298
-114.295  150.241  178.682
 -99.333  160.731  157.482
 -94.137  149.244 -176.717
-107.605  161.887  179.597
 -83.889  144.760  177.146
-103.498  140.835  173.705
-110.410  145.378 -164.369
 -93.596  155.744 -178.448
-103.650  158.940  157.720
 -93.202  143.952  155.187
-106.596  146.264 -174.823
-117.482  158.542 -176.330
 -91.656  158.509 -175.837
 -92.364  148.974 -174.431
 -91.953  146.209  175.670
-122.489  157.154 -174.713
 -95.560  147.532 -179.426
 -94.345  134.149  178.263
 -92.478  146.043 -179.721
-116.220  142.875 -167.650
 -75.661  168.867  175.210
 -98.611  161.830  159.371
-103.810  153.831  166.054
-101.626  155.657  140.957
-110.242  147.480  166.927
 -93.493  144.063  179.859
-111.717  155.227  165.847
-106.779  155.863 -175.259
 -98.226  144.040 -166.013
 -99.855  151.460 -177.137
 -90.825  150.345  174.456
-103.179  151.339  170.905
-102.452  150.962  175.641
-102.552  138.403 -174.283
-125.064  152.936  178.510
-100.809  140.432 -173.967
-119.148  153.591  176.427
-106.063  135.836  168.077
-105.781  147.712  161.847
 -99.596  153.742  159.767
-116.088  150.138  166.540
-128.937  140.973 -174.664
-114.157  142.797  157.404
 -95.167  158.165  173.351
 -96.061  142.232  173.163
-104.120  166.174  164.653
-113.994  147.720 -175.406
-104.299  140.557  179.005
-107.823  162.094  166.669
-100.699  156.101  174.051
-108.857  142.906 -173.966
 -98.341  156.044  179.314
-104.135  150.116  160.037
-113.507  160.041  164.745
-101.815  144.401  172.719
-105.978  154.196  175.282
-108.359  153.995 -178.984
-113.216  158.844 -178.883
 -95.211  130.873  179.260
 -97.548  143.324  173.721
 -88.791  139.771  170.529
-113.469  154.556 -173.210
 -98.481  143.844  172.899
 -88.328  154.758  179.578
 -90.087  152.057  174.959
 -89.243  165.559  174.659
 -94.014  144.619  168.220
 -94.557  162.364  162.593
-112.874  148.388  177.387
-103.854  152.771 -171.716
 -99.246  154.229 -169.102
 -85.067  147.676  169.592
-117.625  147.321  165.091
-104.871  151.202 -163.713
-107.471  157.606 -179.062
-101.359  153.274  167.720
 -95.687  161.980  175.359
-105.557  151.881 -170.284
-114.184  156.558 -176.044
 -88.329  151.641  165.299
-111.200  147.345 -179.038
-105.705  138.211 -179.004
-109.151  138.584 -175.348
-103.781  141.126  173.581
-105.774  155.564 -165.956
-107.107  146.552 -169.844
 -96.451  159.554 -178.281
-112.939  131.571  175.763
 -98.154  143.444  178.608
-133.315  138.654  175.135
-128.386  152.158  172.160
-119.391  148.430  169.460
 -93.479  163.542  177.175
 -98.279  146.327 -173.347
-102.510  122.326  174.962
-100.562  161.959  152.171
-104.064  144.947 -178.892
-115.390  148.644  179.532
-108.462  141.898  171.905
-103.009  157.812  145.858
-101.244  144.996 -160.851
 -98.800  155.292 -177.246
-102.048  150.658 -166.507
 -96.519  152.824  178.252
-103.120  156.248 -166.481
-110.796  150.837 -166.531
-132.206  159.203  167.677
-103.847  151.311 -173.323
-101.285  162.851 -176.825
-101.864  150.796 -177.132
 -91.931  144.705 -173.437
 -93.605  141.944  176.078
 -88.920  146.966 -179.934
-102.244  163.957 -167.766
-107.069  149.748  174.738
 -89.957  140.615  156.256
 -85.053  159.429 -170.299
 -98.621  157.398 -168.771
-100.842  153.617  163.675
 -98.133  136.014  175.368
 -91.825  146.028  177.269
-101.095  147.003 -170.496
-114.652  149.794 -171.396
-113.704  153.731  176.153
-111.427  162.849  178.422
-113.672  155.041  159.111
-108.508  151.577 -176.358
 -91.132  158.983  178.842
 -94.724  143.446 -179.613
-106.532  149.158  178.282
 -99.694  163.784 -174.421
 -85.765  162.167  163.513
-109.598  164.438  175.701
-109.804  145.895 -167.806
-131.342  137.801  164.667
 -91.034  159.202  157.007
 -97.946  146.051  148.032
-114.695  159.987  177.389
-118.414  146.815  163.786
 -96.488  150.071 -173.991
 -87.696  153.339 -164.681
 -88.027  146.043  172.530
-101.176  149.603  177.245
-117.999  138.913 -161.886
-108.012  149.061 -174.716
-106.231  164.374 -175.919
 -91.825  159.862  174.618
 -96.419  143.759 -167.321
 -95.652  148.430  177.197
 -96.813  156.643 -162.674
 -97.908  156.229  175.586
 -95.840  157.931  173.349
-101.572  149.574 -158.302
 -93.850  148.929 -179.795
 -95.193  141.206  174.273
-117.911  147.927  179.545
-107.725  138.530 -179.002
-117.640  138.365  177.811
 -96.791  144.025 -171.176
-118.584  144.539  179.832
 -99.473  155.581 -178.748
-114.155  154.961 -177.362
 -93.097  148.681  178.892
-108.101  152.905  167.389
 -90.165  152.738  177.978
 -99.916  155.755 -171.584
 -94.649  153.886 -179.225
-108.893  149.420 -172.333
-114.995  154.579  168.606
-113.490  139.984 -174.828
-107.142  154.116 -175.746
-109.806  164.514  171.360
-120.710  135.742 -171.300
-106.581  165.006 -175.073
 -95.177  152.017  173.801
 -96.510  146.081 -179.651
-101.035  158.487 -176.783
-112.309  156.008  158.433
 -95.333  139.282  173.349
 -84.504  153.100 -178.013
-122.788  143.241  173.937
-107.937  140.341  175.686
-109.484  151.309  168.857
-104.040  143.494 -173.555
 -95.372  153.515  178.047
-102.153  153.193 -167.412
 -90.082  144.603  177.940
 -92.007  147.186 -176.574
-108.264  160.204  170.666
 -99.186  140.728  175.994
 -99.965  149.559 -165.899
-109.415  141.962  166.215
 -95.236  154.290  177.168
-105.365  148.583 -179.685
 -96.682  137.621 -166.853
-110.783  158.686  177.617
-119.542  149.493 -171.061
 -92.491  168.324  176.706
-103.728  137.463 -170.456
-101.818  157.500 -178.269
-102.644  151.617  178.276
-104.498  144.600 -171.642
 -94.826  152.895  179.157
 -94.852  159.449 -173.713
 -93.558  147.354  173.756
-102.793  162.052  168.562
 -84.953  144.780  160.243
 -85.802  150.986  179.870
 -87.687  150.691 -177.809
-111.296  154.387 -164.053
-107.835  148.026  174.970
-124.210  159.729 -178.136
-110.293  140.272 -176.530
-112.404  154.397  160.110
-105.243  141.650  164.866
 -99.517  149.178  166.092
-123.534  139.272  173.942
 -91.021  145.299 -179.422
-107.239  158.114 -172.954
-104.567  151.727  166.942
-124.232  157.933  171.157
-112.574  141.351  169.695
-111.077  146.751 -173.648
 -94.934  143.582 -177.938
 -92.517  148.772 -172.024
 -98.901  151.699  159.075
 -91.739  132.700 -173.301
-104.597  154.673 -169.459
-110.032  152.322  160.112
-100.367  165.387 -162.820
 -95.490  146.942  151.533
-100.493  163.632  170.862
-124.118  154.789 -171.296
 -89.277  141.040 -171.829
-111.766  156.821  161.773
-109.350  153.219  168.701
-108.797  158.585  172.314
 -98.310  141.092  158.824
 -98.981  145.943  161.730
-120.218  146.156  169.553
-108.625  155.078  173.636
 -96.385  141.836  172.314
 -99.940  152.797  178.436
 -91.310  159.126 -172.380
-119.949  158.194  172.723
-114.221  139.189 -174.881
-122.868  152.194  158.266
 -96.294  156.182  168.947
-101.324  157.755 -174.639
-100.064  152.478  169.859
-118.894  147.829 -167.884
 -93.100  147.177 -164.013
-114.217  144.459 -170.790
-107.276  151.883 -166.867
 -88.729  152.231  169.930
 -85.549  152.703  162.021
 -78.447  136.800  161.036
 -98.554  148.883 -174.632
-107.569  141.329  165.727
-103.371  155.865  172.730
-104.413  146.814  178.301
 -98.292  133.099 -177.526
-114.557  163.197  173.255
-112.902  157.659 -172.145
-100.807  135.075  159.193
-108.561  163.634 -169.857
 -94.826  154.637  178.306
-106.100  147.391 -166.975
-104.778  141.591  172.413
-106.686  157.460 -178.952
-115.650  139.470 -180.000
-118.050  157.201  165.085
-121.087  146.240 -176.530
-125.621  153.439  174.526
 -99.959  132.797 -179.098
-110.095  150.922  177.131
-109.574  148.543 -173.255
-102.078  154.268 -170.969
 -96.054  152.253  176.420
-103.773  160.176 -168.402
 -92.942  143.054  170.592
 -99.228  148.856  167.455
-118.645  158.318  165.012
-101.684  147.040  169.295
 -91.126  138.016  166.563
 -94.612  146.512  166.868
 -90.559  145.272  171.254
-102.768  160.968  162.403
-123.313  151.642  165.990
 -98.924  137.726  158.239
-115.412  141.156  177.005
 -88.680  141.354  175.873
-115.002  161.785  164.725
 -99.841  150.542  176.388
 -98.985  142.608  176.356
-109.425  151.128  163.315
 -96.426  149.971  175.282
 -95.840  145.969 -173.701
-110.065  156.009  171.487
 -97.905  140.518  172.847
-109.317  144.530  169.035
-113.373  153.718  179.268
-103.297  149.144  168.217
-120.043  146.985  166.857
-109.154  151.448  164.648
 -98.282  148.916  179.048
 -99.932  142.133  177.302
 -92.160  151.338 -171.060
-102.775  147.517 -158.747
-124.418  162.488 -170.385
 -98.819  159.064 -171.585
-110.030  158.093 -178.125
-105.979  158.164 -179.664
-108.381  152.648  175.578
 -97.879  150.582  169.505
-109.963  143.056  176.929
-103.735  141.508  174.549
 -91.782  156.164 -172.964
 -97.689  150.312  168.408
-108.007  152.537  178.454
-111.779  146.398  171.251
-104.560  151.289 -179.921
-101.003  145.087  174.552
 -95.559  144.530 -168.965
-113.489  158.140 -163.105
-109.461  145.933  169.214
-102.325  141.090  173.256
-124.901  148.107  154.219
 -99.423  153.951 -165.662
-116.290  155.690  161.696
-111.321  133.839  177.761
-111.522  142.431  172.352
 -98.861  144.793 -177.203
 -86.575  143.595  179.133
-101.112  148.459  175.413
-116.763  149.690  174.899
-113.991  147.290  169.762
-111.855  149.494 -171.334
-120.261  151.996  164.348
-125.764  143.986 -175.366
-121.138  151.827  170.960
-117.099  156.319  178.744
-115.299  147.415  179.633
-104.048  156.841 -168.660
-104.044  142.612  174.349
-116.267  142.683 -175.379
 -95.610  136.347 -172.674
-106.933  135.231 -172.519
 -95.407  152.598  176.212
 -97.296  163.789 -178.037
-109.805  143.526 -171.653
-100.498  145.971  174.895
-113.022  158.014  175.575
-112.753  154.005  172.034
 -96.619  155.713  174.292
 -95.270  159.217  170.047
 -97.124  149.294 -173.696
-104.837  143.289  176.281
 -88.566  154.277 -176.735
-103.573  157.940 -176.126
-100.565  146.686 -164.754
 -86.393  148.862 -176.690
 -97.505  146.315 -176.358
-106.843  149.633  176.899
-118.166  152.168  176.640
-122.503  155.214  168.162
-130.452  157.907  157.694
 -96.538  151.103 -166.172
 -94.514  144.594  177.072
-105.491  146.815 -162.918
 -94.466  143.721  176.955
-108.014  145.090  174.415
-110.256  160.872  177.257
-103.124  152.507 -175.384
-101.736  134.581  164.343
 -95.721  151.612 -165.509
 -92.214  154.320  176.145
-107.396  156.637 -164.761
-113.581  152.876 -174.966
-105.396  144.796 -169.177
 -96.453  151.091 -177.290
-108.910  146.838 -174.319
 -98.850  150.188 -179.681
-128.302  158.411  157.490
-121.973  148.478  161.359
-107.012  156.313 -173.073
-114.984  153.865  172.702
-125.540  138.828  162.406
-111.339  151.489  172.073
-111.472  154.684  161.310
-103.936  150.944  170.187
 -92.699  144.401  164.114
-102.075  160.478  179.397
-102.290  142.051  160.071
-116.041  149.409  157.883
-117.628  150.151  172.192
-128.050  158.582  169.933
 -97.810  154.731 -165.398
-100.831  145.968  179.001
-107.463  144.953 -166.199
-126.337  152.093 -175.892
-128.655  151.251  160.803
-106.063  154.754  153.264
-112.623  140.821 -170.738
 -99.369  136.747  177.819
-100.831  156.262  167.017
 -99.002  140.112 -174.459
 -99.830  155.674  176.038
-128.800  160.571 -177.665
 -96.756  148.855  174.716
 -95.012  144.009 -173.511
 -83.988  144.032  176.213
-124.330  163.909  164.398
 -97.200  148.336  167.880
-115.901  143.252  158.445
-100.313  147.741  177.354
 -97.023  151.641  150.669
 -95.497  154.673 -178.126
-106.284  150.865 -179.401
 -96.210  150.918  179.280
-106.741  147.738  178.700
-106.144  141.884  178.988
-115.600  141.138  176.893
-116.400  132.243 -171.273
-107.270  146.957  175.234
-111.643  146.349  172.716
-116.819  147.855  179.438
-106.793  140.840  179.527
 -97.888  142.379  173.176
-104.256  142.273 -179.838
-102.296  135.009  163.061
 -99.068  147.850  177.014
-120.993  153.419  179.143
-103.212  162.848 -169.380
 -94.046  145.324 -162.088
-108.447  144.158 -167.837
 -94.370  151.223  172.297
-105.671  144.167  161.595
-112.831  148.239 -172.563
 -90.554  152.391 -179.467
 -98.799  157.719  175.194
-109.940  142.037 -174.807
-112.942  154.547  171.524
 -93.231  153.435 -175.560
 -98.020  147.640  170.676
-115.944  146.319  172.006
-124.953  174.671  163.384
-116.979  119.094  155.585
-128.839  142.444  178.752
-102.598  151.794  150.193
-101.447  150.382  167.576
-109.697  160.137  174.307
 -91.267  144.329 -177.440
-113.926  136.101 -175.392
-120.960  160.778 -178.935
-116.785  159.665 -175.434
-105.882  147.683  147.368
 -99.087  161.774 -159.480
 -97.658  153.244 -169.468
-100.328  143.129 -166.872
 -98.132  157.134 -175.841
-114.150  153.108 -174.861
-100.589  158.791 -177.804
-104.011  152.775 -179.361
 -95.153  152.836  174.248
 -99.241  136.138 -161.828
-109.131  150.655  173.021
-103.442  152.660  177.215
-105.441  138.283 -169.546
-108.826  164.999  172.545
 -79.553  140.438 -178.873
 -93.054  146.781 -177.332
 -97.923  158.951 -175.946
-116.172  145.672  161.027
 -97.356  138.164  166.884
-103.143  144.858 -176.454
-109.456  155.018 -171.875
 -93.544  140.928 -172.448
 -93.775  146.046  173.270
-118.007  153.343  170.834
-115.048  151.849  171.147
-100.743  146.726 -173.283
 -97.989  146.923  178.837
 -95.678  156.375  159.536
 -89.456  145.031 -155.164
-127.782  156.197  172.328
-106.194  160.057 -177.930
-121.722  149.432  172.264
-113.584  141.886  170.411
 -98.026  145.553  179.019
-124.885  152.317 -179.437
-110.112  147.697 -177.644
-107.360  143.516 -174.726
 -96.840  144.600 -171.492
 -97.032  162.010  168.083
-103.049  147.004  175.215
-112.702  144.965 -178.066
-101.297  138.795 -172.242
-133.053  150.959  161.236
-118.454  154.507  174.767
-115.553  146.237  179.701
-107.759  152.440  169.244
-106.322  149.507  175.108
 -98.601  149.199  176.790
-115.213  150.302  170.512
 -97.223  152.414 -170.805
-122.730  149.826  164.838
-116.033  141.429 -173.109
-105.325  138.467  173.666
 -97.561  158.417 -164.850
-100.161  149.252 -179.434
-114.125  152.988  179.580
-102.547  153.781  162.312
 -91.346  142.328 -178.696
-101.513  148.305  176.464
-106.307  153.239  156.660
-109.291  152.782  176.494
-114.605  158.925  175.569
 -89.693  133.274 -179.016
-103.273  160.003  174.589
 -87.775  146.543 -176.007
 -98.138  156.735  159.986
-101.367  150.163 -171.505
-105.512  156.501 -179.333
 -98.916  151.491 -176.278
 -95.952  133.952 -176.278
 -97.699  144.318  178.533
-100.336  147.174 -178.736
-108.970  151.171 -171.630
-104.394  154.361  167.225
-105.185  157.387  174.092
-108.288  150.911  176.524
-105.372  152.717  167.762
-107.553  156.979 -164.539
 -93.761  146.755 -179.802
 -94.876  163.389  155.176
 -95.075  157.965  178.905
-113.540  153.964  178.236
-102.863  156.003  175.688
-104.589  139.277  172.795
-106.369  156.550  176.645
-107.388  146.031  159.311
-115.136  157.168 -154.772
-103.633  143.991  179.135
 -87.289  147.089 -174.881
-100.402  153.040 -177.887
 -85.871  160.072 -167.264
-104.629  157.481  154.820
-102.309  152.579  162.588
 -94.892  150.107 -178.367
-103.718  146.287 -163.531
-106.876  142.813  169.382
-119.713  150.390  170.437
-106.296  148.737 -172.888
-116.979  152.586  173.683
-113.419  144.775  153.259
-117.288  155.369 -176.778
-107.076  155.394 -161.539
 -93.168  146.788 -153.526
 -95.477  138.929  175.484
 -83.138  157.598  175.353
-102.355  137.790  163.874
-105.853  154.316  176.026
-109.077  163.122  166.498
 -91.486  157.914  176.443
-100.814  153.801  170.021
-108.322  153.750  165.450
 -96.159  145.024 -174.382
-112.526  157.566  179.766
 -87.679  160.790 -168.944
 -91.364  138.415 -164.744
 -94.720  147.716 -165.288
-118.110  143.793  173.806
-100.991  161.027  177.883
-103.060  157.286  177.126
 -99.514  155.845  146.366
-108.888  147.873  177.839
-122.421  149.621  163.504
 -88.138  143.425 -168.274
-107.158  156.428  176.537
-112.608  139.341  172.555
-103.990  152.901  174.174
 -98.935  151.185 -178.699
-109.696  162.500 -178.425
 -97.932  144.599  177.953
-105.478  148.382  178.617
 -95.648  145.055 -175.254
-100.360  154.558  179.722
-102.903  158.490 -168.019
 -85.962  148.592  173.822
-104.853  157.171  161.245
-111.478  143.992 -174.504
-105.418  153.758  177.766
-101.859  137.261 -175.398
-107.769  147.595 -159.426
-109.788  162.654 -168.906
-101.732  155.495 -176.564
 -91.583  146.260 -167.180
 -96.319  144.014  179.870
 -87.503  154.047  175.207
-103.183  147.838 -173.612
-104.821  143.383  179.749
-103.613  151.959  167.031
 -92.051  142.772 -165.504
-102.006  135.763 -164.459
-103.441  152.338  172.923
-107.923  160.829 -178.681
-108.348  151.406  173.080
-124.572  148.090 -164.855
-100.138  154.667 -169.189
-101.705  157.462  177.175
-103.551  143.953 -170.002
-118.919  153.350  152.082
-119.661  150.549 -178.018
-108.729  150.985 -155.841
-105.455  140.752  173.465
-100.111  131.508 -153.788
 -96.605  147.981  168.772
-111.210  152.724 -171.179
-111.063  149.213 -178.010
-100.030  142.489  165.790
 -92.588  142.202 -173.315
-110.977  152.795 -171.482
 -97.978  141.777  170.497
-100.071  151.920  179.142
-101.064  130.887  175.440
-110.897  148.380 -136.639
 -95.456  163.343  174.875
 -88.342  149.048  169.956
-103.221  142.664  177.072
-113.420  149.955  178.457
 -97.587  145.566  174.419
-110.040  141.845  175.074
-107.210  148.891  163.754
-100.220  128.851  176.829
-104.129  144.144  179.001
-101.918  144.490  173.563
-119.906  156.855  173.998
 -97.800  156.235  176.964
 -98.998  150.620 -177.565
 -96.190  155.506  170.184
-114.561  132.785  179.403
-121.606  147.571  163.463
-102.110  154.304 -174.228
 -97.968  156.016  178.740
-110.654  151.296  173.671
-109.988  146.232  175.998
-119.945  148.901  175.737
-108.453  150.198 -172.985
 -98.459  139.976  175.250
 -98.663  136.926  171.252
 -95.291  150.688  152.125
-116.132  164.349 -173.468
-107.463  148.497  165.081
 -89.520  150.836 -178.714
 -92.203  156.881  167.199
-111.107  155.645  179.929
-115.486  141.713  165.346
-115.218  144.290  167.283
 -90.651  153.190  178.473
-117.503  144.021 -168.003
-103.345  142.722 -174.537
-129.810  141.034  163.746
-109.907  149.604  166.984
-105.935  149.030 -171.193
-106.733  140.212 -178.897
 -94.345  160.711 -170.220
 -85.596  145.367  171.439
-100.430  152.888 -175.450
-108.722  146.793  163.309
-111.650  154.738  169.543
 -94.568  147.342 -170.222
-109.005  147.022 -168.262
 -90.117  152.489  176.899
 -97.974  150.508 -174.984
 -92.775  162.293 -167.993
-113.720  151.846  168.998
-104.719  154.768  177.305
-103.408  146.925  170.005
-103.106  152.017  178.778
 -96.733  160.832 -179.752
 -86.739  161.040  174.596
-118.174  148.022 -174.770
 -98.676  144.564  172.727
 -99.545  164.742  179.921
-116.499  155.240 -171.966
-124.363  163.508  178.593
-117.527  147.509  179.857
-111.882  138.803 -176.846
-126.955  134.925  163.136
-108.160  150.740  173.525
-105.464  149.879 -169.987
-110.236  162.500 -176.584
 -92.413  150.611  174.334
-121.363  156.653  177.700
 -90.449  150.396 -175.272
-115.431  141.647 -179.632
-117.693  152.785 -179.559
 -99.654  160.468  178.168
 -91.665  145.287  178.845
 -99.746  135.614 -175.206
-105.982  156.543  174.921
-104.809  141.458 -170.112
 -91.695  165.532  174.096
-106.537  148.812  168.436
-110.290  151.615 -168.383
 -91.634  156.864  176.215
-102.452  142.093 -166.431
 -95.101  151.461 -173.102
 -99.301  151.342  169.985
-117.107  166.397  153.370
-102.078  142.790 -177.292
 -90.405  152.340 -170.580
-112.268  148.530  173.798
-111.414  152.328 -178.774
 -93.804  154.608  173.477
-115.538  154.103  174.828
 -84.721  138.545 -175.926
 -99.802  150.301 -170.176
-115.734  160.928 -177.384
-103.620  155.756 -167.546
-121.890  146.938 -179.416
-114.570  156.344  176.595
 -97.823  145.134 -177.484
 -99.776  163.368  157.582
 -93.496  159.786  173.688
 -92.179  137.784  178.323
-101.673  156.011 -172.255
 -83.934  156.924 -170.538
-113.576  166.310 -175.922
 -98.899  148.023  174.191
-120.657  145.640  166.910
-101.754  159.715 -168.876
-123.503  141.507  170.354
-109.218  139.726  168.495
-124.679  139.677 -178.662
-105.189  145.808  176.054
 -93.100  151.454 -162.188
 -97.063  165.429  168.461
-104.297  133.238  171.286
-104.366  148.236 -173.324
-109.336  139.177 -162.781
-102.224  135.185 -175.626
-107.835  163.155 -168.239
-108.970  151.921 -169.486
-119.637  139.273  165.724
-128.741  154.578 -172.727
-107.874  132.714 -172.120
-103.576  142.350  179.232
-132.599  135.126  167.746
 -97.965  154.858  169.777
-105.747  154.252  169.978
 -97.640  151.163 -176.529
-115.937  155.494  168.072
-111.470  150.318  160.594
-114.228  159.956 -171.028
-109.192  156.488  153.392
-106.637  139.781 -176.083
 -93.461  150.397  167.409
 -88.490  155.064 -178.577
-102.629  153.798  177.329
-104.541  144.710  163.628
 -96.048  153.590 -174.728
 -99.980  153.260  169.296
-110.128  151.927  179.504
-100.410  159.810  173.301
-114.150  167.679  157.969
 -98.233  142.552  162.203
 -92.180  154.516 -177.568
 -98.440  146.483  170.199
 -92.779  159.559 -164.410
-114.304  153.863  164.452
-107.309  146.481  168.957
 -99.774  148.931 -176.722
-109.296  148.283  175.392
-106.152  144.356 -170.161
 -89.732  143.846 -175.686
-103.206  137.523  170.288
-102.303  153.759  173.487
-108.970  152.884  177.668
 -99.291  150.221 -173.443
 -97.141  150.378  171.169
-108.941  159.152  170.430
 -99.244  159.090 -179.739
 -95.690  148.987 -174.650
-108.388  158.331  168.294
 -94.143  147.806  175.461
-124.563  146.744 -173.961
-108.898  151.494  162.630
-109.560  145.224  179.365
-103.836  153.787  176.064
-116.734  143.743 -178.773
-109.364  159.448 -176.617
-115.710  147.207  179.421
-111.040  157.045 -176.969
 -96.421  154.261  166.866
-105.159  140.426  177.469
-103.892  146.883  167.268
-105.052  154.027  166.799
 -96.874  156.169 -175.926
-118.190  153.618 -172.532
-110.592  148.589  174.196
 -99.428  148.602 -177.621
 -92.918  153.162  158.189
 -98.763  151.959 -170.366
-107.728  173.243  172.533
-107.863  138.062  167.575
-113.458  140.282  161.141
-106.398  153.823 -174.287
 -93.337  139.218  166.963
-114.160  146.011  172.844
-108.870  154.902 -177.574
-110.744  154.685  169.378
-117.672  153.290  179.376
-107.445  135.091  176.798
-100.569  149.525  173.332
-114.851  145.256 -175.738
-102.401  142.153 -173.821
 -99.831  143.933  169.354
-121.472  136.229  173.791
 -88.749  153.439  169.793
 -99.779  147.950  166.093
 -95.179  156.538  177.188
 -94.234  145.758 -174.453
-130.424  147.086  174.036
 -96.007  147.913 -178.858
-103.161  148.383 -179.567
 -95.373  140.356  168.878
-114.179  151.300 -179.256
-101.302  157.476 -169.352
-104.713  156.485 -170.522
-108.922  142.544  175.780
-102.410  147.060  173.609
-106.084  147.724  179.634
-110.188  151.975 -167.879
-107.022  158.112 -179.194
 -98.889  159.161  171.202
-126.705  165.172 -175.654
-113.102  146.340  162.729
-113.545  142.483  178.793
 -98.767  149.632 -172.531
 -97.511  149.602  161.053
 -98.237  137.715  170.348
 -84.982  159.324  168.762
 -90.036  146.374 -171.600
 -93.846  149.191 -177.218
 -98.296  145.569 -178.267
-100.446  153.079  179.752
-121.260  149.277  159.525
-111.474  137.780  175.433
 -99.703  157.554  173.032
 -95.774  142.229 -176.473
 -96.070  149.796 -176.750
-111.495  143.045 -171.804
-111.420  157.469 -161.113
-118.832  142.610 -172.979
-111.421  160.920  165.475
 -91.586  143.172  158.573
-101.487  156.150  178.533
 -93.521  145.621  177.989
 -86.707  145.279 -178.712
-101.150  153.462  179.077
-120.199  147.207 -170.154
 -95.286  149.244  168.416
-107.343  156.581 -179.980
-107.070  149.005  171.431
 -96.409  145.642 -163.758
-113.886  139.340 -175.775
-106.663  152.336 -167.104
 -95.823  164.032  159.269
-118.735  152.259  160.191
-103.174  149.954  166.610
-108.319  159.434 -175.132
-107.894  154.077  177.905
 -98.820  151.470 -155.546
 -97.787  142.340  178.633
-118.930  143.598  159.260
-104.761  160.191  177.471
-103.127  150.667  178.316
-101.655  149.217  174.976
-106.486  155.268 -151.568
-110.919  154.920 -179.324
-106.759  152.293  178.760
-103.493  153.776 -161.535
 -98.401  144.809  176.845
 -95.637  156.118  171.692
 -93.624  132.709  163.879
-121.951  161.614  173.928
-105.781  161.971 -172.562
 -92.752  149.342 -176.222
 -97.163  142.433  165.901
 -97.207  145.936  178.932
-100.186  144.002 -176.215
-110.823  144.205  177.530
 -98.006  149.199 -176.915
 -95.556  132.220  176.691
-106.202  156.011 -178.018
 -96.951  141.112 -177.255
 -99.588  159.512  172.059
 -90.288  138.213 -173.803
 -94.761  143.244 -177.903
-106.010  142.397  166.598
 -95.983  154.852 -172.941
-108.914  149.608 -159.259
-110.454  155.550  176.955
 -98.544  153.582 -167.436
 -98.473  139.936  173.957
 -91.711  159.492  174.961
-103.650  152.132 -168.988
-102.893  143.626  179.311
-117.680  150.823  176.203
 -94.311  151.999  171.614
-106.644  151.959  162.631
 -99.764  142.255  175.296
-110.882  151.464  168.851
-140.539  151.028  159.998
-132.077  150.106  163.800
-110.360  144.834  164.183
-115.407  140.349  177.772
-107.683  144.662 -174.254
-107.167  151.519  167.795
-105.161  149.210  176.357
 -99.068  160.110 -155.124
-118.282  143.213  172.518
-102.259  144.242  177.234
 -94.500  127.853 -165.053
 -89.642  153.984  175.774
-117.933  143.156  162.555
-110.235  148.568 -176.276
-105.199  165.681  166.235
 -89.868  150.071  175.034
 -98.980  146.971  174.417
-113.783  153.357 -171.974
 -94.055  154.435  173.243
 -92.373  143.722  177.916
-107.063  164.610  173.812
 -95.832  143.817  170.010
 -98.045  146.631  172.194
-101.749  152.481  160.095
 -95.234  162.213  165.807
-104.150  154.163 -178.071
 -95.963  147.435 -162.563
-102.064  150.728  176.307
-110.278  158.493 -177.606
 -94.811  156.061  167.404
 -93.447  138.725  177.180
-116.110  141.312  176.355
 -97.945  137.293 -179.747
 -92.126  150.424  176.332
-123.224  159.551 -176.772
-114.907  135.883  179.952
-100.687  143.991  165.371
-100.400  150.915 -175.124
 -97.078  157.184 -171.704
-119.967  143.527  165.594
-101.831  149.325  177.497
 -98.787  153.206  160.248
-100.076  147.260  179.347
-131.555  152.216  163.486
-108.091  150.505  164.761
 -92.119  142.153 -173.340
-100.520  148.220 -167.229
 -95.449  153.861 -167.477
-120.062  140.681  169.066
-110.635  162.468 -173.677
-100.257  141.565  167.045
-109.589  148.884  179.293
-113.475  145.716 -173.219
-109.740  149.764 -179.619
-110.323  139.655  167.532
-119.514  150.857 -167.495
 -83.775  148.286  168.277
 -84.386  158.835  179.286
-124.792  150.082 -155.890
 -97.159  158.648  174.954
-125.179  140.098 -177.139
 -97.133  151.091 -171.590
-105.039  159.293 -174.597
-118.902  139.500  165.128
-119.291  150.756 -177.718
 -91.753  141.838 -178.320
-108.214  150.761 -164.674
