 -41.570  143.132  171.412
 -36.947  141.597 -178.248
 -59.478  156.196  168.185
 -46.117  147.414  161.381
 -44.930  162.876  153.437
 -54.025  148.680 -177.022
 -46.347  159.504  171.836
 -29.837  135.291  176.488
 -48.221  145.226  163.501
 -48.340  161.808  170.843
 -38.278  150.070  153.082
 -42.635  142.837  166.965
 -32.065  135.144  164.741
 -42.574  143.684  178.697
 -53.103  142.554 -179.316
 -44.805  148.895  156.910
 -51.737  142.237  165.749
 -40.093  148.634  158.615
 -67.914  157.774  179.058
 -55.482  143.030  171.891
 -55.783  153.460  161.123
 -49.874  144.718  165.394
 -43.341  150.054  164.920
 -54.260  152.744 -159.930
 -66.562  145.029  167.342
 -55.174  164.258  171.096
 -39.582  138.899  159.661
 -41.889  128.727  163.215
 -54.732  154.042 -174.115
 -31.859  134.738  170.925
 -41.314  138.178  173.937
 -35.976  140.791 -172.816
 -51.066  144.554  157.703
 -50.885  142.110  169.247
 -36.596  148.743  159.250
 -50.582  144.518  164.099
 -53.107  144.200  178.165
 -47.496  147.695  172.842
 -40.241  136.010  169.565
 -51.310  146.303  171.793
 -49.613  145.097  152.410
 -57.480  140.161  173.622
 -37.401  152.854  172.594
 -48.994  146.404  167.829
 -57.472  155.867  162.426
 -49.573  142.998  177.283
 -57.577  154.611  165.935
 -58.835  135.610 -166.937
 -43.452  132.356  169.340
 -44.821  146.674  165.414
 -46.218  147.644  164.169
 -54.801  152.488  164.601
 -47.916  155.983  177.844
 -35.903  150.847  166.455
 -34.528  142.800  174.686
 -48.813  143.427  171.406
 -34.554  152.218 -176.619
 -54.031  159.299  170.298
 -42.037  152.044 -178.139
 -47.645  151.085  178.179
 -54.701  144.419 -173.480
 -62.559  139.538  171.197
 -57.961  142.477  167.630
 -49.229  140.350  176.833
 -60.176  149.663  169.449
 -51.728  147.643  165.898
 -46.274  134.790  171.507
 -50.016  157.900  154.117
 -59.315  151.692 -168.187
 -47.973  143.867  138.291
 -45.136  149.444  159.157
 -44.557  143.198  170.721
 -46.306  140.058  171.183
 -38.789  144.111  166.914
 -47.780  141.832  156.107
 -48.523  146.683  149.155
 -52.375  147.763  171.597
 -34.867  154.555  170.197
 -48.565  147.470  167.682
 -32.597  147.013  172.492
 -52.672  152.805  177.394
 -38.737  138.489 -179.227
 -46.945  147.631 -176.892
 -51.170  149.128  162.325
 -64.495  141.752  164.530
 -52.995  149.994  159.648
 -50.624  151.782  162.432
 -50.902  143.483  171.940
 -40.630  135.300  161.890
 -33.388  147.003 -176.286
 -48.988  142.940  163.271
 -44.709  133.724  167.628
 -51.290  141.400  166.920
 -39.756  155.101  165.612
 -37.501  143.768  158.283
 -38.689  137.984  135.557
 -53.573  153.145  173.448
 -56.057  159.564  168.754
 -50.857  136.427  165.045
 -43.115  152.010  161.231
 -58.003  156.399  179.170
 -40.469  149.376  158.367
 -44.134  146.946  168.959
 -49.389  149.799  165.547
 -50.039  141.277  169.317
 -50.052  154.460  171.456
 -39.549  144.505  158.751
 -30.472  137.905  154.038
 -55.586  150.638  171.807
 -54.247  138.442  168.389
 -45.945  152.983  164.239
 -41.295  142.571  163.542
 -56.028  156.387  170.853
 -43.573  163.456  139.595
 -44.366  149.500  170.552
 -40.669  152.552  172.340
 -51.742  147.963  173.799
 -45.837  135.502  168.264
 -45.459  135.429 -177.511
 -49.396  161.115  179.377
 -57.714  149.698 -167.484
 -55.862  151.500  178.968
 -65.908  150.360 -177.742
 -40.193  141.991  158.679
 -51.365  153.277  157.947
 -52.396  140.982  172.963
 -41.333  157.902  173.524
 -48.107  146.855 -171.194
 -51.753  154.362  163.538
 -55.596  140.249  172.393
 -39.168  153.063  164.117
 -30.822  135.009  161.720
 -58.653  157.135 -173.106
 -36.575  143.916  160.701
 -41.313  150.250  164.526
 -39.937  141.081  160.767
 -46.839  157.304  171.995
 -39.305  155.192  171.160
 -53.459  146.160  173.761
 -49.839  147.853 -173.966
 -47.655  143.153  172.928
 -26.141  143.226  170.016
 -60.502  158.204  169.986
 -50.587  146.135  169.525
 -45.952  141.763  169.066
 -49.975  146.516  157.643
 -52.017  147.797  161.555
 -40.674  152.610  169.326
 -39.294  141.937  166.654
 -40.288  143.561  158.258
 -35.207  146.287  161.253
 -59.470  144.857  167.641
 -36.270  140.010  163.577
 -58.732  155.302  167.121
 -33.616  144.362 -174.958
 -46.209  133.693  168.042
 -44.184  145.105  165.297
 -46.035  146.320  173.741
 -37.171  133.034  156.986
 -46.143  150.913  157.223
 -50.643  149.700 -162.795
 -33.243  145.886  177.899
 -46.775  139.996  168.720
 -42.224  152.279  166.412
 -57.803  144.479  173.034
 -41.478  162.061  177.364
 -47.409  136.807  167.113
 -46.699  154.887  179.278
 -60.421  154.681  167.837
 -40.760  142.190  167.330
 -54.400  152.014  170.234
 -45.957  152.222  162.232
 -39.464  141.409  169.134
 -60.171  153.655  172.724
 -38.744  157.005 -176.493
 -60.333  136.015 -173.223
 -49.876  142.050 -170.058
 -33.557  143.052 -171.871
 -47.666  146.596  179.686
 -45.246  149.553  172.177
 -43.164  154.000  164.967
 -41.811  144.024  159.839
 -46.321  155.579 -178.818
 -36.801  134.072  163.950
 -45.337  145.125  171.858
 -45.553  155.348  179.465
 -47.712  151.503  170.906
 -54.261  152.590  162.774
 -36.293  153.429  151.584
 -48.332  147.932 -179.296
 -45.622  141.437  160.356
 -47.597  146.365  156.916
 -51.976  130.915  178.039
 -51.196  145.093  169.047
 -41.085  136.870  167.428
 -27.742  152.833  151.564
 -51.961  148.186  164.950
 -43.287  156.172  175.218
 -45.416  152.066  176.240
 -44.917  145.014  167.870
 -47.563  151.448 -175.658
 -30.475  155.391  165.826
 -47.735  146.955 -177.641
 -55.311  149.399  152.297
 -55.828  142.536 -166.957
 -45.656  144.174 -177.131
 -49.978  137.977  173.513
 -43.438  146.893  160.401
 -47.277  150.799  174.840
 -51.906  141.163  167.581
 -57.074  142.734  170.822
 -54.733  145.027  174.805
 -36.832  152.820  168.621
 -40.891  146.404  165.161
 -35.773  149.591  162.063
 -45.096  144.407  178.673
 -47.996  128.921  175.133
 -53.908  146.953  149.155
 -49.933  144.248  169.628
 -50.113  143.186  164.038
 -42.530  145.505  164.023
 -41.106  138.144  166.517
 -40.126  148.677  150.602
 -62.086  156.377  179.869
 -37.236  145.732 -178.554
 -50.582  143.802  173.374
 -49.251  141.253  174.517
 -49.619  138.782  150.943
 -43.290  146.924  173.248
 -46.331  156.843  169.664
 -50.477  156.802  176.840
 -49.700  155.032 -169.223
 -39.051  136.849  161.541
 -41.003  141.659  165.044
 -43.503  142.238  159.398
 -35.621  148.430  144.235
 -41.342  143.929  148.124
 -40.920  143.413  174.643
 -43.467  143.860  175.826
 -42.691  146.414  178.593
 -46.764  163.587  155.006
 -46.591  154.084  161.249
 -43.091  144.257  160.944
 -45.803  140.184  154.421
 -48.919  146.309  168.278
 -40.307  145.886  178.415
 -41.811  151.070  174.276
 -46.239  141.235  172.899
 -50.291  149.161  158.681
 -46.048  139.789  151.383
 -58.007  153.604  160.148
 -51.962  152.459  166.012
 -34.168  134.003  169.292
 -55.664  148.335 -173.146
 -39.020  150.321  170.488
 -32.718  149.115  151.957
 -50.343  149.514  171.914
 -41.210  149.906  165.807
 -39.711  140.701  166.128
 -35.263  152.065  163.439
 -45.925  147.907  175.510
 -44.443  143.366  163.602
 -64.691  137.214 -167.931
 -54.806  145.097  158.681
 -51.582  148.667  175.984
 -35.757  143.659  177.123
 -54.964  164.834  163.425
 -46.006  147.949  156.457
 -48.000  152.170 -176.540
 -47.077  145.796  168.431
 -53.355  145.287  162.838
 -47.992  139.348  155.593
 -44.011  137.943 -179.674
 -49.099  148.049  178.132
 -41.774  138.354  159.190
 -56.736  143.011  168.124
 -41.298  155.321  174.940
 -41.198  146.794  167.969
 -41.379  153.868  175.697
 -49.704  151.218 -179.552
 -52.589  142.433  164.281
 -46.633  127.454  174.744
 -53.226  144.323  169.766
 -54.158  146.500  160.757
 -42.205  141.144  170.941
 -43.814  155.567  174.661
 -39.376  146.447  172.467
 -49.261  156.339  171.322
 -43.952  137.100  153.860
 -61.221  148.238 -174.142
 -54.327  147.333  177.649
 -42.517  139.660  172.462
 -43.908  153.782  175.157
 -42.231  147.030  177.007
 -49.541  152.273  158.813
 -45.592  141.702 -168.769
 -50.564  132.869  172.911
 -61.543  149.179  174.889
 -46.825  150.162  172.917
 -50.304  154.335  177.682
 -42.821  149.136  165.493
 -42.669  155.646  179.204
 -52.594  141.611  161.284
 -56.523  152.558  172.426
 -51.836  153.420  159.186
 -39.896  157.184  161.146
 -51.593  152.488  158.260
 -46.616  152.669  165.224
 -57.880  143.404  170.575
 -48.406  148.901  167.307
 -53.079  155.503  151.907
 -46.281  138.262 -175.225
 -60.255  141.017  171.878
 -45.911  145.458  179.667
 -39.704  152.491  155.414
 -53.123  145.412  157.330
 -32.966  144.178  153.237
 -45.875  137.542  174.058
 -36.117  149.729  172.096
 -45.509  140.043  169.241
 -41.726  146.965  163.235
 -54.186  148.229 -174.935
 -50.406  144.539 -178.791
 -37.352  151.674  163.221
 -50.632  142.361 -179.776
 -44.845  148.517  165.895
 -60.937  150.990  173.191
 -50.289  142.489  170.940
 -43.520  135.638  177.902
 -44.497  140.759 -170.924
 -34.919  136.591  153.224
 -48.965  141.658  177.243
 -45.575  148.759 -161.873
 -35.496  140.665  171.343
 -50.597  153.644  170.240
 -36.217  143.866  140.088
 -44.384  149.666  170.116
 -40.986  138.195  159.630
 -46.176  148.868  174.278
 -47.415  143.708  145.835
 -44.315  158.489  147.731
 -44.471  145.966  160.977
 -45.419  150.507  170.500
 -55.389  145.210  173.626
 -41.196  151.284  155.019
 -57.792  149.490  156.584
 -45.320  138.737 -171.496
 -56.423  165.824  165.479
 -44.298  151.306  165.427
 -54.575  151.370  162.510
 -45.793  145.503  178.503
 -52.039  148.031  167.927
 -50.272  150.423 -173.375
 -50.728  147.410  177.661
 -41.859  146.051  149.560
 -43.425  138.035  177.819
 -48.304  152.660  161.219
 -61.745  156.040  173.240
 -32.797  150.875  152.256
 -51.844  156.029  172.803
 -44.880  135.650  179.283
 -45.149  149.195  157.271
 -44.219  144.591  163.588
 -51.850  155.231  169.057
 -55.007  140.408  149.352
 -47.932  141.399  168.627
 -38.969  152.550  157.934
 -35.201  145.962  169.220
 -46.970  152.445  163.833
 -42.054  146.819  163.282
 -39.353  152.830  166.634
 -40.165  141.610  177.239
 -42.645  135.702  169.976
 -52.287  143.370  172.607
 -43.048  138.207  168.858
 -42.183  128.219  173.696
 -48.483  143.847  171.956
 -46.097  139.759  171.197
 -49.746  137.877  161.507
 -40.636  145.542  175.058
 -38.184  149.818  173.007
 -53.078  139.860  170.418
 -52.232  141.808  162.879
 -46.335  153.363  178.144
 -50.724  144.005  170.637
 -46.796  154.590  156.561
 -32.262  145.816  159.195
 -62.032  156.069 -173.529
 -51.889  149.923  171.367
 -37.758  145.284  164.197
 -34.778  154.812  155.852
 -46.553  148.994  156.731
 -54.495  149.014 -168.119
 -43.645  151.111  154.149
 -49.752  141.609  171.247
 -42.591  147.029  160.184
 -50.400  142.422  166.411
 -50.429  137.847  163.664
 -43.771  142.352 -178.386
 -41.816  131.225  167.301
 -59.365  146.724  177.232
 -56.524  153.804 -177.446
 -45.104  136.123  177.420
 -53.784  149.764  169.585
 -45.594  152.262  169.158
 -59.905  142.114  158.224
 -39.097  145.976  158.092
 -60.504  144.953  164.605
 -59.028  142.979  144.016
 -42.480  144.828  168.278
 -35.804  139.654  165.631
 -43.127  148.247  154.310
 -47.023  151.725  166.277
 -52.937  151.528  169.689
 -59.452  156.834  154.795
 -52.680  147.652  177.229
 -59.595  146.113  165.657
 -36.999  141.381  157.436
 -55.273  134.671  171.699
 -58.537  134.381  166.160
 -45.745  145.601  170.954
 -52.686  153.047  164.026
 -36.973  163.878  145.550
 -39.041  154.530  164.927
 -37.284  151.120  173.303
 -38.912  143.262  161.474
 -42.430  145.223  177.655
 -45.577  156.327  161.450
 -46.973  150.401  151.534
 -34.817  152.724  166.801
 -55.401  151.234  161.146
 -49.342  149.374  178.585
 -49.684  145.821  161.392
 -41.894  142.659  176.757
 -50.164  146.182 -174.275
 -47.928  146.973  161.973
 -58.787  154.648  179.055
 -55.753  149.375  179.841
 -60.018  148.665  171.745
 -44.108  143.067  161.805
 -49.328  142.265  176.887
 -52.187  148.295  156.602
 -56.260  150.955  176.143
 -46.950  144.745  172.980
 -46.663  157.094  158.839
 -58.212  149.958  168.050
 -43.717  159.221  164.020
 -52.544  136.787  169.502
 -29.650  142.451  158.331
 -57.598  155.208  177.381
 -39.369  131.557  163.216
 -39.038  146.533 -175.340
 -49.470  157.816  164.085
 -57.658  156.853  172.713
 -50.618  147.155  169.562
 -48.868  147.767  174.586
 -50.190  157.968  177.421
 -52.838  142.480 -177.895
 -39.523  138.452  166.769
 -39.174  155.977  173.083
 -45.732  145.820  157.259
 -61.604  157.341  177.102
 -44.852  142.843 -170.066
 -45.276  155.686  172.676
 -40.140  144.568  161.115
 -50.332  145.586  165.063
 -43.414  151.885  159.864
 -51.230  151.201  169.632
 -48.041  152.105  173.885
 -51.353  156.113 -175.256
 -38.668  145.805  179.089
 -55.458  145.699  177.501
 -53.840  136.504  165.028
 -45.634  148.717  173.027
 -46.294  148.545  148.622
 -46.248  138.074 -174.338
 -57.022  151.854  173.227
 -40.809  155.647  145.081
 -62.003  157.035  166.349
 -47.618  150.000  166.174
 -46.545  134.679 -174.686
 -51.963  149.625  165.360
 -54.431  148.319  163.354
 -55.675  150.237  171.782
 -54.731  162.413  160.744
 -49.578  137.574  169.917
 -39.122  149.017  176.056
 -51.218  142.128  173.065
 -57.496  144.378  140.597
 -35.558  148.787  163.822
 -50.083  150.228  163.288
 -53.912  142.568  158.528
 -43.941  153.305  179.709
 -42.954  153.623  153.133
 -57.394  143.599  172.796
 -49.604  157.481  166.336
 -37.739  152.348  170.955
 -35.845  151.019  177.659
 -51.465  157.540  151.895
 -41.201  152.098  170.379
 -52.222  137.784  169.571
 -61.082  149.710 -178.024
 -53.598  142.252  156.541
 -47.379  141.737  166.623
 -45.264  159.703  179.657
 -54.070  141.646  164.050
 -56.419  153.333  178.871
 -46.498  159.228 -177.778
 -44.796  145.389 -175.127
 -35.120  146.352  154.274
 -43.400  155.054  161.572
 -44.330  142.747  177.339
 -50.628  155.629  161.460
 -39.038  139.058 -179.601
 -40.315  141.663  168.475
 -49.520  152.059  173.719
 -47.170  157.023  167.821
 -51.974  152.018  159.256
 -47.841  144.016 -175.663
 -49.444  154.058 -179.624
 -42.419  143.529  165.421
 -45.982  135.628  161.597
 -47.612  149.745  178.107
 -46.259  150.976  167.650
 -23.837  145.354  165.881
 -62.889  146.086  169.304
 -41.907  146.100  173.237
 -44.946  134.871  160.630
 -45.784  156.460  163.125
 -44.707  140.235  168.150
 -47.201  148.820  157.031
 -53.809  159.075  158.509
 -47.316  154.064  172.867
 -41.059  138.695  167.706
 -40.243  143.271  163.968
 -50.511  154.408  177.604
 -43.635  157.488  167.405
 -41.236  148.965  166.158
 -54.798  136.691  166.308
 -42.537  134.232  160.659
 -47.596  148.256  157.678
 -54.778  142.516  169.935
 -39.806  141.125  164.741
 -50.162  150.061  174.675
 -46.493  145.123  177.418
 -43.503  136.127  160.260
 -50.740  141.665  158.793
 -47.918  140.862  169.448
 -40.350  153.700  171.466
 -50.861  148.652  169.216
 -42.058  158.586  161.516
 -64.503  153.179  172.703
 -49.880  136.844  169.199
 -53.298  149.240  162.377
 -50.579  152.628  171.428
 -45.814  149.824  159.486
 -40.656  153.166  170.469
 -45.803  149.084  171.507
 -51.648  149.509  163.142
 -51.289  148.835  176.243
 -32.575  148.788  165.528
 -42.458  158.964  150.363
 -45.095  158.804  163.536
 -50.988  140.630  168.692
 -42.273  150.997  166.775
 -43.778  140.247  163.453
 -47.679  143.467  168.590
 -51.658  150.765  163.964
 -50.917  152.312  156.874
 -49.507  162.386  175.353
 -55.429  146.228  164.778
 -57.274  147.527 -180.000
 -55.958  155.129  169.363
 -55.788  146.657 -177.200
 -46.424  148.822  168.349
 -37.837  146.070  173.470
 -35.399  135.798  146.265
 -50.024  153.370  165.661
 -46.738  141.860  168.933
 -57.000  157.292  172.901
 -52.107  151.173 -164.673
 -45.012  152.060  170.299
 -51.057  134.854  165.201
 -49.177  151.139  178.708
 -35.903  151.728 -179.673
 -54.662  147.070  159.954
 -37.700  151.209  167.214
 -44.256  146.774 -179.575
 -40.374  148.091  167.896
 -47.907  148.368  176.007
 -43.742  136.431 -170.227
 -48.661  139.555  170.443
 -35.425  150.872  153.348
 -42.501  148.466  154.867
 -45.950  145.381  175.498
 -43.211  155.319  167.099
 -48.586  141.329  168.874
 -56.995  132.754 -175.500
 -48.085  152.605  156.581
 -50.947  146.986 -175.450
 -58.732  152.901  162.290
 -51.098  146.920  175.645
 -39.690  151.315  146.212
 -50.188  134.321 -172.981
 -52.740  136.392  159.679
 -52.744  150.538  158.666
 -54.310  144.080  152.625
 -47.544  158.323  167.404
 -43.294  144.735  165.350
 -32.669  155.813  178.622
 -45.209  149.069  163.462
 -40.394  156.313  163.371
 -33.077  138.050  177.767
 -42.868  132.604  170.862
 -60.344  149.247 -177.965
 -35.579  136.121  138.844
 -60.646  154.007  171.511
 -46.300  160.084  169.393
 -56.415  140.737  161.203
 -40.402  154.573  175.023
 -31.942  142.530  166.833
 -46.314  138.970  139.432
 -55.983  147.816  168.803
 -40.443  155.013 -178.942
 -46.140  145.833 -173.730
 -32.215  142.590  153.587
 -49.995  149.087 -176.950
 -49.944  147.810  155.814
 -46.339  142.154 -179.427
 -48.729  139.516  165.610
 -54.449  155.275  167.784
 -52.115  148.323  176.547
 -44.826  145.129 -174.168
 -46.685  150.971  179.563
 -40.666  148.777  173.896
 -31.198  139.887  160.617
 -54.062  154.638  162.109
 -58.234  151.088  163.852
 -52.663  149.317  171.097
 -45.071  134.223  167.664
 -53.258  156.146  171.861
 -40.812  153.765  177.930
 -54.783  150.467  167.268
 -42.437  145.625  159.373
 -37.432  148.121  164.996
 -57.379  157.359  161.161
 -62.662  133.598  171.021
 -53.973  146.193 -179.196
 -37.865  152.074  165.548
 -40.855  153.095  150.572
 -44.988  143.292 -171.407
 -59.094  155.119  165.998
 -46.915  149.394  165.528
 -30.447  142.792  141.561
 -44.537  139.973  171.180
 -48.447  148.073  178.579
 -48.885  158.808  166.965
 -54.691  141.458 -171.813
 -40.775  150.999  170.729
 -46.502  144.430  173.399
 -34.545  146.240  150.968
 -40.543  148.501  150.333
 -42.425  139.073  169.601
 -40.316  136.117  159.302
 -50.833  155.323  159.678
 -45.778  155.243  174.850
 -47.939  158.987  163.389
 -40.511  140.981  167.312
 -32.421  141.786  167.261
 -52.464  156.497  164.258
 -57.504  143.765 -173.690
 -48.479  132.938  164.657
 -56.688  158.679 -175.936
 -41.566  143.036  159.563
 -46.380  139.353  170.864
 -47.655  143.768  167.960
 -35.832  152.664  152.397
 -42.511  137.959  167.349
 -38.796  144.466  176.179
 -44.672  145.423  172.669
 -44.273  140.680  164.423
 -43.347  141.918  157.236
 -50.471  152.996  174.251
 -54.356  135.436  165.512
 -54.963  154.425 -178.274
 -35.226  150.365  167.272
 -49.713  154.958  159.844
 -38.639  149.568  171.797
 -58.756  159.591 -171.370
 -38.120  141.280  174.667
 -51.704  139.733  167.437
 -53.512  143.795  164.419
 -40.749  150.459  169.921
 -43.479  144.024  162.159
 -48.999  138.247  149.582
 -46.091  148.364  164.325
 -54.333  158.294 -179.699
 -48.517  133.814  169.338
 -54.255  146.210 -176.557
 -40.802  143.624  178.846
 -38.172  139.977  168.810
 -44.431  132.829 -172.088
 -48.097  143.821  142.518
 -52.692  139.216 -172.871
 -40.086  148.086  179.559
 -36.418  138.996  161.625
 -37.562  142.233 -179.837
 -62.232  154.118  172.836
 -45.788  144.033  165.877
 -47.199  155.886  164.240
 -45.422  147.978  152.805
 -53.636  153.760 -171.203
 -28.970  139.488  168.325
 -52.688  154.492  174.469
 -39.854  157.942  165.792
 -45.147  146.658  173.247
 -50.132  140.613  158.106
 -47.120  149.919  158.704
 -46.447  150.142  164.007
 -59.414  142.913  164.008
 -34.621  148.542  164.830
 -38.347  140.727  173.744
 -45.898  145.824  173.013
 -49.182  143.215  171.159
 -52.076  148.011  178.601
 -46.109  150.394  165.764
 -44.068  145.099  176.163
 -55.840  146.293  168.982
 -30.867  147.107  149.689
 -47.826  141.681  160.067
 -39.815  138.907  164.300
 -53.498  157.550 -178.367
 -45.256  135.203  161.473
 -48.335  161.372  157.889
 -32.156  151.809  164.621
 -55.454  144.965  165.552
 -51.815  135.987  171.676
 -63.565  145.582 -179.571
 -41.671  148.721  177.835
 -50.036  146.520  160.074
 -44.461  149.313  149.423
 -41.574  149.817  166.171
 -49.500  152.075  171.433
 -51.659  149.651 -176.198
 -51.331  152.088  176.773
 -51.261  143.012  169.576
 -48.488  156.233  165.061
 -55.384  141.115 -179.248
 -52.672  153.098  158.959
 -56.133  132.799  171.512
 -40.569  148.852  157.448
 -34.886  129.594  177.374
 -42.230  136.653  168.538
 -46.136  154.683  169.988
 -52.751  152.407  173.474
 -57.123  145.815  179.036
 -50.404  146.224  168.511
 -50.913  143.672 -176.830
 -57.407  142.510 -165.858
 -56.305  151.407 -172.248
 -46.081  142.365  169.963
 -38.402  146.846  164.276
 -43.642  157.931  160.061
 -50.525  150.746  156.946
 -33.645  154.461  175.254
 -57.237  161.300  177.353
 -53.251  158.042  172.623
 -53.071  149.581  176.708
 -40.459  154.762  164.885
 -43.462  137.101  169.897
 -45.245  149.994  164.220
 -47.538  147.265  162.302
 -40.841  149.440  170.982
 -58.211  157.331  161.150
 -57.277  135.205  177.348
 -42.801  145.682  172.774
 -50.208  141.361  158.446
 -33.655  141.379  166.035
 -62.011  156.560  172.020
 -48.550  145.801  160.963
 -47.731  141.101  152.701
 -45.090  151.343  172.242
 -47.948  152.754  167.410
 -47.499  144.218  172.640
 -52.298  146.369  167.257
 -46.144  144.025 -174.588
 -54.648  149.375  173.704
 -38.196  140.425  162.101
 -52.589  148.491  174.187
 -47.455  141.837  171.277
 -33.673  149.982  154.816
 -50.013  153.192  169.518
 -34.387  148.000  173.472
 -49.468  163.657  169.191
 -40.996  152.082  156.415
 -55.539  146.520  161.441
 -46.764  152.057  174.168
 -55.324  158.000  169.878
 -60.522  147.241  174.232
 -36.865  149.116  155.319
 -44.084  141.278  150.220
 -48.931  143.725  159.331
 -45.588  134.534  162.276
 -38.821  151.595  177.206
 -52.295  138.109  166.505
 -43.321  144.831 -165.381
 -52.220  147.433  165.234
 -48.042  157.833  165.601
 -48.247  157.662  167.142
 -35.987  153.235  152.379
 -37.834  152.582  167.389
 -40.419  140.112  164.056
 -63.041  156.439  176.505
 -43.835  152.207 -174.942
 -45.333  146.783  170.336
 -49.782  154.358  179.905
 -43.795  159.412  179.026
 -35.018  145.096  162.555
 -54.301  148.232  175.230
 -40.137  139.255  165.446
 -39.640  147.747 -178.219
 -56.479  147.920  163.050
 -51.638  155.301  168.238
 -60.915  146.917  164.155
 -53.404  146.121  164.340
 -48.107  150.463 -178.042
 -60.610  148.498  169.731
 -49.522  142.292  155.147
 -32.408  147.543  163.282
 -37.381  153.746  159.295
 -53.856  153.558  167.083
 -45.022  153.747  168.518
 -37.463  141.942  176.493
 -45.109  143.842  167.179
 -41.428  147.881  171.883
 -45.881  139.402  171.209
 -49.970  149.346  169.576
 -57.274  149.093  176.142
 -47.842  152.606 -178.125
 -33.900  140.645  177.607
 -41.348  152.178  167.462
 -49.799  143.847  157.054
 -53.441  164.183  157.567
 -42.587  148.316  163.351
 -34.092  141.461  179.926
 -42.110  146.384  166.256
 -49.105  150.704  178.976
 -42.115  156.940  174.873
 -50.393  153.396  151.920
 -49.039  135.723  179.895
 -48.193  154.622  173.147
 -49.935  144.168  178.659
 -41.729  149.139  162.532
 -47.876  144.557 -179.001
 -50.585  147.132  175.457
 -53.312  150.023  168.979
 -46.327  168.327  161.552
 -43.681  139.128  173.038
 -47.382  152.046  177.724
 -60.860  155.665  167.048
 -53.426  141.271  164.963
 -32.645  144.479  150.453
 -44.787  135.814  163.283
 -61.098  145.963 -177.629
 -49.108  149.505  169.051
 -38.881  144.224  151.790
 -40.068  150.041  177.567
 -44.532  149.616  169.259
 -43.281  133.809  171.100
 -53.969  145.655  169.957
 -47.825  141.246  162.464
 -44.581  146.045  177.319
 -39.514  145.106  165.213
 -49.371  156.942  173.831
 -48.425  153.935  178.157
 -46.761  145.469  172.449
 -48.691  145.315  163.212
 -45.116  143.299  164.322
 -37.198  137.081 -179.294
 -50.723  141.957  165.594
 -49.458  160.032  168.991
 -35.691  139.489 -177.855
 -36.159  147.157  165.326
 -49.047  140.475 -178.237
 -50.829  149.384 -178.341
 -40.226  136.616  174.722
 -47.915  154.537  169.732
 -56.266  134.683  156.415
 -38.417  146.570  156.883
 -50.803  147.714  170.320
 -46.269  153.743  173.352
 -57.126  131.637  166.283
 -63.208  161.321 -160.050
 -49.320  148.002 -179.746
 -28.432  148.886  168.769
 -60.456  144.262  174.627
 -48.892  158.427  157.012
 -54.272  157.519 -173.942
 -49.695  142.139  161.637
 -38.663  139.844  170.158
 -45.314  152.053  154.063
 -45.776  142.294  166.566
 -50.365  142.214  168.244
 -37.623  144.683  161.909
 -48.602  151.701  171.423
 -45.295  154.021  163.079
 -54.296  142.055  168.101
 -44.507  141.581  140.833
 -48.739  143.349  168.077
 -62.486  148.981  149.207
 -38.495  147.244  154.828
 -45.395  157.012  163.803
 -35.839  144.938  164.046
 -49.270  146.579  166.942
 -45.593  149.032  176.690
 -52.333  151.632  174.549
 -42.546  151.825  171.996
 -34.059  144.194  163.212
 -43.494  138.852  162.089
 -51.674  153.906  173.524
 -47.451  151.057 -175.865
 -50.826  153.111  162.884
 -45.584  136.602  158.178
 -42.298  143.883  168.709
 -47.643  152.846  168.383
 -42.930  149.905  161.788
 -45.133  141.098  165.991
 -53.575  146.019  179.297
 -54.875  156.424  168.436
 -36.637  148.473  160.508
 -53.112  141.161  179.060
 -49.266  150.683  170.476
 -39.949  142.632  154.850
 -55.796  142.979 -170.218
 -47.401  144.116  147.248
 -56.634  153.443  160.562
 -53.478  144.885  163.658
 -46.170  148.764  170.034
 -43.993  150.673 -177.539
 -45.732  139.421  162.724
 -34.735  145.499  158.797
 -50.949  156.915  171.060
 -43.349  150.417 -174.225
 -33.914  154.716  175.495
 -40.159  148.170  169.272
 -57.998  154.167  176.766
 -51.230  146.431  165.264
 -44.715  139.406  176.050
 -59.881  152.412  172.510
 -39.489  152.570  169.510
 -47.726  146.521  173.311
 -46.184  146.094  172.541
 -50.926  140.411  168.333
 -50.704  149.097  163.561
 -44.382  150.485  172.156
 -45.710  160.068  162.301
 -57.112  141.539  155.109
 -57.206  150.689  170.851
 -39.634  154.590  163.592
 -47.902  153.097  161.783
 -47.162  142.651  157.578
 -40.987  155.389  169.767
 -32.701  134.357  166.513
 -46.175  144.957  165.649
 -53.585  147.868  169.427
 -36.459  139.610  155.572
 -45.011  149.225  158.680
 -34.528  144.496  156.126
 -43.662  151.330  172.256
 -53.999  153.091 -165.935
 -45.327  132.803  173.995
 -38.363  149.516  154.580
 -56.231  148.870 -179.722
 -48.618  140.837  159.685
 -52.814  137.767  174.764
 -52.352  151.615  168.631
 -56.161  148.433  167.410
 -46.194  151.547  173.159
 -56.867  142.364  160.953
 -52.087  145.184  154.913
 -59.015  171.922  166.275
 -52.124  147.635 -179.550
 -49.201  138.454  175.582
 -55.600  146.956  163.277
 -55.205  150.275 -178.486
 -51.649  137.353  157.436
 -47.988  151.094  162.507
 -50.467  148.634  168.826
 -46.501  153.770  176.210
 -44.699  140.324  167.896
 -35.693  157.347  167.787
 -51.776  142.705  174.069
 -57.088  147.028  176.604
 -40.079  150.957  163.856
 -43.840  140.678  166.639
 -40.637  145.729  157.563
 -42.924  148.168  169.825
 -49.725  160.534  165.286
 -41.381  147.124  156.438
 -44.885  149.855  177.653
