-130.820  146.360  146.701
-111.617  152.018 -179.847
-133.306  127.825  163.013
-136.582  144.233 -172.582
-133.944  149.301  166.009
-136.486  137.962  173.856
-129.054  134.417  161.275
-121.355  122.328 -179.496
-115.202  139.774 -163.281
-137.227  141.829  173.969
-144.047  127.902 -171.632
-133.315  136.079  157.620
-134.927  150.041  173.382
-134.788  131.070  177.011
-148.418  146.691  172.171
-143.712  132.986  177.797
-131.360  152.951  171.859
-148.121  145.168 -166.130
-131.236  139.934  165.925
-130.100  134.616  153.636
-127.155  135.200  169.234
-121.173  136.948 -169.380
-110.092  145.661 -178.357
-146.548  152.424  162.686
-144.787  128.211  158.791
-140.345  139.533  155.854
-139.776  142.103  162.846
-139.553  126.931  178.535
-122.783  118.282 -178.356
-129.653  131.060 -173.982
-123.255  120.163 -176.427
-123.560  138.826  168.922
-127.598  124.288  157.150
-123.555  135.269 -174.185
-134.903  136.966 -175.938
-115.090  134.656  178.267
-110.770  132.463 -178.501
-147.971  119.409  176.673
-137.438  134.590  160.216
-123.287  136.562 -172.639
-139.436  146.313  160.528
-139.131  132.402  169.714
-116.627  125.129  163.238
-134.897  140.355  162.026
-128.929  146.897  176.804
-113.607  125.944 -169.462
-149.888  142.379 -172.682
-138.308  142.964 -172.039
-121.813  134.085  176.113
-143.768  140.109  176.316
-143.521  126.979  176.897
-136.313  121.364 -174.621
-141.249  138.374  166.744
-134.094  139.213  176.813
-133.354  130.440 -155.956
-135.164  143.338  167.008
-139.425  155.355  169.297
-123.597  129.058 -175.096
-135.585  128.012  159.379
-148.278  129.557 -176.114
-135.143  135.389  166.062
-135.469  133.031  165.937
-125.404  124.674  173.264
-120.078  145.086  171.949
-123.112  128.907  169.215
-122.098  146.032 -168.414
-142.609  142.586  164.968
-123.709  142.395  178.626
-123.785  144.955  178.509
-129.292  146.219  177.072
-107.991  135.121  176.734
-146.774  134.516 -178.794
-126.979  134.421  163.812
-139.269  138.040  164.603
-146.990  144.885  174.820
-120.211  134.939  176.985
-123.553  131.795  178.219
-127.817  149.140 -173.616
-126.331  130.011  176.228
-130.564  123.909  164.752
-135.848  136.211  162.497
-130.604  141.582  179.735
-104.797  126.702  163.623
-129.966  139.652  158.948
-132.718  143.242  163.652
-140.796  134.627 -178.788
-139.177  141.068  166.704
-107.804  130.797  166.279
-127.674  152.357  174.923
-137.381  132.553  176.662
-137.752  138.550  164.680
-135.203  132.310  169.764
-142.464  147.535  160.363
-145.401  133.368  173.892
-135.199  133.636  179.077
-115.331  141.732  171.739
-112.326  143.522 -176.600
-115.820  136.001  176.087
-139.490  138.825  174.547
-126.801  137.075  172.188
-130.751  136.068 -175.792
-133.607  144.610  169.759
-114.777  125.158  169.889
-125.223  147.180 -174.507
-116.186  135.366 -179.609
-125.552  140.780 -177.018
-141.062  138.197 -167.215
-139.520  140.533 -171.602
-147.534  140.541 -178.592
-125.645  151.853  161.753
-125.089  130.519 -168.325
-141.393  128.892  177.970
-145.538  135.360  169.147
-110.724  147.587  160.965
-128.518  130.207 -179.562
-126.721  132.570  168.388
-131.881  134.961  168.820
-142.954  126.961 -171.618
-119.189  136.036 -166.449
-120.989  132.224 -178.729
-126.454  128.330  177.048
-129.562  121.100 -175.471
-144.853  140.804  174.888
-135.902  128.795  165.847
-134.081  124.214  176.635
-119.623  140.202  160.990
-134.528  137.204 -176.548
-119.172  131.615  170.195
-131.812  125.981  169.475
-137.816  124.853  164.240
-138.398  139.943  179.921
-139.603  130.563  174.080
-123.872  137.885  150.917
-139.924  137.898  179.002
-142.658  141.186 -176.941
-123.298  115.037  170.627
-134.383  137.497  162.621
-138.389  133.758  150.993
-116.914  133.944  174.458
-138.274  131.959  158.902
-141.944  143.800  177.963
-133.383  137.154 -178.832
-141.734  141.784  164.700
-140.362  135.536  178.828
-115.540  141.648  174.534
-136.630  146.789  173.737
-135.559  142.824  171.187
-122.490  133.890 -169.215
-116.350  134.641 -178.574
-136.362  132.698 -172.701
-127.779  129.549  176.610
-144.642  142.880  178.061
-130.331  142.147  177.209
-151.229  129.690  175.088
-130.222  132.018  175.685
-134.223  154.867 -178.563
-138.879  134.910  171.842
-119.057  132.664  169.993
-137.713  122.337  165.496
-115.584  139.969  176.761
-142.659  142.626  166.128
-122.358  132.454  172.384
-112.955  135.560  179.234
-115.318  141.553 -154.119
-132.049  129.086  177.733
-118.871  133.693 -167.148
-135.552  135.983  163.933
-138.790  145.137  164.388
-142.878  135.180  168.156
-150.725  151.352  174.538
-134.168  139.305  165.029
-133.872  139.259  164.439
-139.106  138.976  170.619
-140.135  149.769  174.737
-118.201  140.130  178.366
-126.670  128.895  168.192
-138.322  131.561  168.215
-120.648  138.909  176.690
-130.903  145.789  175.969
-147.526  136.721 -166.253
-126.508  142.644  176.781
-123.486  137.014 -179.743
-147.376  129.560  176.081
-133.835  121.546  175.837
-140.928  139.607 -177.206
-144.401  133.962  173.050
-128.831  131.092 -163.687
-132.822  137.342 -178.124
-138.863  125.670  176.458
-132.643  138.212  168.584
-132.803  147.331 -172.322
-132.845  138.334 -169.450
-139.464  137.030  160.801
-134.724  146.912 -173.016
-143.391  139.170  165.790
-132.442  139.859 -169.455
-143.918  145.349  177.771
-123.491  137.914 -178.468
-129.865  145.416 -174.428
-126.012  127.297 -178.825
-122.491  131.912  166.628
-121.991  133.754  177.851
-129.790  135.022 -163.161
-132.196  142.977 -177.266
-143.730  140.183  163.156
-134.099  149.028  172.260
-135.170  128.174 -169.197
-135.401  148.696  172.187
-127.370  158.931  177.882
-118.008  130.176  167.041
-134.087  135.406  172.806
-160.458  150.955  174.589
-148.320  144.700  175.027
-126.656  123.136 -173.640
-121.807  129.491 -169.880
-119.542  130.172  177.164
-122.629  131.915 -160.031
-140.907  136.602  173.742
-149.790  124.704  175.130
-117.399  140.408  179.462
-107.605  133.904 -168.581
-143.145  151.275 -174.266
-140.160  131.260 -174.826
-127.254  161.659  155.944
-140.999  148.706  170.856
-143.826  144.921 -167.691
-139.325  147.799  154.175
-142.225  125.560  165.713
-141.072  139.500  178.532
-128.890  116.944 -173.968
-120.535  137.552 -174.260
-144.259  144.430  169.833
-101.620  132.507  179.416
-141.085  142.798  171.748
-138.427  145.526  171.099
-128.143  139.621  158.886
-133.736  142.568  172.611
-125.377  118.616 -174.320
-147.665  134.728  177.584
-131.073  143.905  172.442
-140.840  136.577  175.905
-143.676  145.488  177.636
-132.933  138.972 -170.067
-139.992  120.137  162.322
-139.145  134.051  179.246
-125.738  124.985 -171.640
-153.575  133.840 -175.899
-141.847  122.930 -177.423
-131.161  133.885 -178.585
-137.041  147.923  156.535
-137.188  123.209  166.473
-128.352  126.102  159.813
-124.659  130.489  179.956
-116.400  141.806 -170.389
-117.253  135.446  172.990
-144.036  136.827 -177.971
-142.020  133.273  176.444
-136.973  128.228  157.847
-144.170  143.733  168.938
-150.560  124.981 -178.166
-141.777  123.582  171.767
-134.176  125.032 -171.525
-136.846  138.990  166.978
-141.029  144.044  177.594
-151.806  138.069 -165.836
-134.848  136.117 -179.625
-142.891  148.004 -172.563
-125.160  130.972 -171.772
-147.306  132.547 -166.644
-137.804  110.758 -176.776
-135.900  126.072  166.706
-136.375  138.693 -177.972
-122.564  129.706  166.953
-136.075  135.921  168.785
-137.429  129.354  172.538
-129.829  132.227 -154.222
-138.641  143.373  167.993
-136.900  136.451  162.684
-123.513  138.351 -176.467
-138.073  150.486 -167.438
-146.408  146.848  170.434
-124.741  132.994  164.123
-147.296  137.148  152.308
-132.510  136.780  168.530
-136.815  120.793  166.205
-115.403  137.920 -169.748
-135.460  132.652  172.780
-143.539  136.867 -176.355
-137.599  143.236  175.294
-121.519  134.215  168.253
-135.549  142.946  174.862
-142.575  145.197  178.874
-123.009  141.856  170.199
-127.548  141.755  165.371
-136.743  139.152  168.873
-141.874  145.008  171.328
-142.959  139.483  176.306
-126.374  134.631  176.093
-133.353  144.009  165.844
-132.344  133.795 -167.715
-124.243  136.638  177.776
-122.295  136.939 -179.304
-133.079  132.228 -175.592
-149.400  139.114  173.827
-139.998  122.471  174.533
-135.560  137.583 -177.721
-127.193  146.192  177.130
-145.686  154.846 -175.215
-129.315  134.053 -172.654
-131.599  144.300  172.141
-139.833  145.184 -171.766
-138.810  137.260  153.780
-142.549  142.909  167.205
-144.288  119.975  170.966
-131.609  135.613 -168.234
-109.377  130.340  173.303
-145.050  139.331 -171.351
-121.006  125.980  161.536
-120.767  137.995  162.253
-113.523  140.954  171.432
-129.262  132.519 -178.825
-137.283  133.673  164.770
-129.274  124.592 -176.781
-107.100  137.703  179.561
-130.125  137.366 -161.375
-133.465  130.640  167.114
-131.897  146.326  164.542
-121.049  129.357 -179.665
-125.539  131.743 -178.651
-145.335  149.422  168.965
-125.425  133.369 -178.614
-128.119  129.295  174.088
-141.302  148.064 -167.759
-139.271  145.881 -179.271
-132.360  149.242  172.657
-119.437  136.462  177.032
-150.597  133.024 -177.669
-134.633  141.658 -178.088
-129.460  125.256  170.821
-122.236  131.819  176.229
-126.652  131.577 -176.782
-141.121  115.646 -171.295
-152.905  137.960  173.638
-136.484  148.131  173.942
-130.034  140.930  166.315
-137.686  128.846 -163.976
-133.460  135.605  177.715
-128.089  136.605  153.723
-142.095  115.459  161.575
-130.297  141.380  177.216
-138.834  139.155 -162.468
-118.886  127.735 -172.499
-114.232  136.129 -179.013
-136.953  129.236  176.685
-113.827  143.102  164.049
-145.521  139.899  158.777
-135.101  132.444  162.901
-119.206  125.092  176.987
-137.458  133.756 -178.735
-135.567  148.677  173.022
-142.767  144.005 -176.489
-122.250  135.501  175.627
-146.952  137.144  175.822
-138.210  140.889  162.146
-129.954  142.101  160.619
-105.905  132.220  169.020
-150.025  144.158 -179.841
-138.477  122.776  178.001
-145.836  132.177  179.779
-137.383  147.210 -172.228
-134.241  146.287  173.015
-127.971  131.961  168.079
-139.107  134.389  178.767
-149.296  149.607 -171.048
-133.624  150.485  173.337
-137.365  143.991  163.573
-134.456  141.420  166.957
-138.903  133.405  168.708
-145.857  144.297  165.537
-131.571  128.937  160.564
-139.863  137.576  172.187
-138.200  123.840  168.834
-127.459  125.222  164.159
-117.792  135.789  174.250
-121.898  135.928  174.336
-136.805  138.792  176.048
-125.938  130.555  172.631
-141.606  151.013  161.762
-134.596  144.361  170.004
-152.951  140.996  170.999
-150.566  132.217  176.016
-117.641  154.214  153.362
-118.782  140.664  177.762
-139.753  116.378  172.245
-110.569  141.727 -179.506
-137.579  122.603 -174.661
-131.574  131.964 -173.398
-138.257  146.353 -173.348
-136.963  150.619  171.759
-136.314  136.902  178.712
-127.036  127.124 -165.218
-123.411  121.389 -174.565
-142.057  140.409 -170.777
-125.347  140.733  165.256
-110.690  147.990 -177.284
-123.001  122.959  176.546
-139.908  132.245 -178.088
-136.113  137.023 -178.110
-140.895  137.821  174.493
-139.060  147.624  164.222
-135.764  126.162 -179.128
-113.094  133.811  155.530
-134.070  137.365  165.988
-118.769  136.268  178.762
-126.847  127.800  176.741
-124.538  123.307  165.831
-132.715  129.102 -175.632
-134.233  124.551  151.625
-127.574  129.980  169.586
-150.070  144.881  164.398
-146.740  135.542  162.194
-153.869  136.569 -171.741
-145.876  130.831  179.903
-143.614  129.979 -177.378
-129.189  111.294  168.255
-124.016  109.093  145.929
-135.360  129.867 -175.646
-142.989  150.473 -173.945
-129.742  146.892  151.635
-127.541  149.394  160.514
-135.878  137.625  164.643
-118.474  127.774  177.956
-145.901  136.894 -172.223
-142.861  145.413  169.603
-121.954  144.974  161.094
-127.034  134.409  179.268
-123.613  125.748  162.900
-140.480  140.894  173.153
-140.182  138.610  176.224
-144.493  124.595  168.300
-134.715  130.264  173.651
-127.986  135.288  163.791
-152.107  136.041 -177.579
-140.521  135.376 -178.112
-143.878  131.985  175.885
-128.373  133.155 -161.785
-137.131  143.535 -176.404
-135.085  133.384  170.787
-144.787  156.387 -163.034
-132.713  144.828  177.289
-117.656  144.769 -179.229
-133.316  129.680 -176.432
-144.316  148.702  166.673
-137.559  136.522 -171.838
-132.853  140.478  169.844
-130.987  137.575  168.867
-121.826  121.862  179.921
-128.607  126.077 -158.989
-114.218  135.813  178.108
-130.452  130.820  174.644
-145.668  139.239 -169.498
-144.552  144.924  175.873
-135.774  129.195  161.550
-141.404  138.105  177.910
-130.219  130.304  177.859
-124.431  145.267 -177.629
-134.353  139.803  145.587
-137.098  137.677 -166.822
-135.338  141.698  164.624
-141.885  120.859 -179.239
-120.976  126.201  175.412
-123.092  153.951  164.926
-148.267  139.686 -178.823
-123.812  144.510 -179.334
-136.263  128.992  167.503
-120.036  130.593  178.177
-143.050  146.739  174.095
-135.102  125.790  167.034
-138.924  146.499 -176.021
-140.782  129.684  165.152
-133.387  144.379 -172.963
-134.182  136.662  177.003
-143.912  140.385 -178.871
-148.225  130.247  170.878
-143.899  131.911  166.040
-137.656  130.678 -179.944
-129.967  145.213  175.553
-125.422  137.847 -176.622
-127.501  153.276  160.366
-135.084  149.701 -161.492
-127.727  122.817 -172.625
-127.755  126.741  176.038
-139.899  121.432  160.490
-110.784  124.953 -179.241
-133.696  146.610  168.129
-137.991  148.206  162.500
-142.194  133.409  178.498
-149.192  135.610 -179.705
-147.033  126.907  178.168
-123.781  151.552 -175.607
-136.601  131.416  168.795
-113.299  133.349 -178.631
-122.839  124.239  178.272
-132.002  133.302  175.659
-148.424  140.874  162.313
-144.605  135.189  175.249
-142.356  137.891 -168.687
-135.135  123.499 -178.283
-141.275  119.822  177.218
-142.124  143.891 -177.189
-123.075  129.688  179.312
-140.891  131.509  177.009
-126.252  146.511 -178.744
-130.157  154.504  170.748
-146.745  135.017  178.915
-124.158  143.757  179.155
-137.058  142.970  169.680
-122.031  134.356  167.850
-140.469  132.744  170.830
-139.317  136.932  171.086
-138.324  144.978  167.031
-151.960  132.993 -178.319
-130.961  137.489  171.135
-150.490  138.006  175.371
-137.857  127.293 -176.430
-142.172  133.790  170.413
-140.268  140.683  178.383
-123.054  139.933  178.911
-123.516  125.135  170.453
-132.869  130.520  163.608
-132.753  131.767 -167.116
-141.820  141.439 -177.847
-134.390  147.861  160.519
-130.045  130.154 -173.639
-141.526  139.205  177.803
-148.416  128.357 -171.113
-127.017  127.034  171.746
-139.691  145.783  171.618
-126.671  122.904 -175.405
-145.021  132.606  172.822
-122.206  135.966  175.634
-125.307  123.383  177.889
-140.235  149.756  170.322
-147.734  134.650 -176.225
-138.742  122.313 -170.360
-127.286  139.438 -175.918
-151.580  119.752  176.144
-118.946  139.394 -179.883
-117.728  125.199  177.270
-121.776  135.882  161.437
-128.120  125.130  171.771
-120.633  120.524  178.102
-140.779  138.980 -168.794
-133.814  134.416  166.780
-130.314  141.264  166.509
-121.935  131.817  179.780
-130.743  131.360  175.356
-134.993  137.927  164.156
-133.469  143.871  168.124
-119.533  135.929  167.918
-142.075  129.390  177.941
-146.917  153.916  169.958
-140.674  135.049 -173.905
-133.772  123.420  169.874
-139.264  128.820  159.069
-142.771  139.082  166.512
-140.723  147.065  165.056
-115.339  127.446 -178.357
-138.799  137.573 -175.590
-143.472  140.484  179.646
-135.685  148.545  172.610
-127.416  136.961  171.713
-140.865  146.594  176.822
-150.704  140.886  177.495
-137.811  141.450  149.248
-129.097  137.318  178.899
-146.776  136.773 -177.444
-123.970  136.072 -164.665
-126.084  114.772 -178.199
-135.318  131.591 -178.931
-131.385  133.313 -175.108
-132.926  136.463  177.375
-142.038  132.088  167.291
-122.026  134.209 -160.899
-134.054  139.505 -163.331
-131.170  134.884  170.211
-146.042  135.569 -176.518
-134.539  137.243 -174.699
-127.696  133.258  166.631
-123.359  146.588 -168.386
-134.136  128.623  178.653
-146.859  133.765  176.462
-132.713  129.119 -173.623
-142.821  132.589 -172.620
-146.792  142.743  175.752
-138.361  148.918 -179.929
-118.177  146.379  172.788
-136.749  139.413  179.396
-133.589  124.954 -157.582
-134.037  134.223  167.891
-133.973  139.766  159.332
-137.676  138.189  159.492
-133.716  144.544  175.403
-113.429  139.646  176.419
-115.395  132.578  177.038
-121.128  136.440  171.223
-124.739  142.130  170.193
-129.324  143.762  171.956
-144.257  135.955 -158.945
-135.711  125.999  171.228
-141.732  139.394 -170.854
-115.355  129.150 -178.883
-136.720  142.866  173.576
-139.012  139.571 -175.794
-144.830  131.792 -176.528
-150.390  147.596  176.072
-120.275  143.742 -173.231
-144.656  140.005 -168.680
-143.770  121.568  171.320
-137.283  143.308  173.842
-141.319  148.507  166.393
-132.216  140.031  167.105
-144.806  136.287  169.945
-140.740  125.703 -167.349
-131.957  147.954 -178.026
-141.096  129.980  168.119
-116.492  145.500  175.955
-123.597  130.483 -179.941
-137.140  125.459  161.469
-119.583  140.985  178.852
-145.014  133.702  175.465
-136.233  123.791 -175.539
-145.438  152.007 -175.905
-145.358  141.924 -170.608
-123.825  140.599 -169.519
-145.194  143.304  166.496
-139.165  136.737  177.647
-142.675  132.051  176.703
-149.234  140.780  175.639
-133.095  140.933  161.125
-124.473  140.208 -175.724
-132.437  141.740  176.049
-124.559  128.618 -178.991
-133.010  119.936 -170.730
-134.259  123.064 -164.555
-146.014  137.264 -176.295
-129.921  137.591  172.108
-122.806  132.794 -172.660
-136.676  143.026 -173.241
-140.483  122.571 -179.581
-137.313  142.486  164.915
-120.781  130.569  170.053
-133.545  120.626  171.768
-124.723  130.388 -173.962
-130.058  143.806  165.153
-146.847  149.209  171.756
-148.376  119.137  160.177
-140.714  152.718 -176.275
-150.558  143.687  178.871
-137.851  131.425  158.664
-139.367  145.387 -176.531
-141.550  158.146  164.630
-149.997  131.077  171.506
-136.471  147.700 -176.129
-137.546  125.599 -175.408
-117.367  141.313 -175.264
-126.554  129.151  178.066
-129.377  137.663  158.941
-131.197  128.376 -175.412
-123.746  137.737  172.218
-120.466  134.504 -165.711
-133.667  136.322  170.966
-128.392  120.427 -173.256
-131.030  141.838  176.598
-118.106  140.298 -167.021
-128.875  122.899  172.810
-111.619  112.432 -178.396
-140.531  110.083 -177.960
-150.782  132.389 -177.023
-139.545  145.970  167.836
-130.395  149.678 -170.546
-140.696  143.958  178.796
-138.969  139.445  177.712
-125.896  125.554  160.500
-120.087  133.620  175.841
-135.794  126.237  169.825
-134.776  134.680  171.351
-138.304  144.397 -179.644
-141.277  127.862 -179.557
-134.138  149.491  167.498
-127.868  138.638  175.368
-124.938  141.293  167.977
-143.064  131.830  172.613
-116.632  128.467 -176.220
-131.743  142.931  168.425
-149.788  135.816  164.046
-140.302  129.323  160.459
-137.249  138.611  171.952
-137.015  120.448  168.417
-123.043  130.601  168.866
-131.272  139.058  176.209
-141.853  150.955 -173.482
-133.988  148.448  179.322
-131.052  123.546  174.752
-147.033  139.746  172.107
-130.485  130.007  162.998
-138.566  140.309  160.095
-138.104  130.238  176.822
-131.117  124.292  177.591
-135.152  134.927 -173.384
-130.095  130.344 -160.938
-130.266  133.277  166.722
-127.537  148.338  172.020
-134.964  145.247 -177.417
-124.055  129.123  167.035
-133.803  136.851  171.624
-117.441  122.354  159.936
-134.326  147.039  162.168
-142.311  117.397  168.298
-134.629  151.970 -179.261
-146.567  136.621 -171.019
-124.214  125.877  176.801
-133.947  133.091  173.664
-146.938  138.840  178.182
-132.982  131.965 -178.860
-125.591  126.663  179.434
-137.930  125.040 -179.575
-145.120  121.147  173.221
-137.539  137.218 -176.384
-144.624  134.337 -179.807
-137.593  118.892 -179.795
-134.995  154.774  178.426
-142.069  117.211  170.219
-153.390  142.869  165.293
-135.089  133.584  168.941
-132.801  141.724 -179.506
-122.575  128.218  176.179
-104.434  138.481  177.193
-133.825  121.363  169.099
-130.379  129.931 -158.492
-137.065  142.811 -178.018
-121.710  136.672 -174.064
-124.882  145.511  143.777
-127.036  145.922 -170.361
-138.317  137.470  177.138
-139.766  139.466  168.689
-142.928  131.907 -175.542
-135.123  132.780 -174.705
-139.887  125.765 -167.211
-121.590  138.622  165.963
-124.530  143.125  177.459
-136.765  140.402 -167.973
-127.197  131.924  175.332
-132.108  143.101 -166.659
-139.235  131.789  171.662
-133.282  130.661  171.170
-135.591  126.193 -177.538
-105.331  126.780  161.621
-115.669  132.181 -176.209
-124.908  131.196  159.580
-162.253  144.228 -166.116
-131.484  153.150 -176.314
-132.456  145.516  176.470
-123.060  129.266 -179.158
-139.607  141.068 -168.523
-124.255  131.250 -177.905
-137.062  145.516 -179.972
-142.639  137.463 -178.666
-128.756  128.545  166.531
-134.837  131.980  176.132
-125.947  133.605 -176.965
-125.754  143.671 -176.198
-126.491  134.757  176.872
-133.521  145.350 -169.444
-130.757  134.717  169.280
-134.431  129.161  167.951
-123.866  146.129 -168.021
-128.395  144.550  175.355
-133.907  125.153  177.277
-135.537  149.334 -171.357
-129.838  132.425  173.521
-121.167  139.045  165.671
-120.159  124.179  164.615
-140.461  128.099 -172.829
-132.873  133.877  168.134
-142.721  137.117  178.853
-137.533  121.714 -174.396
-143.731  139.356  175.514
-145.083  135.455 -177.817
-136.603  137.237  178.041
-152.116  140.073  176.370
-137.261  144.547  160.869
-136.423  134.515  158.375
-138.022  127.468  164.612
-134.933  138.290  167.899
-140.260  142.089 -169.014
-129.886  134.584 -172.943
-145.181  144.699 -167.967
-140.793  128.850 -176.520
-145.517  132.985 -178.235
-133.038  132.540  165.065
-139.545  128.851  165.576
-134.778  129.995  171.012
-142.995  135.080  168.501
-134.998  126.135  166.171
-142.179  148.003  168.825
-132.063  141.842  167.401
-128.499  130.014  175.194
-126.476  134.134 -175.852
-132.015  154.210 -178.680
-133.293  153.361  169.398
-133.192  121.282  167.997
-128.765  144.791  164.026
-144.703  129.043  168.758
-146.634  147.336  173.568
-135.467  137.046  174.032
-137.057  143.896  175.867
-133.602  128.465  173.084
-120.064  133.315  168.493
-123.774  127.659  175.028
-131.973  135.121 -176.151
-130.036  133.197  166.803
-114.373  135.189  176.964
-138.122  118.808 -168.131
-151.006  124.715  170.204
-129.205  140.932 -179.418
-135.598  119.160 -179.187
-124.380  125.662  178.836
-142.020  133.354  179.112
-146.372  122.573  172.739
-134.233  124.359  169.432
-137.185  131.193 -176.202
-142.308  128.408 -174.839
-128.763  132.830  140.646
-151.973  147.812 -161.824
-131.165  137.073  178.999
-136.052  131.969  171.094
-143.221  123.994  177.439
-143.422  127.374  173.889
-136.339  135.040  170.582
-118.703  137.171 -174.770
-133.091  145.261  165.995
-133.572  110.985  167.204
-130.269  122.112  175.729
-139.336  148.687  172.653
-136.323  133.795  171.835
-145.899  137.539  174.092
-150.133  129.215  172.430
-137.843  150.654  151.621
-130.678  139.425  164.318
-128.376  139.615  173.956
-137.429  145.943  175.166
-131.174  133.949 -170.722
-133.237  133.947 -178.623
-122.382  135.652  167.005
-139.733  162.283  163.871
-110.198  135.043 -178.689
-136.777  141.338  171.964
-137.290  137.264  163.541
-145.640  119.866  162.906
-129.281  122.971 -165.913
-137.592  131.631  169.973
-125.084  140.693  174.078
-146.091  137.499  168.663
-129.701  138.528 -174.971
-145.716  128.344 -169.242
-133.324  148.499 -178.935
-129.680  128.466  167.628
-132.979  138.234 -173.739
-124.852  138.935  174.111
-122.043  132.088  169.214
-139.462  141.924  165.223
-127.049  132.922 -177.303
-116.236  132.317  174.184
-132.503  132.611  163.203
-138.988  138.146  175.112
-128.746  124.056  159.908
-125.279  125.767 -163.232
-130.632  126.650  177.193
-148.545  147.372  170.342
-147.080  140.413  171.678
-133.795  126.439  170.228
-138.762  146.988  163.584
-136.626  138.681 -171.320
-110.520  137.725 -178.177
-148.907  133.178  166.425
-137.169  115.698  177.247
-139.811  141.444 -179.211
-124.245  151.481 -178.894
-129.709  147.658 -177.043
-125.280  144.506 -179.793
-143.486  137.516  175.717
-138.928  135.860  165.709
-143.676  132.982  176.381
-130.129  136.100 -178.051
-125.865  123.727  165.005
-124.427  135.228  169.336
-131.294  136.015  175.255
-144.093  134.143  160.541
-139.881  144.666  174.176
-145.224  126.902 -173.139
-132.642  133.177  151.946
-127.728  144.893  163.665
-132.916  150.273  170.620
-145.412  136.543 -179.774
-133.429  138.584  163.479
-140.191  147.150  165.515
-141.079  143.830 -173.153
-151.241  137.248 -168.914
-146.652  137.625  176.807
-123.693  127.278 -161.773
-139.733  144.142 -176.545
-132.448  139.108  173.145
-145.722  131.787  168.468
-134.070  138.921 -179.653
-133.645  148.165  177.504
-125.624  140.735 -171.860
-115.019  117.869  173.057
-127.045  144.885  179.613
-143.821  140.283 -174.917
-130.287  125.277  156.978
-113.105  129.181 -178.320
-119.355  145.873 -172.077
-131.425  136.966 -174.354
-119.236  136.146  177.663
-139.843  129.805  172.145
-128.122  143.183  146.132
-132.394  132.136  170.587
-136.476  135.746  174.082
-139.171  142.868 -178.299
-141.460  114.405 -170.341
-122.435  143.931 -171.885
-133.570  141.604 -179.246
-136.409  146.830  161.077
-129.825  137.818  167.381
-141.142  145.593  160.705
-130.850  127.299  148.697
-148.116  132.536  179.477
-135.132  144.208 -174.678
-140.827  137.388  167.635
-122.492  128.649 -180.000
-126.486  137.440  163.237
-129.473  136.085 -175.473
-119.643  144.823 -175.618
-135.934  149.954  175.409
-134.614  127.301  174.210
-116.703  115.984  170.401
-137.576  135.128  170.183
-127.526  143.822  178.536
-150.183  147.337 -167.419
-118.662  153.326 -169.820
-140.188  131.547  169.221
-117.487  138.953  176.166
-134.692  120.503  168.416
-141.844  129.040  166.310
-117.333  125.805  163.487
-118.468  140.983  174.162
-129.133  120.822  179.839
-126.648  131.918  171.822
-134.859  115.165 -170.430
-127.938  125.533  164.805
-120.253  122.793  166.689
-131.709  129.993 -177.539
-129.916  127.516  168.036
-139.321  135.955  161.634
-130.113  127.138 -175.602
-154.115  144.778  176.832
-129.596  110.784  163.285
-140.924  150.592 -174.005
-102.068  125.894 -177.915
-127.531  132.495 -177.894
-137.603  136.952 -177.674
-131.534  145.498  171.308
-122.547  135.693  158.658
-130.112  138.473  164.172
-140.672  123.685  165.520
-141.902  128.182  162.948
-137.528  131.416  160.681
-126.086  129.449  176.104
-119.264  121.462 -174.248
-144.013  140.848 -178.944
-137.115  136.129  172.945
-130.518  123.027 -175.719
-121.264  147.082  165.227
-137.160  124.035  169.039
-126.011  135.003 -178.246
-140.759  126.376 -179.679
-132.117  130.130  172.790
-147.578  137.697  164.659
-122.402  129.264  168.839
-139.884  132.766  174.917
-140.728  131.893  175.285
-134.214  137.138 -168.612
-144.244  136.173  179.926
-129.722  132.506  167.871
-140.654  133.717 -175.058
-135.657  135.919  168.410
-131.730  135.309 -170.926
-135.290  138.878  170.883
-126.513  145.396 -168.696
