   -1.34999e+04
   -1.35033e+04
   -1.35033e+04
   -1.35065e+04
   -1.35096e+04
   -1.35004e+04
   -1.35107e+04
   -1.35053e+04
   -1.35071e+04
   -1.35089e+04
   -1.35125e+04
   -1.35109e+04
   -1.35165e+04
   -1.35188e+04
   -1.35124e+04
   -1.35072e+04
   -1.35039e+04
   -1.35074e+04
   -1.35106e+04
   -1.35127e+04
   -1.35138e+04
   -1.35133e+04
   -1.35271e+04
   -1.35190e+04
   -1.35163e+04
   -1.35156e+04
   -1.35166e+04
   -1.35154e+04
   -1.35131e+04
   -1.35142e+04
   -1.35170e+04
   -1.35145e+04
   -1.35155e+04
   -1.35165e+04
   -1.35141e+04
   -1.35143e+04
   -1.35153e+04
   -1.35148e+04
   -1.35184e+04
   -1.35125e+04
   -1.35177e+04
   -1.35234e+04
   -1.35166e+04
   -1.35147e+04
   -1.35190e+04
   -1.35177e+04
   -1.35178e+04
   -1.35158e+04
   -1.35131e+04
   -1.35133e+04
   -1.35145e+04
   -1.35145e+04
   -1.35240e+04
   -1.35225e+04
   -1.35150e+04
   -1.35163e+04
   -1.35185e+04
   -1.35234e+04
   -1.35224e+04
   -1.35156e+04
   -1.35153e+04
   -1.35127e+04
   -1.35180e+04
   -1.35172e+04
   -1.35183e+04
   -1.35096e+04
   -1.35188e+04
   -1.35222e+04
   -1.35211e+04
   -1.35154e+04
   -1.35144e+04
   -1.35220e+04
   -1.35194e+04
   -1.35246e+04
   -1.35235e+04
   -1.35201e+04
   -1.35149e+04
   -1.35198e+04
   -1.35198e+04
   -1.35156e+04
   -1.35241e+04
   -1.35128e+04
   -1.35157e+04
   -1.35129e+04
   -1.35160e+04
   -1.35135e+04
   -1.35147e+04
   -1.35139e+04
   -1.35166e+04
   -1.35210e+04
   -1.35166e+04
   -1.35200e+04
   -1.35211e+04
   -1.35197e+04
   -1.35201e+04
   -1.35199e+04
   -1.35191e+04
   -1.35245e+04
   -1.35276e+04
   -1.35238e+04
   -1.35277e+04
   -1.35234e+04
   -1.35271e+04
   -1.35216e+04
   -1.35224e+04
   -1.35246e+04
   -1.35244e+04
   -1.35260e+04
   -1.35263e+04
   -1.35240e+04
   -1.35214e+04
   -1.35224e+04
   -1.35201e+04
   -1.35213e+04
   -1.35266e+04
   -1.35212e+04
   -1.35269e+04
   -1.35238e+04
   -1.35221e+04
   -1.35239e+04
   -1.35249e+04
   -1.35261e+04
   -1.35302e+04
   -1.35215e+04
   -1.35270e+04
   -1.35263e+04
   -1.35267e+04
   -1.35259e+04
   -1.35221e+04
   -1.35240e+04
   -1.35197e+04
   -1.35217e+04
   -1.35271e+04
   -1.35226e+04
   -1.35181e+04
   -1.35186e+04
   -1.35203e+04
   -1.35260e+04
   -1.35259e+04
   -1.35308e+04
   -1.35303e+04
   -1.35260e+04
   -1.35244e+04
   -1.35213e+04
   -1.35185e+04
   -1.35211e+04
   -1.35280e+04
   -1.35285e+04
   -1.35241e+04
   -1.35205e+04
   -1.35218e+04
   -1.35215e+04
   -1.35225e+04
   -1.35256e+04
   -1.35211e+04
   -1.35188e+04
   -1.35180e+04
   -1.35170e+04
   -1.35179e+04
   -1.35224e+04
   -1.35288e+04
   -1.35267e+04
   -1.35260e+04
   -1.35287e+04
   -1.35407e+04
   -1.35322e+04
   -1.35296e+04
   -1.35271e+04
   -1.35219e+04
   -1.35254e+04
   -1.35272e+04
   -1.35257e+04
   -1.35242e+04
   -1.35206e+04
   -1.35210e+04
   -1.35247e+04
   -1.35215e+04
   -1.35222e+04
   -1.35205e+04
   -1.35225e+04
   -1.35223e+04
   -1.35201e+04
   -1.35219e+04
   -1.35237e+04
   -1.35281e+04
   -1.35200e+04
   -1.35251e+04
   -1.35281e+04
   -1.35330e+04
   -1.35301e+04
   -1.35305e+04
   -1.35263e+04
   -1.35242e+04
   -1.35271e+04
   -1.35215e+04
   -1.35249e+04
   -1.35247e+04
   -1.35274e+04
   -1.35248e+04
   -1.35249e+04
   -1.35289e+04
   -1.35240e+04
   -1.35204e+04
   -1.35229e+04
   -1.35215e+04
   -1.35196e+04
   -1.35213e+04
   -1.35247e+04
   -1.35187e+04
   -1.35212e+04
   -1.35198e+04
   -1.35178e+04
   -1.35178e+04
   -1.35193e+04
   -1.35280e+04
   -1.35215e+04
   -1.35259e+04
   -1.35252e+04
   -1.35260e+04
   -1.35209e+04
   -1.35211e+04
   -1.35261e+04
   -1.35232e+04
   -1.35235e+04
   -1.35234e+04
   -1.35276e+04
   -1.35196e+04
   -1.35190e+04
   -1.35276e+04
   -1.35216e+04
   -1.35229e+04
   -1.35245e+04
   -1.35211e+04
   -1.35160e+04
   -1.35186e+04
   -1.35172e+04
   -1.35187e+04
   -1.35188e+04
   -1.35147e+04
   -1.35185e+04
   -1.35203e+04
   -1.35232e+04
   -1.35328e+04
   -1.35232e+04
   -1.35229e+04
   -1.35267e+04
   -1.35289e+04
   -1.35203e+04
   -1.35153e+04
   -1.35192e+04
   -1.35216e+04
   -1.35244e+04
   -1.35124e+04
   -1.35144e+04
   -1.35162e+04
   -1.35133e+04
   -1.35194e+04
   -1.35187e+04
   -1.35183e+04
   -1.35182e+04
   -1.35210e+04
   -1.35179e+04
   -1.35148e+04
   -1.35151e+04
   -1.35157e+04
   -1.35161e+04
   -1.35196e+04
   -1.35237e+04
   -1.35333e+04
   -1.35217e+04
   -1.35193e+04
   -1.35212e+04
   -1.35198e+04
   -1.35169e+04
   -1.35273e+04
   -1.35245e+04
   -1.35207e+04
   -1.35204e+04
   -1.35291e+04
   -1.35293e+04
   -1.35304e+04
   -1.35308e+04
   -1.35283e+04
   -1.35282e+04
   -1.35282e+04
   -1.35223e+04
   -1.35260e+04
   -1.35229e+04
   -1.35264e+04
   -1.35319e+04
   -1.35302e+04
   -1.35264e+04
   -1.35265e+04
   -1.35325e+04
   -1.35272e+04
   -1.35312e+04
   -1.35328e+04
   -1.35276e+04
   -1.35257e+04
   -1.35276e+04
   -1.35267e+04
   -1.35239e+04
   -1.35244e+04
   -1.35258e+04
   -1.35262e+04
   -1.35254e+04
   -1.35245e+04
   -1.35281e+04
   -1.35284e+04
   -1.35325e+04
   -1.35303e+04
   -1.35307e+04
   -1.35237e+04
   -1.35273e+04
   -1.35334e+04
   -1.35355e+04
   -1.35304e+04
   -1.35264e+04
   -1.35263e+04
   -1.35320e+04
   -1.35308e+04
   -1.35302e+04
   -1.35265e+04
   -1.35283e+04
   -1.35278e+04
   -1.35278e+04
   -1.35291e+04
   -1.35289e+04
   -1.35236e+04
   -1.35291e+04
   -1.35275e+04
   -1.35282e+04
   -1.35272e+04
   -1.35280e+04
   -1.35266e+04
   -1.35324e+04
   -1.35381e+04
   -1.35348e+04
   -1.35281e+04
   -1.35263e+04
   -1.35304e+04
   -1.35268e+04
   -1.35230e+04
   -1.35276e+04
   -1.35286e+04
   -1.35323e+04
   -1.35353e+04
   -1.35387e+04
   -1.35355e+04
   -1.35275e+04
   -1.35320e+04
   -1.35333e+04
   -1.35316e+04
   -1.35327e+04
   -1.35340e+04
   -1.35245e+04
   -1.35284e+04
   -1.35268e+04
   -1.35237e+04
   -1.35275e+04
   -1.35272e+04
   -1.35278e+04
   -1.35237e+04
   -1.35247e+04
   -1.35245e+04
   -1.35269e+04
   -1.35272e+04
   -1.35238e+04
   -1.35201e+04
   -1.35256e+04
   -1.35282e+04
   -1.35280e+04
   -1.35265e+04
   -1.35203e+04
   -1.35176e+04
   -1.35222e+04
   -1.35239e+04
   -1.35236e+04
   -1.35259e+04
   -1.35244e+04
   -1.35214e+04
   -1.35259e+04
   -1.35224e+04
   -1.35202e+04
   -1.35229e+04
   -1.35264e+04
   -1.35270e+04
   -1.35274e+04
   -1.35242e+04
   -1.35230e+04
   -1.35248e+04
   -1.35292e+04
   -1.35327e+04
   -1.35286e+04
   -1.35301e+04
   -1.35317e+04
   -1.35301e+04
   -1.35275e+04
   -1.35304e+04
   -1.35242e+04
   -1.35282e+04
   -1.35261e+04
   -1.35301e+04
   -1.35286e+04
   -1.35256e+04
   -1.35258e+04
   -1.35307e+04
   -1.35248e+04
   -1.35221e+04
   -1.35247e+04
   -1.35347e+04
   -1.35282e+04
   -1.35300e+04
   -1.35260e+04
   -1.35281e+04
   -1.35249e+04
   -1.35255e+04
   -1.35206e+04
   -1.35204e+04
   -1.35244e+04
   -1.35218e+04
   -1.35214e+04
   -1.35206e+04
   -1.35234e+04
   -1.35297e+04
   -1.35186e+04
   -1.35206e+04
   -1.35199e+04
   -1.35186e+04
   -1.35178e+04
   -1.35190e+04
   -1.35208e+04
   -1.35224e+04
   -1.35185e+04
   -1.35235e+04
   -1.35250e+04
   -1.35272e+04
   -1.35312e+04
   -1.35275e+04
   -1.35359e+04
   -1.35297e+04
   -1.35294e+04
   -1.35266e+04
   -1.35324e+04
   -1.35325e+04
   -1.35271e+04
   -1.35319e+04
   -1.35263e+04
   -1.35264e+04
   -1.35256e+04
   -1.35283e+04
   -1.35261e+04
   -1.35263e+04
   -1.35265e+04
   -1.35334e+04
   -1.35266e+04
   -1.35294e+04
   -1.35283e+04
   -1.35272e+04
   -1.35268e+04
   -1.35274e+04
   -1.35320e+04
   -1.35348e+04
   -1.35393e+04
   -1.35337e+04
   -1.35285e+04
   -1.35316e+04
   -1.35290e+04
   -1.35417e+04
   -1.35313e+04
   -1.35291e+04
   -1.35313e+04
   -1.35340e+04
   -1.35342e+04
   -1.35334e+04
   -1.35301e+04
   -1.35339e+04
   -1.35319e+04
   -1.35374e+04
   -1.35283e+04
   -1.35254e+04
   -1.35258e+04
   -1.35235e+04
   -1.35229e+04
   -1.35191e+04
   -1.35185e+04
   -1.35212e+04
   -1.35163e+04
   -1.35197e+04
   -1.35209e+04
   -1.35201e+04
   -1.35273e+04
   -1.35250e+04
   -1.35194e+04
   -1.35265e+04
   -1.35198e+04
   -1.35191e+04
   -1.35185e+04
   -1.35286e+04
   -1.35228e+04
   -1.35273e+04
   -1.35217e+04
   -1.35279e+04
   -1.35208e+04
   -1.35195e+04
   -1.35214e+04
   -1.35221e+04
   -1.35204e+04
   -1.35228e+04
   -1.35225e+04
   -1.35217e+04
   -1.35267e+04
   -1.35244e+04
   -1.35258e+04
   -1.35253e+04
   -1.35223e+04
   -1.35240e+04
   -1.35219e+04
   -1.35224e+04
   -1.35230e+04
   -1.35295e+04
   -1.35247e+04
   -1.35180e+04
   -1.35227e+04
   -1.35227e+04
   -1.35181e+04
   -1.35195e+04
   -1.35302e+04
   -1.35274e+04
   -1.35265e+04
   -1.35299e+04
   -1.35251e+04
   -1.35252e+04
   -1.35255e+04
   -1.35330e+04
   -1.35308e+04
   -1.35231e+04
   -1.35245e+04
   -1.35254e+04
   -1.35339e+04
   -1.35306e+04
   -1.35277e+04
   -1.35316e+04
   -1.35343e+04
   -1.35372e+04
   -1.35418e+04
   -1.35439e+04
   -1.35459e+04
   -1.35432e+04
   -1.35356e+04
   -1.35363e+04
   -1.35312e+04
   -1.35325e+04
   -1.35394e+04
   -1.35322e+04
   -1.35276e+04
   -1.35260e+04
   -1.35272e+04
   -1.35246e+04
   -1.35262e+04
   -1.35253e+04
   -1.35287e+04
   -1.35323e+04
   -1.35345e+04
   -1.35327e+04
   -1.35312e+04
   -1.35361e+04
   -1.35351e+04
   -1.35343e+04
   -1.35305e+04
   -1.35248e+04
   -1.35252e+04
   -1.35276e+04
   -1.35374e+04
   -1.35313e+04
   -1.35287e+04
   -1.35258e+04
   -1.35261e+04
   -1.35243e+04
   -1.35242e+04
   -1.35348e+04
   -1.35342e+04
   -1.35304e+04
   -1.35368e+04
   -1.35300e+04
   -1.35294e+04
   -1.35353e+04
   -1.35321e+04
   -1.35343e+04
   -1.35308e+04
   -1.35350e+04
   -1.35280e+04
   -1.35258e+04
   -1.35285e+04
   -1.35265e+04
   -1.35293e+04
   -1.35300e+04
   -1.35309e+04
   -1.35373e+04
   -1.35347e+04
   -1.35341e+04
   -1.35376e+04
   -1.35422e+04
   -1.35315e+04
   -1.35310e+04
   -1.35323e+04
   -1.35331e+04
   -1.35373e+04
   -1.35414e+04
   -1.35307e+04
   -1.35284e+04
   -1.35307e+04
   -1.35342e+04
   -1.35371e+04
   -1.35330e+04
   -1.35320e+04
   -1.35329e+04
   -1.35328e+04
   -1.35321e+04
   -1.35334e+04
   -1.35251e+04
   -1.35282e+04
   -1.35259e+04
   -1.35298e+04
   -1.35294e+04
   -1.35319e+04
   -1.35328e+04
   -1.35308e+04
   -1.35327e+04
   -1.35308e+04
   -1.35255e+04
   -1.35264e+04
   -1.35255e+04
   -1.35257e+04
   -1.35306e+04
   -1.35317e+04
   -1.35279e+04
   -1.35332e+04
   -1.35360e+04
   -1.35399e+04
   -1.35321e+04
   -1.35316e+04
   -1.35340e+04
   -1.35310e+04
   -1.35297e+04
   -1.35273e+04
   -1.35284e+04
   -1.35317e+04
   -1.35312e+04
   -1.35345e+04
   -1.35394e+04
   -1.35386e+04
   -1.35416e+04
   -1.35432e+04
   -1.35378e+04
   -1.35337e+04
   -1.35337e+04
   -1.35270e+04
   -1.35314e+04
   -1.35298e+04
   -1.35337e+04
   -1.35335e+04
   -1.35347e+04
   -1.35347e+04
   -1.35289e+04
   -1.35289e+04
   -1.35286e+04
   -1.35319e+04
   -1.35222e+04
   -1.35297e+04
   -1.35268e+04
   -1.35296e+04
   -1.35326e+04
   -1.35355e+04
   -1.35333e+04
   -1.35311e+04
   -1.35330e+04
   -1.35342e+04
   -1.35322e+04
   -1.35278e+04
   -1.35260e+04
   -1.35283e+04
   -1.35316e+04
   -1.35358e+04
   -1.35244e+04
   -1.35246e+04
   -1.35274e+04
   -1.35332e+04
   -1.35335e+04
   -1.35294e+04
   -1.35347e+04
   -1.35309e+04
   -1.35292e+04
   -1.35411e+04
   -1.35338e+04
   -1.35380e+04
   -1.35383e+04
   -1.35337e+04
   -1.35346e+04
   -1.35306e+04
   -1.35330e+04
   -1.35318e+04
   -1.35261e+04
   -1.35283e+04
   -1.35255e+04
   -1.35238e+04
   -1.35293e+04
   -1.35272e+04
   -1.35263e+04
   -1.35257e+04
   -1.35330e+04
   -1.35304e+04
   -1.35238e+04
   -1.35262e+04
   -1.35243e+04
   -1.35247e+04
   -1.35239e+04
   -1.35292e+04
   -1.35236e+04
   -1.35292e+04
   -1.35289e+04
   -1.35303e+04
   -1.35285e+04
   -1.35305e+04
   -1.35324e+04
   -1.35295e+04
   -1.35360e+04
   -1.35356e+04
   -1.35355e+04
   -1.35314e+04
   -1.35294e+04
   -1.35315e+04
   -1.35291e+04
   -1.35284e+04
   -1.35259e+04
   -1.35298e+04
   -1.35266e+04
   -1.35303e+04
   -1.35316e+04
   -1.35294e+04
   -1.35252e+04
   -1.35266e+04
   -1.35304e+04
   -1.35272e+04
   -1.35347e+04
   -1.35300e+04
   -1.35305e+04
   -1.35329e+04
   -1.35338e+04
   -1.35293e+04
   -1.35262e+04
   -1.35303e+04
   -1.35270e+04
   -1.35288e+04
   -1.35272e+04
   -1.35325e+04
   -1.35303e+04
   -1.35332e+04
   -1.35282e+04
   -1.35349e+04
   -1.35295e+04
   -1.35303e+04
   -1.35232e+04
   -1.35260e+04
   -1.35345e+04
   -1.35304e+04
   -1.35238e+04
   -1.35213e+04
   -1.35284e+04
   -1.35209e+04
   -1.35263e+04
   -1.35220e+04
   -1.35211e+04
   -1.35226e+04
   -1.35183e+04
   -1.35156e+04
   -1.35279e+04
   -1.35245e+04
   -1.35263e+04
   -1.35285e+04
   -1.35221e+04
   -1.35173e+04
   -1.35221e+04
   -1.35202e+04
   -1.35177e+04
   -1.35198e+04
   -1.35211e+04
   -1.35201e+04
   -1.35229e+04
   -1.35266e+04
   -1.35266e+04
   -1.35272e+04
   -1.35245e+04
   -1.35313e+04
   -1.35314e+04
   -1.35260e+04
   -1.35256e+04
   -1.35227e+04
   -1.35279e+04
   -1.35315e+04
   -1.35300e+04
   -1.35331e+04
   -1.35352e+04
   -1.35310e+04
   -1.35334e+04
   -1.35324e+04
   -1.35314e+04
   -1.35279e+04
   -1.35290e+04
   -1.35245e+04
   -1.35249e+04
   -1.35269e+04
   -1.35292e+04
   -1.35232e+04
   -1.35274e+04
   -1.35307e+04
   -1.35271e+04
   -1.35343e+04
   -1.35332e+04
   -1.35355e+04
   -1.35367e+04
   -1.35337e+04
   -1.35372e+04
   -1.35368e+04
   -1.35388e+04
   -1.35312e+04
   -1.35244e+04
   -1.35208e+04
   -1.35214e+04
   -1.35219e+04
   -1.35249e+04
   -1.35214e+04
   -1.35219e+04
   -1.35250e+04
   -1.35279e+04
   -1.35293e+04
   -1.35283e+04
   -1.35292e+04
   -1.35331e+04
   -1.35340e+04
   -1.35308e+04
   -1.35270e+04
   -1.35315e+04
   -1.35309e+04
   -1.35283e+04
   -1.35231e+04
   -1.35246e+04
   -1.35238e+04
   -1.35257e+04
   -1.35255e+04
   -1.35300e+04
   -1.35263e+04
   -1.35305e+04
   -1.35215e+04
   -1.35250e+04
   -1.35259e+04
   -1.35312e+04
   -1.35260e+04
   -1.35245e+04
   -1.35223e+04
   -1.35213e+04
   -1.35156e+04
   -1.35220e+04
   -1.35215e+04
   -1.35284e+04
   -1.35283e+04
   -1.35316e+04
   -1.35320e+04
   -1.35259e+04
   -1.35261e+04
   -1.35233e+04
   -1.35311e+04
   -1.35287e+04
   -1.35318e+04
   -1.35313e+04
   -1.35337e+04
   -1.35297e+04
   -1.35291e+04
   -1.35285e+04
   -1.35305e+04
   -1.35269e+04
   -1.35297e+04
   -1.35282e+04
   -1.35288e+04
   -1.35305e+04
   -1.35293e+04
   -1.35255e+04
   -1.35277e+04
   -1.35314e+04
   -1.35341e+04
   -1.35349e+04
   -1.35284e+04
   -1.35319e+04
   -1.35296e+04
   -1.35309e+04
   -1.35306e+04
   -1.35339e+04
   -1.35273e+04
   -1.35276e+04
   -1.35276e+04
   -1.35263e+04
   -1.35209e+04
   -1.35263e+04
   -1.35238e+04
   -1.35230e+04
   -1.35273e+04
   -1.35261e+04
   -1.35300e+04
   -1.35248e+04
   -1.35319e+04
   -1.35299e+04
   -1.35261e+04
   -1.35264e+04
   -1.35206e+04
   -1.35256e+04
   -1.35307e+04
   -1.35165e+04
   -1.35253e+04
   -1.35232e+04
   -1.35211e+04
   -1.35245e+04
   -1.35235e+04
   -1.35213e+04
   -1.35247e+04
   -1.35269e+04
   -1.35257e+04
   -1.35276e+04
   -1.35239e+04
   -1.35345e+04
   -1.35290e+04
   -1.35334e+04
   -1.35298e+04
   -1.35280e+04
   -1.35299e+04
   -1.35287e+04
   -1.35269e+04
   -1.35263e+04
   -1.35243e+04
   -1.35207e+04
   -1.35220e+04
   -1.35243e+04
   -1.35211e+04
   -1.35271e+04
   -1.35212e+04
   -1.35220e+04
   -1.35183e+04
   -1.35240e+04
   -1.35256e+04
   -1.35275e+04
   -1.35288e+04
   -1.35309e+04
   -1.35336e+04
   -1.35306e+04
   -1.35286e+04
   -1.35279e+04
   -1.35254e+04
   -1.35273e+04
   -1.35321e+04
   -1.35301e+04
   -1.35344e+04
   -1.35270e+04
   -1.35200e+04
   -1.35203e+04
   -1.35221e+04
   -1.35202e+04
   -1.35262e+04
   -1.35250e+04
   -1.35249e+04
   -1.35223e+04
   -1.35257e+04
   -1.35210e+04
   -1.35260e+04
   -1.35311e+04
   -1.35321e+04
   -1.35313e+04
   -1.35266e+04
   -1.35204e+04
   -1.35190e+04
   -1.35210e+04
   -1.35186e+04
   -1.35181e+04
   -1.35164e+04
   -1.35163e+04
   -1.35154e+04
   -1.35239e+04
   -1.35172e+04
   -1.35217e+04
   -1.35250e+04
   -1.35254e+04
   -1.35154e+04
   -1.35213e+04
   -1.35197e+04
   -1.35289e+04
   -1.35313e+04
   -1.35330e+04
   -1.35331e+04
   -1.35345e+04
   -1.35329e+04
   -1.35321e+04
   -1.35333e+04
