   -1.28236e+04
   -1.28300e+04
   -1.28258e+04
   -1.28297e+04
   -1.28295e+04
   -1.28260e+04
   -1.28268e+04
   -1.28309e+04
   -1.28303e+04
   -1.28315e+04
   -1.28365e+04
   -1.28352e+04
   -1.28321e+04
   -1.28365e+04
   -1.28298e+04
   -1.28277e+04
   -1.28295e+04
   -1.28314e+04
   -1.28329e+04
   -1.28355e+04
   -1.28397e+04
   -1.28396e+04
   -1.28441e+04
   -1.28365e+04
   -1.28342e+04
   -1.28342e+04
   -1.28368e+04
   -1.28376e+04
   -1.28374e+04
   -1.28367e+04
   -1.28413e+04
   -1.28420e+04
   -1.28386e+04
   -1.28436e+04
   -1.28415e+04
   -1.28458e+04
   -1.28476e+04
   -1.28404e+04
   -1.28472e+04
   -1.28443e+04
   -1.28461e+04
   -1.28428e+04
   -1.28407e+04
   -1.28446e+04
   -1.28482e+04
   -1.28488e+04
   -1.28461e+04
   -1.28504e+04
   -1.28432e+04
   -1.28442e+04
   -1.28410e+04
   -1.28465e+04
   -1.28461e+04
   -1.28462e+04
   -1.28380e+04
   -1.28378e+04
   -1.28390e+04
   -1.28424e+04
   -1.28392e+04
   -1.28432e+04
   -1.28397e+04
   -1.28442e+04
   -1.28404e+04
   -1.28397e+04
   -1.28403e+04
   -1.28428e+04
   -1.28478e+04
   -1.28424e+04
   -1.28422e+04
   -1.28394e+04
   -1.28384e+04
   -1.28388e+04
   -1.28405e+04
   -1.28402e+04
   -1.28418e+04
   -1.28424e+04
   -1.28377e+04
   -1.28385e+04
   -1.28410e+04
   -1.28366e+04
   -1.28426e+04
   -1.28373e+04
   -1.28434e+04
   -1.28404e+04
   -1.28388e+04
   -1.28396e+04
   -1.28410e+04
   -1.28423e+04
   -1.28453e+04
   -1.28440e+04
   -1.28444e+04
   -1.28472e+04
   -1.28440e+04
   -1.28470e+04
   -1.28484e+04
   -1.28420e+04
   -1.28436e+04
   -1.28477e+04
   -1.28506e+04
   -1.28476e+04
   -1.28475e+04
   -1.28435e+04
   -1.28449e+04
   -1.28407e+04
   -1.28451e+04
   -1.28464e+04
   -1.28487e+04
   -1.28463e+04
   -1.28446e+04
   -1.28438e+04
   -1.28483e+04
   -1.28537e+04
   -1.28484e+04
   -1.28508e+04
   -1.28450e+04
   -1.28514e+04
   -1.28513e+04
   -1.28489e+04
   -1.28506e+04
   -1.28606e+04
   -1.28592e+04
   -1.28514e+04
   -1.28500e+04
   -1.28462e+04
   -1.28481e+04
   -1.28398e+04
   -1.28445e+04
   -1.28500e+04
   -1.28414e+04
   -1.28462e+04
   -1.28415e+04
   -1.28409e+04
   -1.28408e+04
   -1.28399e+04
   -1.28447e+04
   -1.28466e+04
   -1.28470e+04
   -1.28500e+04
   -1.28481e+04
   -1.28517e+04
   -1.28511e+04
   -1.28435e+04
   -1.28449e+04
   -1.28465e+04
   -1.28471e+04
   -1.28463e+04
   -1.28512e+04
   -1.28507e+04
   -1.28456e+04
   -1.28483e+04
   -1.28466e+04
   -1.28446e+04
   -1.28487e+04
   -1.28451e+04
   -1.28439e+04
   -1.28418e+04
   -1.28381e+04
   -1.28403e+04
   -1.28409e+04
   -1.28504e+04
   -1.28419e+04
   -1.28418e+04
   -1.28430e+04
   -1.28441e+04
   -1.28481e+04
   -1.28471e+04
   -1.28486e+04
   -1.28465e+04
   -1.28473e+04
   -1.28491e+04
   -1.28456e+04
   -1.28418e+04
   -1.28411e+04
   -1.28457e+04
   -1.28436e+04
   -1.28408e+04
   -1.28429e+04
   -1.28409e+04
   -1.28413e+04
   -1.28387e+04
   -1.28399e+04
   -1.28434e+04
   -1.28384e+04
   -1.28521e+04
   -1.28413e+04
   -1.28466e+04
   -1.28479e+04
   -1.28533e+04
   -1.28472e+04
   -1.28427e+04
   -1.28537e+04
   -1.28494e+04
   -1.28509e+04
   -1.28485e+04
   -1.28496e+04
   -1.28489e+04
   -1.28490e+04
   -1.28518e+04
   -1.28477e+04
   -1.28508e+04
   -1.28479e+04
   -1.28484e+04
   -1.28484e+04
   -1.28410e+04
   -1.28423e+04
   -1.28456e+04
   -1.28480e+04
   -1.28465e+04
   -1.28425e+04
   -1.28400e+04
   -1.28421e+04
   -1.28416e+04
   -1.28398e+04
   -1.28390e+04
   -1.28427e+04
   -1.28473e+04
   -1.28464e+04
   -1.28476e+04
   -1.28459e+04
   -1.28465e+04
   -1.28481e+04
   -1.28450e+04
   -1.28434e+04
   -1.28389e+04
   -1.28416e+04
   -1.28375e+04
   -1.28383e+04
   -1.28445e+04
   -1.28367e+04
   -1.28381e+04
   -1.28408e+04
   -1.28446e+04
   -1.28432e+04
   -1.28411e+04
   -1.28416e+04
   -1.28393e+04
   -1.28420e+04
   -1.28431e+04
   -1.28432e+04
   -1.28477e+04
   -1.28463e+04
   -1.28528e+04
   -1.28450e+04
   -1.28456e+04
   -1.28467e+04
   -1.28421e+04
   -1.28377e+04
   -1.28397e+04
   -1.28395e+04
   -1.28392e+04
   -1.28433e+04
   -1.28349e+04
   -1.28334e+04
   -1.28379e+04
   -1.28369e+04
   -1.28350e+04
   -1.28376e+04
   -1.28393e+04
   -1.28394e+04
   -1.28379e+04
   -1.28387e+04
   -1.28370e+04
   -1.28332e+04
   -1.28342e+04
   -1.28338e+04
   -1.28402e+04
   -1.28415e+04
   -1.28460e+04
   -1.28413e+04
   -1.28403e+04
   -1.28410e+04
   -1.28359e+04
   -1.28403e+04
   -1.28476e+04
   -1.28458e+04
   -1.28389e+04
   -1.28403e+04
   -1.28437e+04
   -1.28443e+04
   -1.28432e+04
   -1.28436e+04
   -1.28422e+04
   -1.28366e+04
   -1.28386e+04
   -1.28396e+04
   -1.28452e+04
   -1.28420e+04
   -1.28449e+04
   -1.28483e+04
   -1.28443e+04
   -1.28444e+04
   -1.28460e+04
   -1.28481e+04
   -1.28444e+04
   -1.28500e+04
   -1.28502e+04
   -1.28493e+04
   -1.28536e+04
   -1.28499e+04
   -1.28490e+04
   -1.28457e+04
   -1.28509e+04
   -1.28495e+04
   -1.28503e+04
   -1.28457e+04
   -1.28444e+04
   -1.28416e+04
   -1.28444e+04
   -1.28426e+04
   -1.28431e+04
   -1.28400e+04
   -1.28368e+04
   -1.28431e+04
   -1.28426e+04
   -1.28475e+04
   -1.28445e+04
   -1.28430e+04
   -1.28452e+04
   -1.28481e+04
   -1.28391e+04
   -1.28425e+04
   -1.28391e+04
   -1.28379e+04
   -1.28384e+04
   -1.28385e+04
   -1.28439e+04
   -1.28413e+04
   -1.28395e+04
   -1.28470e+04
   -1.28520e+04
   -1.28431e+04
   -1.28462e+04
   -1.28467e+04
   -1.28442e+04
   -1.28503e+04
   -1.28533e+04
   -1.28501e+04
   -1.28459e+04
   -1.28432e+04
   -1.28479e+04
   -1.28459e+04
   -1.28463e+04
   -1.28485e+04
   -1.28444e+04
   -1.28524e+04
   -1.28516e+04
   -1.28499e+04
   -1.28511e+04
   -1.28518e+04
   -1.28503e+04
   -1.28533e+04
   -1.28538e+04
   -1.28511e+04
   -1.28485e+04
   -1.28451e+04
   -1.28485e+04
   -1.28456e+04
   -1.28456e+04
   -1.28491e+04
   -1.28534e+04
   -1.28531e+04
   -1.28470e+04
   -1.28443e+04
   -1.28467e+04
   -1.28461e+04
   -1.28429e+04
   -1.28448e+04
   -1.28466e+04
   -1.28477e+04
   -1.28504e+04
   -1.28543e+04
   -1.28464e+04
   -1.28438e+04
   -1.28388e+04
   -1.28451e+04
   -1.28429e+04
   -1.28443e+04
   -1.28474e+04
   -1.28407e+04
   -1.28440e+04
   -1.28410e+04
   -1.28391e+04
   -1.28430e+04
   -1.28444e+04
   -1.28399e+04
   -1.28381e+04
   -1.28415e+04
   -1.28475e+04
   -1.28444e+04
   -1.28428e+04
   -1.28467e+04
   -1.28552e+04
   -1.28500e+04
   -1.28543e+04
   -1.28512e+04
   -1.28485e+04
   -1.28457e+04
   -1.28487e+04
   -1.28495e+04
   -1.28465e+04
   -1.28472e+04
   -1.28452e+04
   -1.28473e+04
   -1.28478e+04
   -1.28427e+04
   -1.28418e+04
   -1.28418e+04
   -1.28392e+04
   -1.28380e+04
   -1.28384e+04
   -1.28380e+04
   -1.28367e+04
   -1.28386e+04
   -1.28336e+04
   -1.28362e+04
   -1.28396e+04
   -1.28429e+04
   -1.28458e+04
   -1.28426e+04
   -1.28358e+04
   -1.28387e+04
   -1.28390e+04
   -1.28429e+04
   -1.28455e+04
   -1.28414e+04
   -1.28407e+04
   -1.28405e+04
   -1.28391e+04
   -1.28419e+04
   -1.28473e+04
   -1.28465e+04
   -1.28409e+04
   -1.28433e+04
   -1.28485e+04
   -1.28418e+04
   -1.28461e+04
   -1.28449e+04
   -1.28462e+04
   -1.28414e+04
   -1.28431e+04
   -1.28458e+04
   -1.28452e+04
   -1.28471e+04
   -1.28461e+04
   -1.28501e+04
   -1.28434e+04
   -1.28434e+04
   -1.28421e+04
   -1.28448e+04
   -1.28507e+04
   -1.28432e+04
   -1.28440e+04
   -1.28432e+04
   -1.28514e+04
   -1.28462e+04
   -1.28419e+04
   -1.28511e+04
   -1.28507e+04
   -1.28480e+04
   -1.28481e+04
   -1.28513e+04
   -1.28492e+04
   -1.28576e+04
   -1.28485e+04
   -1.28473e+04
   -1.28479e+04
   -1.28558e+04
   -1.28479e+04
   -1.28477e+04
   -1.28520e+04
   -1.28472e+04
   -1.28484e+04
   -1.28483e+04
   -1.28474e+04
   -1.28470e+04
   -1.28443e+04
   -1.28440e+04
   -1.28412e+04
   -1.28378e+04
   -1.28393e+04
   -1.28416e+04
   -1.28399e+04
   -1.28377e+04
   -1.28339e+04
   -1.28391e+04
   -1.28354e+04
   -1.28367e+04
   -1.28399e+04
   -1.28408e+04
   -1.28446e+04
   -1.28456e+04
   -1.28425e+04
   -1.28495e+04
   -1.28440e+04
   -1.28427e+04
   -1.28399e+04
   -1.28476e+04
   -1.28437e+04
   -1.28487e+04
   -1.28467e+04
   -1.28435e+04
   -1.28411e+04
   -1.28393e+04
   -1.28442e+04
   -1.28438e+04
   -1.28442e+04
   -1.28419e+04
   -1.28490e+04
   -1.28495e+04
   -1.28511e+04
   -1.28478e+04
   -1.28475e+04
   -1.28486e+04
   -1.28400e+04
   -1.28421e+04
   -1.28467e+04
   -1.28427e+04
   -1.28428e+04
   -1.28486e+04
   -1.28463e+04
   -1.28447e+04
   -1.28454e+04
   -1.28434e+04
   -1.28384e+04
   -1.28416e+04
   -1.28473e+04
   -1.28410e+04
   -1.28413e+04
   -1.28460e+04
   -1.28457e+04
   -1.28432e+04
   -1.28462e+04
   -1.28501e+04
   -1.28459e+04
   -1.28434e+04
   -1.28453e+04
   -1.28413e+04
   -1.28464e+04
   -1.28409e+04
   -1.28412e+04
   -1.28407e+04
   -1.28488e+04
   -1.28519e+04
   -1.28565e+04
   -1.28572e+04
   -1.28582e+04
   -1.28555e+04
   -1.28532e+04
   -1.28483e+04
   -1.28471e+04
   -1.28469e+04
   -1.28469e+04
   -1.28483e+04
   -1.28425e+04
   -1.28403e+04
   -1.28487e+04
   -1.28485e+04
   -1.28554e+04
   -1.28556e+04
   -1.28530e+04
   -1.28534e+04
   -1.28568e+04
   -1.28567e+04
   -1.28568e+04
   -1.28556e+04
   -1.28578e+04
   -1.28575e+04
   -1.28513e+04
   -1.28475e+04
   -1.28456e+04
   -1.28513e+04
   -1.28577e+04
   -1.28515e+04
   -1.28499e+04
   -1.28535e+04
   -1.28546e+04
   -1.28500e+04
   -1.28496e+04
   -1.28565e+04
   -1.28566e+04
   -1.28565e+04
   -1.28616e+04
   -1.28576e+04
   -1.28599e+04
   -1.28610e+04
   -1.28549e+04
   -1.28637e+04
   -1.28568e+04
   -1.28586e+04
   -1.28493e+04
   -1.28506e+04
   -1.28520e+04
   -1.28557e+04
   -1.28579e+04
   -1.28573e+04
   -1.28611e+04
   -1.28614e+04
   -1.28634e+04
   -1.28621e+04
   -1.28634e+04
   -1.28685e+04
   -1.28574e+04
   -1.28561e+04
   -1.28559e+04
   -1.28561e+04
   -1.28572e+04
   -1.28558e+04
   -1.28519e+04
   -1.28526e+04
   -1.28529e+04
   -1.28560e+04
   -1.28531e+04
   -1.28528e+04
   -1.28553e+04
   -1.28540e+04
   -1.28558e+04
   -1.28548e+04
   -1.28545e+04
   -1.28520e+04
   -1.28546e+04
   -1.28559e+04
   -1.28529e+04
   -1.28524e+04
   -1.28563e+04
   -1.28538e+04
   -1.28577e+04
   -1.28532e+04
   -1.28526e+04
   -1.28506e+04
   -1.28509e+04
   -1.28516e+04
   -1.28539e+04
   -1.28476e+04
   -1.28530e+04
   -1.28486e+04
   -1.28530e+04
   -1.28534e+04
   -1.28561e+04
   -1.28530e+04
   -1.28511e+04
   -1.28493e+04
   -1.28514e+04
   -1.28536e+04
   -1.28484e+04
   -1.28454e+04
   -1.28495e+04
   -1.28525e+04
   -1.28557e+04
   -1.28524e+04
   -1.28518e+04
   -1.28551e+04
   -1.28535e+04
   -1.28550e+04
   -1.28493e+04
   -1.28464e+04
   -1.28498e+04
   -1.28450e+04
   -1.28466e+04
   -1.28472e+04
   -1.28491e+04
   -1.28463e+04
   -1.28450e+04
   -1.28396e+04
   -1.28436e+04
   -1.28516e+04
   -1.28515e+04
   -1.28544e+04
   -1.28477e+04
   -1.28506e+04
   -1.28494e+04
   -1.28545e+04
   -1.28518e+04
   -1.28537e+04
   -1.28504e+04
   -1.28517e+04
   -1.28556e+04
   -1.28489e+04
   -1.28509e+04
   -1.28479e+04
   -1.28462e+04
   -1.28534e+04
   -1.28508e+04
   -1.28495e+04
   -1.28523e+04
   -1.28537e+04
   -1.28616e+04
   -1.28568e+04
   -1.28567e+04
   -1.28573e+04
   -1.28501e+04
   -1.28488e+04
   -1.28502e+04
   -1.28558e+04
   -1.28564e+04
   -1.28485e+04
   -1.28540e+04
   -1.28514e+04
   -1.28524e+04
   -1.28560e+04
   -1.28539e+04
   -1.28495e+04
   -1.28462e+04
   -1.28449e+04
   -1.28458e+04
   -1.28447e+04
   -1.28483e+04
   -1.28476e+04
   -1.28503e+04
   -1.28515e+04
   -1.28454e+04
   -1.28443e+04
   -1.28475e+04
   -1.28422e+04
   -1.28475e+04
   -1.28422e+04
   -1.28421e+04
   -1.28433e+04
   -1.28435e+04
   -1.28423e+04
   -1.28421e+04
   -1.28444e+04
   -1.28472e+04
   -1.28446e+04
   -1.28456e+04
   -1.28449e+04
   -1.28466e+04
   -1.28451e+04
   -1.28469e+04
   -1.28447e+04
   -1.28523e+04
   -1.28494e+04
   -1.28484e+04
   -1.28537e+04
   -1.28491e+04
   -1.28496e+04
   -1.28543e+04
   -1.28489e+04
   -1.28509e+04
   -1.28503e+04
   -1.28517e+04
   -1.28523e+04
   -1.28495e+04
   -1.28529e+04
   -1.28488e+04
   -1.28541e+04
   -1.28598e+04
   -1.28591e+04
   -1.28541e+04
   -1.28528e+04
   -1.28512e+04
   -1.28511e+04
   -1.28507e+04
   -1.28513e+04
   -1.28566e+04
   -1.28562e+04
   -1.28578e+04
   -1.28653e+04
   -1.28604e+04
   -1.28602e+04
   -1.28561e+04
   -1.28520e+04
   -1.28559e+04
   -1.28544e+04
   -1.28479e+04
   -1.28461e+04
   -1.28493e+04
   -1.28491e+04
   -1.28510e+04
   -1.28464e+04
   -1.28457e+04
   -1.28450e+04
   -1.28443e+04
   -1.28471e+04
   -1.28462e+04
   -1.28471e+04
   -1.28527e+04
   -1.28495e+04
   -1.28472e+04
   -1.28418e+04
   -1.28473e+04
   -1.28467e+04
   -1.28433e+04
   -1.28461e+04
   -1.28485e+04
   -1.28496e+04
   -1.28511e+04
   -1.28550e+04
   -1.28574e+04
   -1.28474e+04
   -1.28497e+04
   -1.28527e+04
   -1.28554e+04
   -1.28539e+04
   -1.28540e+04
   -1.28499e+04
   -1.28526e+04
   -1.28561e+04
   -1.28546e+04
   -1.28512e+04
   -1.28528e+04
   -1.28485e+04
   -1.28467e+04
   -1.28427e+04
   -1.28450e+04
   -1.28464e+04
   -1.28450e+04
   -1.28452e+04
   -1.28459e+04
   -1.28413e+04
   -1.28467e+04
   -1.28411e+04
   -1.28449e+04
   -1.28449e+04
   -1.28429e+04
   -1.28538e+04
   -1.28498e+04
   -1.28513e+04
   -1.28543e+04
   -1.28502e+04
   -1.28553e+04
   -1.28537e+04
   -1.28567e+04
   -1.28483e+04
   -1.28453e+04
   -1.28436e+04
   -1.28446e+04
   -1.28439e+04
   -1.28489e+04
   -1.28446e+04
   -1.28428e+04
   -1.28436e+04
   -1.28466e+04
   -1.28471e+04
   -1.28457e+04
   -1.28494e+04
   -1.28477e+04
   -1.28489e+04
   -1.28468e+04
   -1.28452e+04
   -1.28431e+04
   -1.28476e+04
   -1.28470e+04
   -1.28436e+04
   -1.28448e+04
   -1.28459e+04
   -1.28462e+04
   -1.28507e+04
   -1.28474e+04
   -1.28503e+04
   -1.28526e+04
   -1.28459e+04
   -1.28488e+04
   -1.28475e+04
   -1.28534e+04
   -1.28532e+04
   -1.28485e+04
   -1.28456e+04
   -1.28476e+04
   -1.28437e+04
   -1.28433e+04
   -1.28445e+04
   -1.28481e+04
   -1.28498e+04
   -1.28516e+04
   -1.28540e+04
   -1.28479e+04
   -1.28471e+04
   -1.28562e+04
   -1.28567e+04
   -1.28554e+04
   -1.28605e+04
   -1.28615e+04
   -1.28572e+04
   -1.28534e+04
   -1.28526e+04
   -1.28514e+04
   -1.28499e+04
   -1.28443e+04
   -1.28481e+04
   -1.28453e+04
   -1.28423e+04
   -1.28442e+04
   -1.28475e+04
   -1.28420e+04
   -1.28474e+04
   -1.28484e+04
   -1.28612e+04
   -1.28489e+04
   -1.28481e+04
   -1.28505e+04
   -1.28473e+04
   -1.28478e+04
   -1.28488e+04
   -1.28562e+04
   -1.28461e+04
   -1.28467e+04
   -1.28469e+04
   -1.28429e+04
   -1.28433e+04
   -1.28431e+04
   -1.28456e+04
   -1.28415e+04
   -1.28405e+04
   -1.28455e+04
   -1.28410e+04
   -1.28415e+04
   -1.28456e+04
   -1.28441e+04
   -1.28521e+04
   -1.28447e+04
   -1.28450e+04
   -1.28490e+04
   -1.28501e+04
   -1.28454e+04
   -1.28525e+04
   -1.28500e+04
   -1.28380e+04
   -1.28423e+04
   -1.28422e+04
   -1.28446e+04
   -1.28538e+04
   -1.28527e+04
   -1.28512e+04
   -1.28470e+04
   -1.28513e+04
   -1.28482e+04
   -1.28530e+04
   -1.28571e+04
   -1.28563e+04
   -1.28537e+04
   -1.28542e+04
   -1.28616e+04
   -1.28513e+04
   -1.28524e+04
   -1.28554e+04
   -1.28498e+04
   -1.28531e+04
   -1.28512e+04
   -1.28496e+04
   -1.28522e+04
   -1.28516e+04
   -1.28463e+04
   -1.28556e+04
   -1.28545e+04
   -1.28571e+04
   -1.28566e+04
   -1.28555e+04
   -1.28619e+04
   -1.28587e+04
   -1.28555e+04
   -1.28497e+04
   -1.28470e+04
   -1.28486e+04
   -1.28501e+04
   -1.28536e+04
   -1.28522e+04
   -1.28603e+04
   -1.28457e+04
   -1.28490e+04
   -1.28494e+04
   -1.28497e+04
   -1.28488e+04
   -1.28501e+04
   -1.28519e+04
   -1.28486e+04
   -1.28516e+04
   -1.28483e+04
   -1.28540e+04
   -1.28529e+04
   -1.28613e+04
   -1.28600e+04
   -1.28577e+04
   -1.28548e+04
   -1.28531e+04
   -1.28477e+04
   -1.28502e+04
   -1.28503e+04
   -1.28475e+04
   -1.28438e+04
   -1.28417e+04
   -1.28489e+04
   -1.28436e+04
   -1.28481e+04
   -1.28416e+04
   -1.28476e+04
   -1.28458e+04
   -1.28441e+04
   -1.28453e+04
   -1.28515e+04
   -1.28517e+04
   -1.28590e+04
   -1.28594e+04
   -1.28567e+04
   -1.28590e+04
   -1.28535e+04
   -1.28548e+04
   -1.28548e+04
   -1.28563e+04
   -1.28484e+04
   -1.28483e+04
