  55.947  120.615
  59.009  156.312
  46.474  146.758
  47.879  142.285
  63.965  138.673
  47.454  138.241
  32.004  143.199
  53.735  126.734
  55.301  137.735
  57.056  125.807
  53.257  119.029
  46.039  133.618
  39.921  136.225
  48.221  143.941
  41.685  136.478
  52.827  119.174
  60.289  121.483
  55.673  133.035
  58.910  140.293
  44.773  117.925
  54.506  136.117
  46.774  132.815
  47.064  117.361
  63.828  126.043
  44.559  134.648
  69.282  128.753
  58.258  133.241
  43.877  129.779
  43.817  118.335
  57.060  153.432
  59.228  143.757
  53.898  132.008
  38.057  151.886
  34.485  123.301
  60.411  129.549
  47.592  122.210
  49.766  129.364
  58.497  127.830
  66.512  130.525
  54.663  137.736
  54.676  121.037
  34.795  150.448
  64.822  132.182
  52.697  141.098
  50.274  134.932
  48.894  123.950
  44.637  109.828
  47.339  132.782
  44.677  131.358
  51.483  155.981
  64.153  143.845
  66.666  126.381
  61.725  125.703
  44.672  147.391
  50.273  142.262
  50.194  118.176
  65.355  136.093
  47.585  145.551
  52.782  141.179
  65.463  121.166
  56.239  135.757
  41.605  132.501
  46.146  133.409
  58.799  147.594
  53.357  128.719
  53.832  138.162
  65.444  146.377
  63.427  135.531
  61.478  129.360
  43.692  142.779
  53.022  139.082
  60.325  141.289
  58.666  131.490
  64.734  139.175
  48.325  128.631
  64.530  121.113
  50.141  127.708
  44.820  121.651
  50.143  115.612
  47.886  124.518
  51.921  138.246
  35.706  131.816
  46.961  120.378
  62.329  139.880
  55.337  142.037
  60.228  123.571
  51.178  120.987
  56.680  137.898
  48.189  136.701
  57.793  122.211
  58.893  138.021
  43.303  123.832
  47.616  127.418
  53.936  132.551
  56.159  139.607
  49.718  144.974
  64.836  138.168
  60.488  128.605
  21.261  123.115
  55.438  121.846
  31.919  105.078
  51.417  110.634
  44.675  127.960
  53.647  135.535
  50.545  123.841
  46.213  120.725
  37.055   98.726
  39.993   99.540
  68.217  141.357
  45.223  120.978
  48.567  139.438
  28.108  141.469
  32.257  109.209
  34.675  110.470
  51.583  120.059
  69.610  135.228
  42.797  122.743
  51.094   97.662
  46.990  106.635
  47.556  119.936
  49.921  128.549
  59.836  134.266
  63.120  141.802
  52.821  141.505
  50.557  126.858
  53.924  142.689
  63.785  133.724
  41.010  138.520
  39.151  124.782
  54.947  145.023
  39.589  144.425
  41.416  109.564
  51.315  118.054
  61.010  127.938
  38.696  133.620
  38.362  146.014
  58.315  136.956
  43.057  116.454
  62.600  133.245
  36.742  125.841
  24.657  119.843
  50.342  133.426
  54.895  143.541
  53.001  143.845
  46.051  113.945
  35.903  133.002
  59.556  130.627
  49.821  147.978
  52.116  140.479
  46.126  122.907
  47.421  125.679
  54.967  133.317
  51.327  122.715
  34.950  112.815
  64.526  136.534
  45.613  135.356
  45.561  127.763
  53.329  130.821
  49.151  125.537
  65.587  132.883
  58.212  137.115
  37.997  144.451
  52.774  134.161
  52.037  149.088
  39.966  146.464
  35.275  106.154
  48.190  129.079
  49.166  117.286
  32.398  132.846
  49.513  130.764
  71.599  139.345
  46.422  116.728
  46.638  143.781
  58.912  137.419
  59.496  130.074
  38.395  122.332
  52.151  122.725
  49.309  130.316
  41.648  141.117
  53.488  141.416
  56.136  149.065
  45.915  111.180
  28.817  123.413
  32.885  115.160
  50.893  126.373
  71.817  117.687
  57.140  137.651
  49.996  138.287
  48.927  118.849
  63.462  149.024
  36.009  136.745
  46.814  130.478
  57.386  138.595
  48.207  139.195
  51.470  130.002
  52.045  151.255
  51.363  139.417
  43.906  115.689
  59.942  136.509
  67.128  136.263
  53.584  143.587
  56.303  138.232
  50.055  133.653
  58.417  150.011
  60.753  138.340
  55.420  130.447
  64.977  152.212
  54.545  154.458
  52.550  137.932
  54.956  123.703
  43.351  121.027
  52.638  130.172
  64.178  129.152
  60.435  158.188
  56.396  150.616
  41.105  110.183
  49.704  123.662
  49.948  139.353
  49.530  133.578
  43.493  104.276
  52.004  133.586
  56.577  134.164
  50.948  116.590
  63.219  147.171
  50.272  138.027
  56.033  147.087
  49.744  127.284
  48.085  158.323
  67.475  159.348
  44.422  133.715
  42.653  129.451
  52.148  150.404
  47.653  102.075
  45.665  138.742
  43.923  120.547
  61.732  132.423
  52.781  129.912
  40.552  108.096
  44.057  127.748
  34.408  122.319
  49.724  128.766
  56.034  157.552
  52.120  131.387
  59.661  145.592
  45.191  132.709
  56.492  129.143
  50.135  147.405
  51.187  138.445
  64.018  145.248
  62.213  148.536
  53.460  136.634
  51.651  122.727
  26.402  128.833
  46.739  116.167
  56.003  139.530
  63.857  149.296
  61.064  136.463
  51.151  108.474
  73.107  132.384
  56.943  133.601
  50.970  108.788
  49.874  125.087
  63.831  138.603
  48.156  134.245
  41.113  137.756
  56.529  162.483
  51.757  133.035
  54.201  146.421
  59.268  150.258
  38.227  128.030
  49.940  141.584
  48.043  103.719
  38.564  140.681
  40.247  126.255
  46.566  111.974
  34.267  123.337
  57.126  133.770
  64.322  129.441
  34.808  118.557
  29.985  124.689
  52.952  134.555
  43.995  140.109
  43.743  125.145
  18.104  119.256
  55.464  136.918
  43.601  127.014
  54.355  131.512
  49.476  126.958
  47.092  135.356
  35.485  121.119
  50.043  139.292
  44.351  143.967
  53.320  128.219
  55.402  150.590
  46.732  135.345
  57.950  131.422
  53.085  148.808
  47.404  134.111
  54.379  142.502
  53.012  123.361
  33.836  138.329
  45.051  129.267
  55.183  143.122
  48.170  141.466
  67.719  133.408
  49.695  134.348
  37.856  120.632
  52.105  138.091
  48.803  149.003
  52.187  139.066
  61.920  130.783
  54.350  140.196
  40.353  134.131
  51.875  140.957
  51.390  144.664
  51.740  140.609
  32.031  111.760
  34.135  109.290
  41.509  113.622
  36.294  100.854
  41.828  110.444
  39.155  133.969
  56.035  136.669
  36.780  119.930
  54.287  144.179
  53.339  143.292
  48.328  136.033
  53.724  135.184
  54.835  139.623
  40.623  135.743
  44.682  123.734
  57.332  130.523
  52.201  152.821
  43.992  127.770
  46.861  120.094
  57.247  112.093
  42.913  121.954
  63.586  126.787
  52.646  139.787
  68.096  147.356
  44.280  148.455
  59.672  136.579
  52.884  138.053
  59.079  130.398
  54.942  138.879
  55.359  136.759
  59.164  138.061
  26.202  122.998
  54.291  123.287
  43.630  125.509
  56.974  129.359
  48.601  135.905
  61.537  145.710
  48.132  152.644
  50.738  126.550
  48.129  123.730
  45.453  145.614
  59.666  127.051
  48.771  119.822
  44.777  135.434
  51.651  133.324
  43.536  103.329
  53.990  130.557
  57.140  120.937
  54.284  127.371
  48.121  154.104
  51.631  157.335
  59.601  116.840
  42.429  126.094
  44.719  130.026
  56.502  122.014
  63.529  130.121
  39.663  114.633
  31.032   99.342
  56.082  121.094
  62.271  138.092
  56.505  133.527
  61.519  116.789
  56.127  129.037
  54.026  139.956
  47.212  122.196
  57.583  131.501
  71.536  134.654
  52.723  137.516
  54.801  133.803
  37.465  116.087
  59.977  140.595
  52.625  142.667
  40.904  123.837
  59.406  121.264
  44.418  130.327
  34.152  129.016
  25.952  104.751
   2.827  101.715
  16.326  123.323
  -2.209  117.442
   1.670  122.299
  42.491  126.050
  43.263  117.416
  38.555  105.847
  59.275  118.260
  50.887  128.009
  43.090  120.165
  52.216  134.212
  16.658  123.539
  43.683  115.164
  38.555  120.266
  46.596  146.095
  49.689  128.002
  58.511  133.504
  49.931  141.882
  58.152  130.181
  56.554  134.770
  60.089  143.834
  48.049  134.289
  62.327  124.315
  48.343  127.279
  44.220  124.419
  57.358  136.173
  46.226  155.378
  51.348  143.919
  69.853  140.705
  64.736  154.713
  54.735  136.056
  58.142  136.560
  38.797  122.835
  57.542  126.079
  51.474  121.734
  42.225  124.569
  42.025  144.864
  43.743  135.368
  49.991  128.032
  57.048  137.847
  54.225  136.833
  29.824  141.983
  44.811  126.986
  64.028  149.605
  49.014  139.046
  33.577  131.629
  38.937  127.964
  63.606  153.794
  45.115  135.905
  55.366  131.453
  41.909  124.844
  57.491  137.259
  57.495  126.951
  62.082  145.663
  50.287  132.708
  44.600  130.952
  46.285  142.554
  53.349  139.036
  51.511  108.786
  56.061  127.075
  37.573  147.028
  39.143  119.173
  39.480  103.840
  46.445  140.534
  47.111  144.406
  42.257  128.907
  14.593  109.897
  33.815  131.224
  37.231  118.919
  45.029  128.030
  46.009  121.638
  52.912  124.868
  65.152  123.391
  56.090  135.300
  33.925  125.703
  63.880  139.063
  51.156  118.314
  37.940  101.419
  60.400  137.876
  57.757  127.373
  60.944  136.973
  58.523  136.372
  49.762  115.413
  34.494  139.382
  59.822  134.520
  46.398  135.780
  69.394  131.758
  67.999  132.890
  51.453  138.001
  60.430  125.011
  59.377  137.015
  51.977  141.061
  26.070  118.030
  61.689  122.512
  41.225  120.866
  44.396  134.284
  60.815  139.965
  52.409  122.215
  47.061  138.165
  58.688  135.155
  52.691  128.690
  50.214  149.373
  42.564  138.644
  66.179  116.994
  47.373  139.370
  41.897  158.210
  65.591  125.597
  51.120  131.872
  50.076  120.018
  57.698  136.997
  19.690  132.076
  45.420  120.762
  45.445  140.626
  62.265  130.785
  48.229  121.039
  52.911  130.302
  41.971  142.105
  42.813  126.564
  50.426  140.054
  49.521  122.803
  37.815  128.945
  66.581  141.895
  63.390  122.669
  48.236  117.834
  48.446  149.326
  44.506  129.465
  36.364  132.341
  44.806  149.296
  60.080  141.300
  61.229  108.798
  33.771  120.793
  53.996  149.926
  44.436  132.726
  44.172  133.306
  55.064  136.263
  43.284  103.285
  54.835  143.308
  42.355  140.743
  54.469  142.960
  53.568  114.440
  44.196  134.266
  63.879  147.244
  49.034  113.483
  54.020  146.436
  52.679  147.513
  58.803  134.377
  63.322  130.069
  37.171  108.060
  51.769  134.784
  45.756  122.861
  53.868  141.974
  64.274  127.964
  58.167  139.216
  47.315  111.592
  51.922  126.402
  51.601  137.924
  53.850  142.743
  36.455  126.103
  66.338  138.073
  76.139  146.019
  36.031  139.732
  69.062  143.226
  63.018  134.770
  68.099  150.352
  61.646  152.470
  64.397  141.093
  60.171  148.939
  41.889  123.687
  53.810  126.121
  52.289  139.595
  66.391  129.206
  38.396  135.614
  48.368  113.941
  45.992  141.714
  40.959  111.980
  40.447  105.415
  45.203  103.471
  56.501  137.167
  56.938  119.192
  69.224  139.684
  61.316  149.377
  63.299  149.865
  50.762  135.277
  50.022  123.979
  59.717  145.454
  45.146  131.045
  46.298  128.883
  59.410  145.669
  40.612  132.412
  60.350  129.040
  56.679  132.546
  51.122  132.070
  48.688  141.652
  47.374  139.391
  48.283  152.972
  51.014  145.979
  57.324  133.471
  46.543  130.445
  61.631  139.380
  53.623  130.798
  48.650  132.761
  44.346  120.396
  55.441  136.493
  67.054  140.844
  52.757  146.259
  70.043  139.760
  58.844  134.531
  57.700  143.459
  39.453  143.120
  48.275  143.270
  57.890  156.000
  66.072  137.234
  54.003  137.734
  30.785  125.443
  31.629  120.127
  59.168  140.257
  54.683  139.738
  65.940  134.454
  38.771  128.906
  47.303  136.137
  49.247  132.056
  59.180  131.988
  50.594  155.012
  51.813  128.834
  38.771  110.236
  53.708  130.552
  51.070  118.643
  68.143  129.856
  38.190  135.804
  40.312  132.525
  55.302  140.402
  37.307  117.876
  17.597  119.034
  37.585  102.259
  52.106  114.749
  49.408  134.853
  66.820  137.703
  53.021  134.500
  49.523  127.125
  31.164  128.011
  60.315  135.581
  56.284  140.820
  48.839  132.134
  60.475  138.334
  55.191  116.083
  43.610  136.155
  47.645  123.674
  56.625  138.071
  34.545  140.363
  74.311  145.398
  36.380  133.069
  68.872  137.852
  57.283  145.063
  60.858  136.027
  61.567  134.564
  45.098  132.559
  48.290  130.503
  44.060  150.301
  46.344  123.971
  48.768  127.368
  40.637  122.565
  60.717  132.385
  56.630  122.460
  55.570  137.014
  42.602  125.472
  34.288  133.102
  50.704  117.507
  49.951  128.318
  32.920  132.716
  53.998  118.186
  40.630  125.713
  43.111  129.858
  60.061  142.769
  52.079  135.580
  72.354  142.812
  62.715  144.506
  40.827  142.208
  48.280  117.132
  37.084  115.132
  44.721  140.925
  54.219  122.594
  62.279   97.856
  54.389  136.051
  40.472  112.280
  44.919  132.927
  52.259  139.531
  58.990  147.982
  51.842  144.612
  58.413  149.974
  38.913  129.453
  60.165  131.525
  49.785  144.670
  52.873  139.083
  45.584  140.867
  50.277  129.470
  39.521  133.992
  52.711  133.095
  60.230  139.958
  58.279  133.678
  64.860  139.766
  45.033  135.032
  57.108  129.439
  60.936  136.905
  51.977  139.146
  47.886  122.673
  49.307  122.172
  52.882  127.142
  61.358  129.170
  41.227  115.720
  62.511  133.373
  52.921  124.451
  37.256  123.926
  41.486  124.266
  44.134  118.294
  50.308  148.818
  53.723  143.403
  36.382  118.295
  59.963  148.786
  42.798  132.532
  41.041  129.481
  55.562  123.910
  42.605  119.725
  52.377  142.478
  55.493  153.950
  45.603  127.114
  39.886  130.162
  60.225  131.930
  55.712  131.860
  52.834  137.932
  51.719  138.166
  62.729  128.466
  55.869  136.710
  61.173  143.356
  46.252  141.511
  55.433  137.833
  43.134  130.503
  48.728  128.959
  50.435  144.123
  67.384  143.144
  52.679  135.252
  54.089  141.691
  48.887  134.447
  41.601  130.711
  52.744  139.174
  50.677  141.358
  59.629  133.075
  40.809  129.920
  49.826  133.580
  51.577  140.696
  44.721  129.905
  58.476  130.466
  50.078  137.927
  46.666  139.106
  54.669  130.982
  47.601  148.794
  61.560  137.743
  49.593  134.208
  46.319  138.749
  35.909  121.766
  47.392  135.892
  46.118  119.630
  43.918  132.774
  44.957  124.948
  50.690  151.545
  49.654  139.687
  50.871  141.706
  48.763  117.441
  53.257   95.970
  33.086  123.206
  51.119  121.424
  56.925  118.104
  50.572  129.775
  47.198  139.746
  54.051  144.653
  54.843  144.133
  53.802  130.805
  51.731  144.650
  46.077  123.198
  56.831  153.226
  52.475  138.906
  46.556  143.981
  52.632  141.595
  53.608  135.611
  74.536  147.950
  39.380  138.363
  42.881  132.340
  73.388  146.613
  54.916  137.073
  41.170  125.757
  47.162  137.161
  67.289  144.415
  55.649  120.352
  42.985  132.441
  57.934  134.880
  51.010  154.187
  61.194  145.237
  61.081  130.428
  55.937  140.730
  52.181  133.897
  51.359  128.706
  48.512  139.979
  49.400  163.650
  61.632  150.151
  43.587  122.428
  54.966  140.583
  62.401  134.816
  62.400  137.882
  47.344  139.144
  37.193  117.723
  44.596  115.657
  27.030  114.770
  35.288  107.573
  47.695  149.973
  51.750  135.287
  50.794  139.050
  36.330  109.330
  17.979  127.303
  40.027  115.336
  52.340  108.564
  48.379  106.247
  53.882  133.361
  43.337  145.335
  49.952  127.073
  57.064  138.621
  50.331  114.740
  55.964  128.671
  35.067  138.043
  57.105  145.191
  47.898  111.148
  60.994  146.484
  39.557  148.707
  56.374  136.345
  71.694  135.736
  35.204  134.806
  46.537  116.662
  46.491  120.525
  59.232  129.257
  44.039  136.965
  53.489  152.402
  55.756  121.486
  53.266  128.158
  57.185  126.754
  48.373  124.971
  39.781  147.940
  45.439  140.919
  54.415  148.840
  51.626  128.441
  69.147  143.217
  44.529  154.210
  35.782  124.625
  28.106  124.975
  46.345  127.595
  49.373  122.393
  56.182  136.654
  47.409  114.037
  56.441  132.543
  66.536  138.936
  49.051  151.441
  54.189  135.701
  43.341  123.832
  48.642  145.596
  45.293  142.379
  35.593  121.022
  58.446  129.146
  51.104  143.686
  44.457  113.973
  33.259  124.556
  45.224  128.125
  55.782  141.719
  42.352  117.395
  45.760  136.165
  46.929  130.365
  49.550  130.913
  41.459  120.408
  53.684  138.500
  67.956  133.326
  60.805  138.415
  53.281  133.529
  58.420  132.967
  59.399  147.789
  64.182  125.011
  56.284  137.747
  58.654  132.773
  33.963  141.650
  55.008  130.859
  61.990  130.482
  43.582  119.129
  65.446  134.539
  44.813  112.319
  42.896  125.898
  60.793  125.567
  51.355  120.347
  66.318  131.742
  56.301  135.442
  60.102  142.451
  46.864  143.190
  44.130  126.818
  56.432  135.558
  41.429  111.962
  68.944  124.812
  48.035  150.851
  60.646  140.213
  64.815  131.598
  56.159  135.927
  64.940  130.238
  57.920  142.587
  36.114  137.043
  55.306  160.759
  52.848  140.081
  52.181  147.501
  64.386  128.446
  56.305  123.829
  61.592  124.518
  40.957  131.755
  54.254  131.682
  49.139  143.565
  61.852  129.283
  56.490  134.744
  59.845  127.405
  63.828  140.272
  43.183  131.668
  55.902  133.059
  40.259  118.188
  57.693  120.771
  50.385  122.533
  42.245  114.104
  45.143  141.107
  43.787  120.644
  43.245  129.484
  44.970  144.098
  55.290  133.697
  59.349  135.694
  42.526  131.507
  57.904  148.324
  53.497  139.250
  48.625  126.667
  54.799  124.705
  54.622  140.866
  59.645  124.543
  45.501  103.792
  31.003  113.395
  53.249  143.236
  53.134  146.551
  55.955  137.656
  65.678  138.249
  65.353  130.698
  42.153  128.448
  46.654  131.221
  67.277  143.321
  54.857  154.597
  53.774  135.911
  67.127  137.205
  45.815  125.458
  47.568  141.722
  48.188  135.928
  60.309  143.887
  44.464  132.981
  55.443  130.514
  53.602  154.558
  47.926  124.519
  53.070  135.764
  61.023  142.889
  59.152  137.489
  54.054  144.004
  66.697  144.749
  45.465  135.200
  51.637  139.616
  44.328  116.513
  40.851  115.473
  37.540  118.041
  49.704  116.308
  41.239  119.551
  49.316  136.400
  39.026  149.137
  54.827  124.885
  62.152  129.178
  58.218  137.858
  51.908  133.908
  59.533  143.056
  48.764  139.973
  47.873  123.492
  58.985  137.233
  61.103  123.469
  59.907  132.646
  57.503  133.440
  44.673  141.334
  61.425  124.457
  32.109  118.877
  44.428  116.351
  50.076  118.012
  53.208  108.101
  57.111  144.550
  53.586  136.502
  62.853  131.414
  64.906  141.751
  48.369  123.986
  44.153  125.126
  46.498  130.561
  51.170  134.116
  55.343  136.202
  51.375  132.859
  47.431  140.483
  53.944  128.719
  44.327  139.646
  49.935  131.106
  46.254  118.289
  45.785  129.536
