-100.179  153.115
 -66.706  152.305
 -75.057  158.620
 -89.703  152.805
 -84.748  145.839
 -96.326  153.630
 -97.915  152.078
 -97.686  142.600
 -93.528  161.661
 -78.882  140.646
 -87.106  132.874
 -92.166  145.606
 -77.440  149.978
 -84.848  158.424
 -91.199  153.086
 -81.886  146.515
 -76.331  150.419
 -89.467  157.240
 -95.003  165.399
-101.851  175.650
 -89.742  142.008
 -80.426  146.496
 -93.821  157.076
 -89.828  138.566
 -90.839  155.837
 -96.420  148.592
-105.604  146.246
 -90.053  143.514
 -85.368  144.725
 -91.157  139.927
 -94.579  152.779
 -99.587  149.371
 -91.101  150.613
 -89.564  139.554
 -89.810  148.011
 -74.822  153.823
 -93.390  154.045
 -83.094  156.943
 -85.878  139.745
 -88.865  147.896
 -93.136  142.803
 -84.684  152.353
 -90.212  156.569
 -93.145  144.418
 -85.232  153.202
 -88.329  152.616
 -83.228  152.216
 -80.952  143.634
 -91.020  142.245
-100.565  142.508
 -87.667  143.334
 -84.893  136.677
 -86.705  144.108
 -79.503  164.964
 -87.075  144.191
 -92.169  149.469
 -94.769  150.300
 -97.249  152.344
 -82.228  131.445
-104.835  142.262
 -84.818  146.939
 -90.844  150.995
 -73.104  138.387
 -90.908  149.879
 -94.239  147.538
-101.691  149.341
 -83.960  142.438
-103.674  138.238
 -73.713  140.452
 -86.873  143.221
-107.637  170.417
 -79.764  153.835
 -89.962  163.259
 -82.899  142.749
 -93.324  157.790
 -93.236  142.579
 -79.943  155.637
 -82.470  155.177
 -79.172  163.283
 -84.534  142.062
 -89.079  151.984
 -97.001  152.069
 -88.677  149.840
 -87.933  155.980
 -92.207  166.575
 -89.290  154.942
 -88.387  139.616
 -92.303  138.553
 -81.180  153.364
 -93.798  146.250
 -82.639  162.695
 -92.056  161.684
 -92.523  166.101
 -78.899  147.872
 -85.839  142.649
 -81.326  137.422
 -89.586  146.144
 -92.955  133.374
 -80.646  146.607
 -92.854  153.124
 -89.198  143.696
 -92.301  150.314
 -86.501  143.266
 -97.533  157.327
 -75.739  151.277
 -99.594  147.556
 -93.771  139.475
 -83.151  150.512
 -99.941  150.203
 -91.733  140.600
 -85.593  153.856
 -87.357  159.747
 -81.617  147.511
 -86.164  153.878
 -90.869  128.701
 -92.128  139.587
 -82.247  155.146
 -88.748  155.551
 -92.703  148.391
 -91.836  170.810
 -86.925  149.399
 -80.024  149.602
 -98.072  154.210
 -86.786  143.377
 -92.451  155.516
 -89.994  148.776
 -81.822  157.976
 -93.134  140.828
 -82.448  136.824
 -83.946  130.603
 -84.368  153.534
 -90.343  145.958
 -86.453  148.077
 -87.455  153.627
 -91.944  148.243
 -84.541  142.977
 -96.370  155.544
 -97.851  158.030
 -85.737  152.328
 -86.814  153.539
 -94.288  146.606
 -87.800  148.785
 -79.955  146.359
 -92.100  150.738
 -98.180  155.035
 -89.316  143.202
 -92.698  137.250
 -85.371  144.884
 -82.117  164.198
 -86.585  153.528
 -87.925  144.653
 -94.110  136.246
 -97.349  141.056
 -77.483  159.750
 -98.220  147.677
 -84.804  146.873
-101.535  150.902
 -90.777  154.694
 -86.442  146.984
 -86.258  153.605
 -85.171  151.779
 -70.144  150.846
-107.693  139.840
 -88.652  164.744
 -92.201  146.427
 -94.137  153.207
 -83.805  146.049
 -82.898  140.264
 -83.818  157.147
 -81.767  149.925
 -86.774  151.287
 -88.355  143.122
 -97.694  152.209
 -84.981  152.899
 -88.397  135.600
 -86.756  139.474
 -98.509  151.072
 -82.982  151.739
 -83.915  149.259
-103.941  143.616
 -96.835  145.533
 -90.428  141.507
 -99.560  143.984
 -83.912  133.733
 -86.501  146.875
 -88.286  158.424
 -86.169  145.969
 -88.444  139.424
 -82.838  147.813
 -77.609  150.598
 -81.433  143.825
 -92.377  155.654
 -85.547  157.392
 -97.917  143.487
 -85.546  151.566
-103.331  151.825
 -86.682  135.189
 -89.450  146.257
 -82.118  143.235
 -84.993  152.964
 -86.107  152.996
 -75.671  145.006
 -83.397  134.896
 -77.368  150.901
 -85.162  135.842
 -85.932  162.650
 -77.410  144.606
 -78.720  142.072
 -91.752  148.727
 -89.956  143.481
 -99.674  146.575
 -97.049  154.663
 -74.195  141.983
 -93.602  154.208
 -88.203  138.955
-110.402  149.148
 -87.337  152.611
 -79.236  135.802
 -92.171  142.092
 -92.812  151.890
-105.454  147.204
 -81.634  147.452
 -78.228  151.704
 -94.448  151.886
 -77.361  157.209
 -93.892  155.544
 -86.615  141.203
 -89.756  154.341
 -91.045  151.805
 -82.647  155.983
 -81.611  146.498
 -84.568  147.302
 -95.969  140.863
 -89.440  152.552
 -84.924  154.179
 -94.661  156.137
 -99.407  157.022
 -93.336  143.693
 -78.743  150.837
 -94.173  152.556
 -86.105  154.320
 -82.588  146.261
 -77.166  138.523
 -90.075  146.425
 -77.359  156.095
-102.112  154.541
 -90.873  134.497
 -92.196  152.566
 -91.700  152.566
 -93.661  153.826
-102.485  161.660
 -84.690  137.538
 -89.041  145.207
 -79.216  148.525
 -86.454  158.019
 -80.554  152.806
 -92.669  152.334
 -92.517  144.696
 -85.995  151.834
 -88.331  161.010
 -86.812  143.172
 -82.064  153.577
 -84.588  167.208
 -83.769  141.333
 -83.595  132.752
 -90.092  145.223
 -88.790  152.796
 -95.705  150.307
 -88.129  145.102
 -65.061  157.543
 -80.524  147.410
 -86.994  139.680
 -84.010  143.320
 -79.496  152.770
 -73.984  141.246
-101.355  152.482
 -84.018  149.176
 -92.065  139.348
 -92.847  139.659
 -85.229  150.085
 -81.615  152.253
 -93.506  147.012
 -91.641  143.832
 -85.682  157.183
 -80.480  148.384
 -81.427  151.136
 -79.015  154.573
 -82.623  156.434
 -80.798  152.665
 -96.995  157.537
 -92.400  156.058
 -84.219  155.309
 -80.192  151.236
 -97.280  159.105
 -90.125  145.116
 -83.394  142.920
 -78.099  147.627
 -86.679  141.565
 -83.610  151.898
 -88.979  137.827
 -89.262  162.154
 -86.862  146.056
 -87.032  147.270
 -77.833  150.253
 -78.504  145.553
 -83.106  142.748
 -85.150  148.436
 -87.702  149.054
 -95.173  162.290
 -86.983  147.709
 -82.666  144.586
 -74.880  144.519
 -93.489  143.257
 -89.881  151.121
 -84.157  147.389
 -78.245  140.415
 -83.032  158.560
 -87.121  150.591
 -77.611  144.203
 -94.082  141.559
 -83.610  151.475
 -99.633  154.965
 -99.725  148.137
 -98.882  152.997
 -94.841  152.334
 -91.765  142.047
 -87.755  155.497
 -85.230  153.501
 -83.102  150.558
 -99.164  165.654
 -96.623  151.207
 -85.523  135.732
 -97.403  155.741
 -82.717  145.098
 -85.967  139.439
 -80.152  149.595
 -95.482  147.684
 -77.120  160.450
 -91.953  152.661
 -80.632  148.363
 -99.362  150.372
 -86.178  163.641
 -88.349  149.821
 -80.805  129.597
 -97.047  153.720
 -90.689  157.325
 -81.244  160.506
 -75.742  148.919
 -86.467  153.419
 -86.975  145.489
 -82.130  133.550
 -71.518  152.284
 -81.580  155.834
 -93.014  149.117
 -84.691  153.384
 -89.247  141.796
 -89.280  148.781
 -92.606  149.027
 -84.786  152.151
 -89.569  141.243
 -84.473  155.333
-101.414  144.089
 -72.686  152.259
 -85.682  145.832
 -85.276  157.160
 -82.838  148.786
 -94.759  157.252
 -94.798  150.466
 -97.734  160.986
 -92.695  159.842
 -98.728  147.025
 -98.960  158.472
 -75.189  144.876
 -86.439  141.881
 -86.706  147.095
 -79.498  129.549
 -90.660  140.231
 -85.965  157.651
 -79.840  151.448
 -93.592  145.902
 -92.907  143.233
 -79.892  151.133
 -92.172  147.580
 -84.066  146.992
 -92.183  144.743
 -82.056  150.171
 -91.147  149.689
 -88.400  151.426
 -91.646  140.526
 -89.507  152.648
 -96.678  146.369
-102.499  152.149
 -88.278  150.286
 -75.952  152.251
 -93.851  135.341
 -75.037  155.096
 -85.420  142.484
 -88.173  156.046
 -85.608  141.329
 -95.304  142.252
 -86.092  145.816
 -88.677  159.805
 -97.605  147.187
-109.924  161.109
-103.833  139.723
 -89.887  157.799
 -96.432  138.608
 -87.874  151.703
 -93.232  145.050
 -94.614  149.717
 -87.212  151.824
 -78.794  155.993
 -81.319  148.790
 -76.786  156.906
 -84.392  150.006
 -92.346  140.679
 -95.861  147.818
 -85.365  156.894
 -96.887  143.197
 -95.070  147.092
 -95.952  144.826
 -80.919  146.912
 -83.885  150.871
 -97.029  138.229
 -83.071  156.980
 -81.953  157.820
 -86.129  134.591
 -82.084  148.414
 -86.059  147.731
 -77.234  155.790
 -94.921  162.481
 -89.433  153.411
 -95.363  148.175
 -91.731  149.123
 -81.545  151.081
 -84.724  150.129
 -80.972  142.888
 -91.612  147.165
 -82.766  154.448
 -88.593  152.484
 -91.998  145.845
 -76.723  158.015
 -91.329  150.952
 -84.056  155.056
 -88.306  154.180
 -86.412  144.504
 -94.859  149.055
-100.037  156.332
 -94.905  165.654
 -87.033  153.432
-102.497  163.865
-101.065  149.632
 -99.487  157.065
 -91.263  159.876
 -85.887  160.337
 -84.689  147.653
 -88.641  145.565
 -86.142  145.540
 -94.662  144.291
 -87.821  147.278
 -94.658  163.070
 -85.637  165.060
 -71.396  160.279
 -80.762  151.249
 -86.584  158.132
 -81.323  137.414
 -94.957  148.878
 -90.922  151.120
 -85.667  145.289
 -88.591  155.007
 -85.009  141.752
 -86.328  151.633
 -87.749  140.073
 -83.860  141.456
-100.749  139.633
 -99.000  147.886
 -78.757  144.046
 -69.383  150.062
 -74.249  156.167
 -89.784  147.235
 -84.726  142.810
-103.032  156.755
 -85.712  157.705
 -92.298  155.895
 -92.273  141.404
 -80.431  152.024
 -91.086  156.706
 -76.746  145.996
 -85.974  145.496
 -82.259  147.110
 -92.543  146.253
 -90.462  128.604
 -93.340  154.264
 -77.046  148.730
 -78.772  155.073
 -74.661  153.966
 -91.853  147.541
 -93.182  152.041
 -74.844  146.739
 -80.510  145.016
 -88.138  153.889
 -85.756  147.429
-102.230  153.615
 -75.713  141.920
 -92.275  156.786
-103.292  154.799
 -86.895  151.969
 -87.011  138.782
 -79.456  146.865
 -86.070  157.667
 -83.099  140.250
 -88.938  149.603
 -82.522  148.470
 -76.826  164.211
 -89.975  145.907
 -86.459  140.377
 -74.523  151.142
 -95.687  136.040
-100.051  143.685
 -90.622  145.497
 -80.090  152.435
 -82.869  146.443
 -84.017  149.919
 -90.144  132.871
 -74.539  145.419
 -81.936  146.371
 -82.654  163.793
 -95.623  158.396
 -80.740  155.235
 -99.455  134.218
-102.789  145.416
 -88.788  170.450
 -78.703  150.215
 -91.453  159.640
 -87.136  149.000
 -79.726  154.978
 -95.175  152.174
 -76.154  149.819
 -96.142  156.264
 -84.167  157.876
 -91.404  154.970
 -79.449  145.285
-102.713  147.864
 -86.860  153.477
 -78.419  148.401
 -92.625  159.569
 -94.603  148.256
 -87.574  152.989
 -85.254  143.595
 -85.132  141.279
 -80.731  157.596
 -99.607  160.068
 -91.189  155.966
 -93.443  149.206
 -87.427  145.458
 -82.574  144.107
 -77.382  147.801
 -75.779  152.373
 -96.583  149.158
 -89.861  146.109
 -82.219  141.114
 -79.692  138.772
 -78.870  152.153
 -82.915  156.024
 -91.899  151.694
-101.203  153.197
 -70.426  148.102
 -91.748  141.696
 -96.236  157.067
 -86.145  159.985
 -98.122  153.842
-101.502  142.167
 -82.041  152.232
 -86.295  137.142
 -91.440  142.938
 -84.878  154.338
 -75.946  145.062
 -88.611  150.674
 -75.206  145.143
 -91.515  149.010
 -90.080  152.757
-100.204  153.375
 -91.932  163.412
 -92.679  137.730
 -86.342  152.345
 -83.232  152.975
 -87.414  141.113
 -95.798  143.124
 -89.695  155.531
 -90.292  148.023
 -80.812  142.537
 -97.429  160.636
 -88.274  151.898
 -90.075  159.191
 -84.910  148.338
 -84.992  146.513
 -83.158  147.407
 -70.658  153.917
 -88.776  134.379
 -91.515  139.414
 -93.287  140.353
 -85.345  145.687
 -87.333  135.972
 -86.329  171.803
 -80.457  148.313
 -83.023  156.980
 -88.647  146.603
 -84.984  147.163
 -76.428  147.936
 -76.465  152.410
 -81.718  152.317
 -88.071  163.637
 -97.432  152.746
 -85.223  149.033
 -87.579  151.474
 -82.503  154.002
 -81.492  161.244
 -91.374  149.480
 -90.889  161.549
 -95.578  141.361
 -94.084  151.206
 -77.695  144.746
 -83.029  156.902
 -82.260  138.797
 -95.019  152.887
 -83.277  152.679
 -98.097  148.398
 -67.372  158.837
 -87.596  137.238
 -83.581  141.034
 -87.257  163.982
 -96.530  150.205
 -77.449  140.914
 -79.608  140.452
 -93.246  155.315
 -96.622  152.085
 -90.590  141.830
 -78.003  158.702
 -91.427  148.872
 -89.350  154.562
 -95.146  154.423
 -84.951  164.117
 -88.878  136.893
 -79.891  157.822
 -89.612  162.773
 -92.052  154.923
 -81.732  152.528
 -82.087  144.112
 -85.918  171.305
 -89.205  159.927
 -95.497  158.874
 -91.903  156.671
 -86.694  157.250
 -98.678  151.570
 -90.331  161.584
 -78.577  148.407
 -81.691  158.662
 -89.010  141.025
 -89.899  154.387
 -87.595  145.642
 -95.476  148.664
 -81.630  145.467
 -89.192  149.446
 -94.227  143.170
 -81.893  139.529
 -79.201  150.723
 -88.834  153.034
 -81.754  142.176
 -87.519  148.507
 -84.939  136.991
 -76.695  149.256
 -86.869  143.430
 -84.916  151.294
 -98.398  148.444
 -80.654  158.590
 -81.058  136.428
 -86.796  141.482
 -74.442  157.889
 -95.681  146.259
 -76.605  143.496
 -90.624  157.994
 -91.734  149.588
 -86.320  149.622
 -89.762  163.176
 -88.111  148.717
 -94.594  166.817
 -73.787  149.002
 -84.772  138.201
 -80.339  148.071
 -85.499  144.652
 -78.538  158.554
 -71.623  157.375
 -75.346  147.904
 -84.702  157.614
 -93.263  160.600
 -98.961  151.982
 -87.354  162.400
 -97.258  147.812
 -87.584  144.410
 -74.375  155.777
 -81.276  161.127
 -96.978  148.471
 -90.699  149.095
 -99.688  165.455
 -74.352  142.298
 -94.096  152.070
 -91.505  156.661
 -88.873  153.838
 -91.731  153.126
 -84.742  151.261
 -95.214  154.723
 -88.515  140.173
 -93.821  154.259
 -86.376  146.533
 -99.438  149.468
 -74.024  160.800
 -80.332  145.731
 -83.908  151.263
 -81.426  156.493
 -93.216  129.133
 -79.063  161.355
 -86.462  151.748
 -91.629  147.308
 -74.377  146.024
-102.229  143.466
 -84.788  145.176
 -94.286  154.228
 -79.476  160.862
 -86.926  152.856
 -84.308  140.921
 -71.006  154.499
 -90.245  148.933
 -80.184  146.759
 -96.018  149.441
 -87.651  142.840
 -92.887  152.103
 -77.871  134.040
 -94.423  148.326
-106.145  141.923
 -95.085  148.398
 -88.642  142.134
 -80.869  154.765
 -91.213  144.477
 -95.088  155.716
 -82.258  149.170
 -82.865  147.627
 -80.449  143.956
 -85.167  157.732
 -88.096  154.217
 -82.356  151.529
 -86.731  152.214
 -87.396  134.803
 -96.058  149.556
 -99.456  138.861
 -88.326  147.873
 -91.491  143.303
 -78.351  145.018
 -93.449  140.699
 -77.128  161.151
 -84.169  150.168
 -92.691  140.983
 -82.430  142.645
 -88.838  137.544
 -92.164  143.511
 -72.531  138.644
 -82.098  146.808
 -90.995  156.588
 -96.239  141.011
 -86.152  151.670
-100.328  151.013
 -96.412  151.729
 -91.083  154.699
 -85.604  153.093
 -88.798  153.507
-102.310  140.629
 -86.486  147.499
-108.511  149.855
 -93.058  162.857
 -74.849  149.033
-102.380  142.872
 -84.514  131.394
 -86.451  148.602
 -81.848  151.259
-107.793  153.358
 -97.801  145.411
 -79.336  147.151
 -91.307  157.563
 -91.939  146.287
 -85.170  148.055
 -84.679  142.383
-100.499  140.552
-101.322  152.832
 -81.291  160.718
 -79.820  134.225
 -89.802  152.251
 -88.712  151.731
 -80.601  149.675
 -84.101  154.088
 -91.055  138.599
-106.478  141.689
 -81.224  145.360
 -86.527  148.464
 -91.316  147.243
 -96.746  153.244
 -88.949  137.281
 -82.892  157.452
 -87.360  137.789
 -97.011  150.737
 -88.097  144.981
 -88.525  146.147
-105.006  149.201
 -93.743  147.522
 -82.249  143.170
 -87.351  149.937
 -95.797  143.579
-110.050  155.624
 -83.180  147.974
 -94.060  154.458
 -89.611  155.074
 -86.280  155.154
 -99.856  143.942
 -80.955  144.952
 -86.910  162.183
 -81.345  148.665
 -94.830  153.287
 -97.628  148.481
 -73.654  143.888
 -84.267  136.170
 -81.518  151.525
 -90.384  147.283
 -78.843  151.713
 -87.577  154.685
 -72.296  149.900
 -88.040  145.115
 -75.833  159.958
 -89.228  146.308
 -79.787  151.663
 -94.044  158.149
 -91.380  133.591
 -72.566  156.482
 -80.141  154.548
 -90.193  139.624
 -85.733  161.438
 -76.979  141.578
 -91.968  153.491
 -91.705  146.570
 -79.983  149.089
 -82.073  156.856
-104.256  146.353
 -79.650  159.342
 -91.222  136.840
 -82.726  160.561
 -92.872  142.996
 -91.734  153.903
 -79.297  146.121
 -84.735  145.592
 -80.631  155.715
 -84.120  150.390
 -86.864  153.739
 -87.586  153.405
 -87.815  149.166
 -83.803  141.082
 -79.620  155.022
-101.529  150.134
 -96.110  147.683
 -79.296  146.694
 -85.215  150.947
 -86.311  145.071
 -77.343  149.885
 -99.517  146.708
 -83.985  148.341
 -93.769  147.784
 -69.735  143.963
 -93.285  146.604
 -97.510  147.366
 -82.565  139.224
 -77.248  146.867
 -81.430  147.953
 -98.115  167.903
 -83.088  150.378
 -84.938  151.970
 -83.224  162.069
 -82.865  147.971
 -83.656  151.497
 -84.432  156.189
 -85.722  158.856
 -83.980  151.708
 -97.414  144.914
 -81.058  158.466
 -86.806  162.230
 -86.213  152.456
-100.496  142.924
 -77.678  153.729
 -78.507  147.177
 -90.161  153.478
 -81.121  133.386
 -90.749  149.483
 -84.307  131.316
 -79.844  151.706
 -78.795  152.932
 -81.459  161.323
 -89.990  138.332
 -76.243  149.742
 -89.148  150.145
 -83.078  144.668
 -92.560  154.600
 -83.572  140.993
 -81.302  151.554
 -85.772  156.231
 -80.454  149.905
 -83.014  152.750
 -85.716  138.141
 -78.103  143.117
 -93.617  136.049
-107.550  149.962
 -77.709  153.614
 -94.820  154.442
 -95.839  162.013
 -95.658  139.575
 -70.751  150.458
 -68.978  159.538
 -91.269  149.231
 -96.720  155.375
 -86.354  146.919
 -97.580  141.773
 -82.290  134.641
 -78.324  162.016
 -88.968  140.934
 -82.692  139.152
-103.994  146.166
 -94.534  151.544
 -79.101  149.522
 -86.195  145.580
 -89.604  152.592
 -91.304  155.538
 -85.650  155.800
 -89.699  158.801
 -79.919  155.757
 -65.904  148.540
 -92.767  144.726
-101.272  146.755
 -85.338  143.748
 -94.167  147.816
 -81.345  159.551
 -88.915  156.537
-100.259  158.881
 -88.433  160.594
 -84.022  151.241
 -83.949  130.861
 -98.034  134.498
 -73.280  141.347
 -91.689  141.493
 -86.442  130.080
 -82.688  145.778
 -89.041  142.951
 -94.921  158.161
 -97.569  146.039
-107.089  140.507
 -85.017  147.874
 -82.912  147.433
 -90.257  148.614
 -80.320  146.958
 -79.789  136.109
 -86.851  139.050
 -79.659  148.935
 -90.699  159.825
 -90.108  154.164
 -90.987  149.678
 -85.808  137.994
 -83.857  162.193
 -89.366  149.850
 -80.286  156.001
 -96.945  156.162
 -95.907  146.192
 -95.500  163.317
 -88.132  141.337
 -84.423  156.370
 -86.339  147.587
 -87.097  149.657
 -77.836  146.662
 -73.389  141.108
 -90.456  138.851
-100.038  134.831
 -80.676  140.623
 -83.868  152.690
 -87.921  152.599
 -82.696  161.983
-101.391  151.662
 -87.440  156.844
 -85.543  136.817
 -89.778  143.909
 -92.454  145.772
 -77.185  143.571
 -74.608  147.097
 -85.985  148.544
 -83.534  144.155
 -89.496  150.688
 -79.725  153.588
 -88.679  156.944
 -88.444  138.676
