-165.747  149.763
-162.994  154.395
-160.377  141.192
-161.952  144.302
-168.562  138.551
-167.596  133.793
-161.660  129.952
-161.202  137.446
-171.626  138.289
-163.543  137.761
-171.604  145.558
-165.995  127.929
-158.717  123.621
-167.555  152.644
-163.993  132.236
-170.768  149.115
-169.958  145.742
-151.600  114.614
-161.596  139.903
-157.209  147.776
-166.702  120.083
-156.749  140.612
-157.589  130.472
-155.709  149.993
-159.386  134.760
-147.452  125.926
-177.484  140.561
-156.392  128.542
-168.920  130.277
-161.643  134.434
-168.295  145.329
-164.043  133.466
-160.708  150.345
-163.241  132.668
-159.601  130.225
-178.029  154.546
-172.460  128.647
-155.634  141.777
-162.912  133.197
-155.712  126.148
-156.714  127.603
-157.911  137.835
-165.229  151.396
-161.630  129.343
-163.040  106.911
-159.580  139.570
-164.290  126.951
-166.855  146.306
-152.680  145.472
-158.210  137.046
-171.610  129.857
-150.189  131.533
-154.783  123.744
-156.135  138.361
-162.838  126.748
-163.319  131.432
-174.211  127.420
-165.081  128.335
-163.528  133.070
-163.905  143.922
-153.385  135.238
-176.750  126.270
-157.120  128.870
-169.628  130.350
-172.195  141.837
-161.566  137.814
-153.072  134.395
-166.438  141.240
-167.895  142.266
-160.810  131.120
-168.941  133.867
-154.613  142.459
-153.319  137.247
-161.924  144.182
-161.009  135.905
-155.349  133.181
-171.342  141.885
-167.550  134.730
-175.653  131.903
-167.596  132.675
-172.577  120.974
-146.140  138.667
-152.994  135.958
-159.409  134.304
-173.417  135.499
-163.393  108.794
-155.160  131.448
-166.564  136.072
-158.685  135.103
-162.220  137.726
-172.017  132.067
-153.787  136.961
-169.319  129.477
-168.575  139.191
-149.441  137.785
-160.921  137.520
-158.146  132.845
-175.663  128.558
-159.373  148.115
-157.888  118.338
-164.444  145.013
-169.371  139.752
-157.407  141.976
 168.948  148.379
-167.773  120.900
-155.866  135.865
-171.140  136.097
-167.295  127.525
-163.896  140.797
-157.957  152.835
-151.240  141.747
-161.247  146.477
-168.104  128.727
-161.133  129.863
-155.114  136.867
-160.295  145.123
-162.960  144.977
-158.318  134.518
-160.447  128.424
-156.891  134.776
-152.814  132.963
-171.024  132.815
-153.692  129.956
-162.325  149.467
-163.754  132.801
-178.792  139.492
-170.718  147.094
-169.657  143.135
-165.016  150.117
-158.010  121.895
-165.139  144.466
-152.322  127.434
-171.628  141.888
-160.407  132.934
-168.914  131.024
-167.851  128.847
-167.334  144.010
-163.346  134.263
-162.317  130.895
-167.912  140.149
-167.456  124.223
-141.731  125.347
-143.208  139.339
-150.155  140.096
-156.668  137.169
-155.982  138.195
-178.700  128.268
-152.130  138.805
-158.374  132.118
-163.095  147.594
-167.828  139.098
-163.608  134.776
-165.373  134.342
-164.968  115.779
-167.731  135.389
-160.670  133.127
-161.406  148.141
-170.405  135.017
-157.534  134.044
-162.988  128.060
-167.334  139.547
-152.097  123.123
-154.772  141.815
-164.625  141.061
-161.184  135.264
-158.039  133.872
-157.063  133.209
-147.193  125.463
-158.310  137.726
-155.849  134.260
-173.652  132.255
-154.202  138.069
-155.495  143.283
-159.654  124.458
-163.265  140.401
-156.242  136.352
-154.747  134.179
-144.098  141.321
-166.900  144.128
-168.611  145.120
-159.902  136.692
-172.507  121.047
-162.033  117.139
-164.820  144.470
-156.800  152.478
-173.075  136.978
-150.022  136.302
-163.167  146.992
-164.361  146.025
-169.709  123.226
 179.455  110.208
-163.902  133.966
-160.049  123.734
-160.428  139.430
-159.023  127.127
-149.339  139.913
-165.022  121.464
-159.796  137.214
-164.204  135.023
-149.930  132.714
-156.356  123.872
-154.614  118.895
-163.093  133.776
-167.198  130.405
-150.532  124.542
-154.709  142.971
-163.557  118.771
-167.495  137.574
-154.045  131.908
-159.723  123.575
-161.348  142.355
-170.526  140.491
-150.230  133.860
-166.638  143.663
-170.818  137.645
-163.234  119.526
-159.340  128.103
-154.182  138.796
-168.879  137.828
-158.261  147.458
-156.046  136.085
-160.008  124.356
-165.124  121.185
-179.172  143.405
-170.656  138.549
-169.127  142.994
-163.872  134.607
-156.610  134.011
-158.036  133.721
-163.437  134.818
-173.893  134.816
-156.165  134.667
-159.368  134.043
-156.480  142.433
-159.884  140.194
-154.683  137.286
-166.700  123.847
-169.720  118.082
-164.319  142.558
-170.411  149.946
-167.192  136.345
-172.060  128.254
-162.642  148.561
-150.225  138.794
-158.916  138.544
-152.357  134.087
-165.430  148.017
-149.341  133.507
-159.491  127.774
-160.532  152.055
-151.817  129.893
-171.688  129.388
-157.997  138.658
-147.059  152.642
-160.482  135.897
-148.225  126.641
-170.388  127.341
-166.655  144.079
-172.761  136.612
-164.247  132.152
-169.517  136.907
-155.002  124.388
-161.533  151.155
-150.482  141.727
-157.759  140.252
-164.979  119.599
-161.284  132.124
-159.773  139.216
-163.858  139.607
-152.593  142.757
-158.682  129.344
-148.718  151.023
-171.746  138.159
-168.196  130.041
-156.568  141.373
-158.426  131.589
-167.099  140.554
-166.377  130.920
-148.902  139.632
-168.169  140.093
-172.069  139.455
-166.126  139.127
-163.777  137.062
-156.015  140.377
-176.488  141.941
-174.708  138.802
-159.914  134.509
-159.104  142.495
-156.636  140.451
-162.392  146.941
-162.928  141.879
-172.924  146.395
-159.287  130.684
-158.575  145.797
-171.371  135.504
-154.196  133.630
-162.788  134.013
-146.232  132.009
-162.451  145.133
-164.532  135.629
-170.408  129.987
-168.067  141.945
-169.124  133.302
-163.139  120.603
 178.616  150.327
-163.796  126.991
-156.842  144.421
-155.791  138.690
-146.767  138.799
-147.343  127.933
-170.192  132.464
-161.601  111.350
-153.081  134.823
-149.831  129.739
-172.945  122.174
-166.130  139.921
-170.332  150.624
-164.774  143.004
-160.511  153.430
-167.171  121.485
-153.933  135.945
-155.465  133.183
-169.823  138.883
-153.554  116.748
-166.137  132.243
-164.589  137.670
-166.221  124.798
-160.561  142.508
-151.667  140.182
-154.788  148.062
-171.566  150.535
-165.516  152.030
-151.177  141.376
-157.486  135.607
-145.749  141.259
-153.178  129.858
-162.918  146.848
-158.438  135.835
-164.950  147.967
-166.913  129.475
-168.346  115.016
-154.439  131.174
-157.650  145.363
-161.462  119.477
-163.893  130.188
-158.601  132.923
-161.586  140.255
-160.977  133.232
-157.816  142.781
-165.520  138.756
-170.911  140.561
-174.185  132.287
-152.505  127.776
-161.144  131.626
-171.176  133.036
-161.959  138.401
-162.198  145.542
-164.235  132.217
-151.527  137.947
-143.535  131.303
-156.446  133.641
-166.829  128.799
-158.837  131.983
-159.296  134.447
-163.119  129.772
-166.059  133.477
-163.901  136.814
-157.935  134.751
-158.101  138.439
-143.816  145.419
-152.402  143.358
-163.706  133.693
-157.641  137.724
-165.537  135.053
-172.363  140.204
-153.520  129.659
-168.049  142.149
-155.655  118.764
-161.590  135.894
-165.769  141.633
-157.776  128.401
-168.473  156.053
-173.784  136.040
-168.975  149.527
-165.607  142.136
-159.648  125.463
-169.186  125.837
-169.316  131.225
-155.139  139.648
-166.188  145.594
-160.916  135.619
-164.859  135.136
-164.727  140.033
-164.067  137.065
-161.063  139.140
-163.740  125.377
-172.959  139.296
-156.851  142.157
-162.747  138.269
-164.800  125.079
-169.267  135.170
-162.026  138.078
-165.706  140.101
-159.211  130.038
-168.563  138.817
-158.579  142.670
-166.062  134.919
-162.142  145.274
-152.393  132.899
-171.580  137.033
-159.079  140.905
-152.514  141.587
-160.855  127.197
-153.030  130.622
-155.352  140.643
-165.635  150.686
-158.919  152.698
-166.106  132.110
-158.999  135.336
-159.221  148.226
-166.153  143.325
-161.192  126.942
-155.738  127.019
-157.572  135.484
-156.290  137.774
-176.674  150.217
-166.804  138.922
-163.358  148.418
-176.016  143.393
-161.624  149.757
-167.451  150.165
-158.054  126.185
-156.364  136.173
-160.259  133.479
-178.812  132.755
-166.089  128.762
-151.948  136.896
-155.218  136.929
-161.415  146.471
-163.676  137.658
-161.913  140.933
-166.692  144.474
-164.670  134.367
-162.539  137.013
-176.650  118.992
-158.119  130.657
-170.639  142.453
-168.371  135.360
-155.837  140.410
-173.916  130.481
-156.151  125.221
-157.364  129.207
-170.191  137.343
-168.917  138.858
-153.149  135.799
-162.292  147.349
-162.650  136.880
-164.508  123.696
-160.873  133.595
-155.790  146.978
-157.806  134.540
-163.413  132.442
-165.599  151.205
-157.940  118.100
-157.002  140.489
-155.389  139.769
-169.133  134.929
-151.788  129.990
-169.266  141.819
-158.574  145.384
-173.064  140.224
-164.725  137.883
-169.168  139.791
-152.529  129.356
-162.633  131.409
-169.769  118.054
-170.461  124.797
-166.112  142.061
-157.626  124.651
-174.088  133.777
-167.922  129.886
-159.864  142.070
-149.885  135.714
-158.447  129.083
-151.150  141.998
-174.671  141.196
-153.758  139.098
-167.385  122.507
-159.888  133.510
-170.157  123.495
-178.521  127.264
-160.379  127.330
-165.325  137.852
-170.134  144.324
-156.890  118.668
-164.425  125.809
-168.385  139.236
-162.102  137.568
-163.278  127.373
-161.361  130.204
-167.477  131.734
-177.192  140.047
-161.515  118.220
-170.578  133.826
-155.663  139.022
-154.711  143.810
-146.188  138.012
 178.981  133.038
-167.313  135.817
-170.766  146.540
-161.021  136.982
-167.181  141.101
-172.444  161.787
-165.070  149.936
-160.918  141.010
-162.586  145.963
-171.170  136.464
-152.712  130.545
-160.130  114.133
-173.725  138.359
-150.822  148.350
-156.161  153.563
-160.493  131.827
-161.535  150.653
-153.826  133.920
-162.605  131.245
-158.546  137.559
-166.671  134.607
-150.852  149.099
-148.165  147.587
-161.727  140.897
-160.326  144.743
-165.516  130.766
-167.013  139.466
-154.699  120.500
-154.069  132.421
-163.423  146.736
-172.871  148.954
-146.889  146.743
-168.365  137.897
-163.811  149.796
-155.220  145.853
-153.299  150.219
-171.086  144.442
-157.157  135.569
-168.632  132.642
-168.572  129.562
-146.770  146.372
-174.814  126.818
-168.755  140.444
-164.258  127.507
-168.599  147.377
-158.544  131.344
-165.542  122.704
-163.667  135.316
-156.659  133.615
-160.177  134.423
-160.727  142.258
-162.418  142.524
-172.465  142.649
-159.555  149.419
-176.584  137.060
 177.655  139.002
-167.283  142.457
-156.348  125.766
-146.577  141.392
-163.135  137.826
-167.117  125.403
-159.699  140.669
-164.382  134.583
-162.793  132.749
-163.380  129.178
-176.817  156.691
-175.216  139.056
-161.594  142.186
-158.585  144.961
-173.020  144.413
-159.818  137.980
-170.354  139.781
-175.132  141.143
-153.467  142.567
-164.725  147.708
-168.018  142.170
-158.123  120.192
-153.636  129.907
-158.574  154.183
-152.271  133.005
-156.825  125.657
-168.341  123.839
-159.720  141.977
-171.270  133.132
-169.902  135.077
-175.400  138.078
-163.626  123.692
-163.534  150.146
-167.705  129.159
-155.708  140.535
-161.923  120.281
-160.118  141.514
-173.628  135.765
-171.522  139.839
-156.302  125.626
-167.521  134.107
-165.856  133.248
-166.159  151.070
-171.026  135.155
-163.473  123.344
-175.487  140.771
-153.801  125.993
-159.439  133.484
-154.074  131.039
-153.143  136.013
-167.414  145.348
-160.961  137.670
-157.571  132.725
-169.291  130.704
-167.952  149.085
-161.137  135.291
-160.158  138.225
-159.249  142.263
-158.022  136.524
-159.872  120.784
-161.725  124.981
-166.527  118.704
-164.811  127.952
-158.388  155.084
-151.743  142.675
-159.609  149.000
-152.630  142.961
-167.184  137.732
-160.338  143.645
-151.208  131.003
-156.079  120.473
-154.953  133.309
-167.462  147.301
-176.006  137.549
-172.854  128.691
-165.190  129.435
-165.136  121.219
-166.366  141.458
-163.925  144.040
-165.200  134.040
-166.064  130.733
 176.085  143.668
-154.319  136.627
-155.990  143.142
-158.127  134.143
 179.629  146.150
-174.359  148.206
-159.114  130.478
-163.429  125.676
-154.737  135.099
-156.454  127.746
-158.229  140.837
-158.139  130.681
-164.606  142.327
-165.723  141.045
-174.834  125.341
-166.204  130.961
-163.089  130.760
-159.340  128.090
-170.636  137.592
-157.982  136.690
-165.221  119.874
-164.003  137.392
 177.911  123.357
-165.258  130.586
-158.158  134.981
-172.389  141.587
-161.006  133.338
-164.961  133.558
-158.936  145.677
-168.700  130.400
-170.848  124.156
-155.164  139.670
-154.466  130.698
-163.560  124.246
-156.575  146.193
-166.607  151.386
-150.708  130.279
-162.505  133.781
-160.602  149.219
-159.096  138.253
-153.531  127.634
-160.012  146.963
-169.568  133.789
-159.406  125.427
-169.877  153.206
-158.557  138.161
-162.238  143.096
-167.869  127.431
-162.714  150.084
-158.606  137.109
-168.762  140.309
-172.616  140.108
-156.451  138.152
-164.163  144.994
-157.739  123.489
-162.383  123.200
-168.299  127.090
-154.597  121.559
-163.933  156.092
-151.950  143.279
-158.250  142.963
-173.109  131.736
-154.162  146.797
-154.830  131.337
-172.606  135.038
-167.334  156.682
-165.063  141.404
-174.428  137.620
 179.709  127.662
-161.421  139.383
-167.760  137.084
-169.478  128.954
-155.465  131.488
-155.384  151.556
-165.742  149.594
-165.027  144.220
-158.772  137.225
-158.162  133.419
-167.102  136.508
-173.315  137.908
-147.155  130.668
-151.538  138.980
-174.601  145.029
-149.624  140.540
-154.613  126.665
-160.995  136.772
-162.595  144.409
-168.174  127.296
-150.152  140.696
-163.018  131.276
-172.225  145.656
-178.015  140.052
-169.802  134.154
-174.144  126.586
-167.682  129.164
-151.858  132.775
-153.326  142.719
-158.015  143.686
-164.135  137.035
-155.379  129.433
-150.263  138.423
-166.853  144.472
-173.025  130.958
-159.953  127.575
-156.992  139.413
-155.889  126.467
-172.492  133.689
-168.352  133.011
-170.202  140.589
-154.906  144.102
-166.410  146.183
-162.153  157.736
-148.150  131.471
-159.417  127.375
-154.089  160.231
-176.492  140.883
-162.044  139.705
-173.068  150.759
-177.597  141.872
-170.552  146.104
-163.873  127.685
-164.860  133.149
-149.966  133.966
-166.004  133.968
-174.933  143.735
-159.823  128.779
-173.822  149.808
-154.214  141.288
-174.380  138.298
-159.794  123.703
-160.215  137.600
-147.761  128.235
-148.834  136.558
-158.684  136.802
-168.793  153.866
-165.053  131.687
-169.025  129.637
-161.197  142.986
-159.182  114.374
-161.606  119.595
-154.753  140.659
-143.610  137.402
-171.421  132.898
-173.705  122.771
-174.850  124.826
-164.386  143.345
-158.320  121.248
-158.409  138.267
-173.659  123.995
-176.439  127.329
-161.397  146.226
-159.450  137.425
-174.583  147.790
-171.972  126.805
-171.202  116.567
-163.846  148.698
-173.652  137.026
-175.198  124.482
-169.771  148.809
-169.700  123.567
-163.295  144.175
-161.931  138.152
-162.203  137.679
-163.268  146.164
-172.206  136.387
-170.708  139.209
-160.107  145.749
-172.489  132.181
-169.785  143.909
-158.610  144.820
-155.739  135.462
-172.740  139.376
-174.135  141.997
-158.794  136.287
-161.312  127.516
-153.270  129.012
-163.329  141.675
-174.787  133.314
-164.783  130.610
-157.636  141.972
-153.059  140.566
-157.909  146.786
-163.504  127.081
-160.129  134.993
-159.328  135.379
-170.027  137.829
-172.609  150.825
-156.880  154.875
-158.068  142.015
 178.741  137.508
-165.688  138.772
-160.496  142.854
-161.426  141.556
-166.989  152.716
-148.126  128.112
-164.949  128.533
-170.195  132.333
 163.590  137.982
-151.299  138.834
-161.779  140.848
-160.021  139.280
-148.221  112.009
-168.569  135.121
-161.790  135.537
-162.656  134.246
-167.717  157.709
-152.563  133.942
-154.636  125.326
-157.784  128.384
-162.976  142.147
-166.095  145.055
-153.616  151.191
-169.198  126.789
-166.132  133.010
-170.830  137.265
-174.475  130.849
-161.682  130.763
-173.352  133.034
-158.038  145.462
-167.192  132.883
-163.158  129.573
-167.063  128.434
-164.095  139.636
-164.909  134.783
-168.414  129.712
-165.169  120.638
-158.858  139.589
-161.742  137.555
-159.860  143.193
-158.557  127.575
-166.126  147.997
-167.000  143.161
-178.680  140.791
-164.440  128.492
-162.510  139.231
-156.629  137.782
-162.486  132.378
-171.662  140.430
-152.357  152.836
-149.607  145.480
-149.305  136.250
-163.365  130.327
-169.049  144.732
-167.198  143.856
-158.788  149.444
-158.594  141.816
-155.750  116.841
-166.781  132.393
-159.496  128.502
-164.653  146.601
 174.339  134.872
-165.742  151.305
-141.431  131.079
-146.605  140.913
-172.803  136.392
-177.651  138.586
-143.452  144.895
-167.418  131.941
-164.961  123.260
-159.068  135.580
-169.912  143.615
-178.780  132.978
-168.097  127.400
-158.508  139.521
-148.992  145.174
-148.007  143.344
-146.519  118.270
-164.045  134.711
-168.185  142.929
-164.164  139.262
-162.821  146.132
-163.565  122.682
-168.516  134.163
-162.222  139.213
-175.678  127.670
-155.476  129.911
-165.954  142.880
 172.492  138.524
-166.816  144.679
-169.712  133.863
-159.800  145.962
-160.666  139.952
-165.058  132.417
-161.250  138.189
-148.466  135.048
-158.337  149.968
-171.667  141.622
-154.110  148.045
-156.649  153.228
-165.972  139.906
-161.898  131.554
-148.670  138.066
-163.555  146.087
-155.353  130.162
-165.391  113.856
-169.955  140.860
-173.341  142.772
-154.265  125.402
-156.992  138.049
-162.554  124.892
-166.510  140.003
-165.202  126.878
-148.545  135.330
-158.534  128.486
-165.240  144.439
-156.384  135.135
-156.886  135.629
-161.646  144.860
-164.992  137.726
-170.428  130.400
-153.345  139.779
-155.525  143.450
-160.120  143.532
-163.850  131.687
-161.018  131.195
-166.317  136.434
-160.450  141.275
-160.901  133.634
-160.424  137.914
-161.450  129.554
-160.012  144.408
-158.880  142.579
-148.131  140.729
-170.861  140.221
-171.843  135.278
-165.510  140.157
-160.531  137.623
-165.348  138.411
-157.237  136.942
-164.247  145.969
-163.984  155.542
-171.310  154.377
-160.865  130.199
-164.673  135.886
-169.735  137.333
-163.807  139.531
-155.653  140.187
-159.711  136.865
-174.525  125.547
-165.354  129.487
-154.562  147.370
-158.000  126.374
-158.448  139.536
-168.682  135.422
-159.209  137.905
-170.025  126.163
-165.424  131.654
-162.893  141.367
-163.026  138.158
-168.138  126.829
-163.838  143.572
-161.212  140.057
-154.440  137.135
-161.045  134.145
-170.389  152.757
-165.869  130.349
-166.704  144.488
