 103.787  141.902
 152.474  157.138
 168.304  155.202
 143.654  146.236
 158.138  168.954
 139.131  155.822
 157.437  144.861
 139.680  154.083
 157.708  149.784
 162.242  137.697
 155.132  155.245
 165.375  153.474
 156.887  158.084
 145.625  147.049
 150.817  137.457
 151.559  151.293
 142.049  150.546
 128.406  143.851
 147.615  126.811
 157.316  147.471
 150.476  155.296
 149.846  145.982
 141.457  165.992
 146.516  147.984
 131.619  156.178
 153.620  140.320
 147.681  142.800
 130.098  147.145
 104.612  155.461
 106.797  136.005
 129.814  154.446
 151.044  149.307
 162.234  141.462
 156.398  142.622
 140.093  143.884
 152.306  142.715
 158.351  147.641
 147.557  139.382
 145.596  152.090
 128.700  157.263
 162.011  152.826
 147.230  144.041
 136.498  147.896
 135.600  154.228
 143.953  148.790
 157.719  142.796
 147.404  131.715
 144.879  154.213
 153.117  150.291
 150.537  142.887
 156.972  168.059
 164.115  149.144
 131.529  141.699
 138.453  145.817
 162.548  147.845
 147.444  152.923
 148.423  156.426
 136.617  146.431
 136.067  149.890
 154.309  151.759
 151.418  149.842
 115.778  142.121
 151.263  157.605
 144.736  153.491
 146.810  158.659
 152.846  154.712
 140.111  143.095
 150.390  144.895
 146.154  148.917
 157.151  133.897
 140.731  145.766
 161.976  147.259
 131.929  151.105
 133.195  135.131
 148.297  160.316
 147.268  149.546
 159.841  160.938
 156.699  157.243
 156.322  151.731
 145.170  146.248
 137.015  136.956
 150.458  144.256
 162.036  139.408
 159.780  154.478
 155.454  141.153
 151.911  146.963
 150.742  156.952
 147.657  164.337
 145.445  141.730
 151.845  145.924
 136.019  151.103
 161.948  157.301
 155.403  145.270
 112.458  142.768
 155.200  150.476
 155.192  163.029
 144.815  144.119
 154.544  166.118
 154.697  148.174
 149.683  151.562
 157.117  160.105
 145.217  146.557
 112.197  143.883
 141.617  151.499
 143.517  145.618
 145.806  153.770
 161.931  152.818
 142.470  153.963
 138.211  144.128
 140.362  148.320
 149.300  142.212
 148.795  147.724
 157.197  159.676
 139.418  148.535
 160.572  143.864
 145.882  160.406
 146.005  148.769
 137.818  146.994
 142.490  133.601
 150.172  147.024
 144.636  143.056
 146.100  151.261
 150.612  146.952
 120.585  143.420
 149.197  156.935
 135.079  150.277
 147.907  141.621
 161.718  149.934
 114.732  145.360
 114.024  156.230
 158.081  150.936
 152.209  149.304
 144.334  157.473
 134.025  158.880
 135.488  142.631
 151.689  151.345
 142.623  140.086
 155.528  146.561
 158.292  148.046
 140.747  149.416
 142.348  156.392
 157.876  134.370
 170.732  155.188
 135.728  144.489
 156.467  147.538
 148.566  145.591
 148.163  143.302
 148.331  148.107
 155.860  147.901
 154.686  150.860
 133.966  155.475
 150.228  153.623
 146.444  144.347
 149.266  151.862
 123.123  146.383
 152.897  159.728
 142.289  145.500
 158.280  152.501
 146.584  133.278
 151.717  153.369
 149.311  158.757
 126.359  140.026
 147.651  145.934
 152.841  144.752
 165.171  145.310
 100.007  146.177
 106.917  141.765
 152.873  139.082
 140.789  155.292
 146.570  145.694
 127.777  154.274
 144.208  156.906
 136.634  145.168
 154.461  155.701
 135.357  143.230
 161.096  152.411
 151.894  152.211
 150.431  151.883
 149.737  143.894
 152.443  144.187
 138.390  147.169
 143.729  153.862
 157.791  147.226
 149.264  158.666
 145.879  151.423
 155.444  148.982
 145.239  147.328
 147.671  137.504
 147.710  161.836
 158.943  150.022
 144.199  146.414
 156.624  147.914
 144.477  150.025
 143.670  158.898
 155.832  145.853
 125.095  149.416
 140.069  160.642
 144.197  152.709
 151.465  151.716
 138.346  151.554
 163.755  158.899
 146.815  150.858
 148.678  150.396
 121.654  138.443
 146.945  156.781
 154.331  148.414
 148.071  147.752
 155.967  153.366
 154.957  155.986
 155.499  147.332
 148.167  150.446
 149.619  162.580
 147.497  146.840
 149.455  157.425
 143.188  145.098
 147.696  134.083
 156.164  154.164
 147.288  145.507
 134.078  152.042
 118.863  137.798
 136.637  141.844
 130.678  149.670
 145.365  149.377
 153.333  157.409
 160.658  135.375
 139.132  150.565
 156.956  156.528
 144.368  151.365
 162.935  153.268
 148.050  144.359
 159.988  149.634
 145.577  140.735
 100.423  144.865
 144.406  154.710
 140.479  150.721
 162.455  152.381
 141.015  144.773
 143.759  146.232
 145.875  147.375
 158.704  156.528
 148.587  157.908
 152.639  147.712
 147.247  150.839
 137.593  141.980
 150.211  149.074
 146.832  152.595
 145.580  140.837
 140.781  144.740
 141.348  154.354
 108.266  155.964
  99.721  153.753
 105.948  144.196
 147.278  157.622
 148.786  152.435
 109.800  149.981
 108.837  147.706
 112.989  153.821
 112.352  148.874
 137.488  163.430
 148.270  141.821
 144.447  149.760
 135.800  140.005
 155.291  157.956
 138.806  159.527
 107.622  151.206
 144.576  147.848
 151.300  152.555
 149.802  153.381
 158.991  145.712
 147.923  139.201
 150.151  136.017
 159.893  140.045
 168.479  145.104
 151.745  160.046
 152.209  153.789
 135.560  157.420
 146.600  151.636
 148.966  168.060
 143.579  147.378
 169.505  155.653
 103.171  147.967
 113.866  150.465
 148.663  138.779
 158.618  157.261
 160.561  160.217
 151.909  160.435
 156.765  138.675
 169.022  157.172
 168.555  152.111
 161.115  146.557
 156.569  135.583
 143.751  160.375
 107.091  151.000
 111.999  145.787
 110.905  150.413
 130.745  167.844
 145.730  140.189
 141.736  150.042
 160.499  151.509
 154.177  153.969
 126.566  147.753
 152.568  160.820
 152.814  152.060
 170.493  145.674
 160.990  156.823
 149.019  151.692
 141.012  141.858
 141.544  146.563
 144.339  157.069
 149.536  149.453
 146.738  156.679
 150.817  146.510
 161.845  166.717
 161.540  137.996
 157.725  146.085
 158.302  155.382
 141.212  148.715
 143.663  141.820
 155.928  151.347
 140.115  148.590
 159.784  145.749
 158.655  159.380
 141.168  145.732
 145.374  147.831
 159.288  151.757
 161.481  140.445
 154.268  157.959
 149.028  124.411
 156.001  151.553
 143.917  143.755
 150.369  140.453
 153.836  149.123
 135.621  153.682
 143.428  167.188
 138.546  144.604
 144.700  155.585
 113.767  140.903
 147.829  160.187
 150.740  151.531
 164.041  127.322
 153.040  158.580
 150.593  163.451
 155.732  152.976
 148.360  146.898
 164.750  146.501
 153.580  146.829
 150.298  157.577
 150.504  149.114
 155.077  150.239
 144.767  142.156
 153.893  153.725
 157.551  135.673
 124.446  145.300
 118.436  139.085
  97.394  149.300
 130.256  159.113
 155.918  160.533
 147.450  147.466
 145.082  144.372
 159.656  155.219
 145.440  152.386
 142.069  146.677
 149.759  154.556
 145.496  149.380
 151.036  165.578
 148.482  152.047
 158.658  160.566
 155.059  155.651
 157.265  147.810
 141.830  148.897
 164.033  149.924
 127.978  144.226
 105.406  144.343
 105.067  156.463
 110.037  147.535
 113.813  151.960
 100.499  167.680
  96.619  141.620
  98.993  148.540
 135.897  151.301
 157.653  146.786
 152.221  153.746
 139.576  145.961
 162.499  156.158
 155.783  142.128
 158.503  139.120
 142.916  150.478
 149.556  152.635
 144.839  143.409
 144.672  160.843
 153.954  158.142
 153.874  159.548
 150.395  149.399
 163.041  153.227
 109.725  153.647
 143.926  146.614
 153.069  142.752
 152.904  140.764
 132.191  146.520
 163.201  141.314
 150.631  164.725
 156.391  153.710
 145.411  161.939
 151.481  145.425
 167.749  151.728
  99.338  128.293
 116.461  142.787
 142.601  136.045
 144.120  160.527
 149.874  144.969
 143.546  147.992
 134.817  143.028
 149.049  155.360
 156.367  146.989
 136.767  138.304
 114.685  147.826
  93.971  154.120
 110.394  143.968
 112.303  144.034
 106.879  143.895
 119.076  154.324
 106.952  159.408
 157.315  155.808
 148.501  162.585
 104.729  150.965
 151.050  144.461
 168.645  156.752
 150.258  158.749
 138.125  141.124
 146.460  149.140
 166.885  158.356
 153.270  150.092
 163.598  145.853
 160.522  155.549
 155.057  152.871
 155.288  151.356
 158.017  136.949
 143.431  143.371
 155.211  149.152
 111.797  142.766
 139.866  149.003
 146.904  152.774
 136.633  157.031
 152.428  143.621
 148.451  154.143
 145.467  145.361
 103.617  139.435
 104.299  149.947
 100.980  147.821
 112.925  137.546
 159.378  140.245
 162.371  157.354
 138.513  160.095
 152.150  158.513
 145.298  128.871
 152.251  137.988
 161.010  133.910
 147.027  159.700
 153.390  153.781
 145.474  143.135
 148.695  138.650
 155.204  150.827
 143.046  147.858
 141.677  145.684
 146.481  136.340
 150.022  154.684
 141.286  146.438
 144.228  153.437
 148.085  155.631
 145.180  147.892
 144.288  145.209
 156.248  155.628
 156.618  154.414
 148.369  151.996
 143.828  152.993
 146.128  154.158
 172.984  155.725
 161.354  129.766
 145.248  146.159
 158.070  152.286
 159.926  145.384
 141.891  150.107
 136.797  139.133
 104.933  148.648
 111.334  149.905
 108.952  147.604
 103.501  143.674
 103.688  143.735
 105.826  128.805
 125.998  151.495
 129.728  149.517
 160.684  155.162
 146.936  142.689
 158.745  144.573
 154.186  144.071
 132.843  156.483
 152.568  162.224
 161.368  134.009
 153.490  141.544
 160.250  149.514
 140.710  146.342
 149.100  144.392
 150.450  153.117
 168.574  160.586
 154.304  158.080
 146.532  147.865
 157.005  145.889
 155.975  161.617
 151.840  146.589
 149.626  152.635
 153.130  156.755
 154.669  142.245
 149.016  141.237
 143.763  144.748
 143.946  149.245
 145.702  144.971
 157.185  138.173
 148.852  145.382
 165.945  151.269
 132.976  141.179
 154.482  158.088
 141.526  147.591
 152.911  147.300
 145.123  149.533
 166.599  138.273
 154.906  152.757
 137.660  150.738
 142.784  151.051
 149.315  134.200
 133.591  162.891
 136.912  154.427
 143.094  155.240
 145.525  158.264
 145.552  149.739
 162.435  138.018
 126.429  156.013
 163.544  156.758
 171.895  152.455
 138.915  155.986
 148.361  158.138
 153.657  149.088
 164.941  163.057
 152.903  138.965
 152.205  153.451
 155.241  153.817
 141.352  144.959
 161.087  144.402
 157.966  157.558
 129.709  152.137
 113.202  152.796
 155.029  145.097
 162.183  155.362
 145.128  141.951
 155.148  144.072
 154.631  154.776
 156.703  160.176
 148.263  160.188
 153.405  142.093
  99.032  147.871
 130.449  144.782
 145.672  149.777
 157.139  151.402
 117.165  140.824
 169.163  136.592
 165.729  143.912
 144.531  150.819
 164.476  156.983
 161.570  149.088
 155.654  151.507
 145.654  133.735
 158.895  145.035
 148.986  154.733
 142.227  147.701
 164.164  137.743
 163.685  144.235
 143.199  157.078
 147.489  156.890
 141.576  157.607
 137.823  153.890
 141.804  165.561
 164.887  166.140
 164.658  151.061
 158.385  151.600
 154.451  162.520
 150.911  149.924
 144.181  150.837
 142.341  146.473
 149.907  162.058
 143.894  145.569
 144.722  150.170
 150.397  147.173
 143.238  151.626
 146.491  145.928
 151.266  141.203
 161.948  154.713
 156.379  159.799
 147.265  154.198
 152.707  144.950
 143.405  152.231
 158.609  160.440
 149.990  142.866
 155.435  155.717
 134.844  158.205
 153.658  152.993
 142.723  141.676
 161.390  158.460
 152.484  144.381
 125.037  142.326
 142.775  147.362
 137.189  147.881
 151.575  157.508
 148.605  152.924
 145.991  148.744
 150.771  157.068
 164.508  132.348
 154.943  153.154
 147.329  146.081
 148.986  156.980
 149.016  160.311
 123.384  146.653
 155.671  147.632
  96.251  138.247
 108.760  131.234
 151.847  136.013
 161.943  151.898
 147.618  142.342
 151.827  138.068
 151.795  156.050
 152.920  150.095
 154.179  147.058
 156.139  136.935
 128.382  136.350
 102.856  148.967
 117.299  142.294
 114.934  138.542
 113.270  154.948
 139.785  139.161
 147.497  148.045
 148.942  151.867
 144.114  142.796
 142.411  144.100
 132.758  135.619
 148.064  162.487
 142.034  158.192
 135.681  143.343
 146.775  138.940
 144.923  139.860
 132.021  152.099
 149.854  142.767
 142.412  138.890
 137.731  159.325
 156.591  153.664
 154.381  141.849
 145.423  158.559
 156.581  136.668
 112.256  142.812
 110.478  135.442
 116.260  143.046
 122.161  156.218
 150.497  148.815
 139.351  138.210
 148.475  156.546
 149.515  139.831
 136.292  139.881
 151.883  155.175
 147.750  149.125
 153.170  150.480
 151.510  153.873
 156.160  143.634
 147.776  167.499
 148.220  145.948
 145.537  149.391
 102.682  160.894
 100.902  148.179
 102.299  163.310
 148.424  151.318
 158.526  142.587
 157.491  152.225
  95.247  144.727
 102.300  150.048
 121.607  156.369
 100.172  155.972
 112.618  141.226
 116.272  155.202
 140.362  134.801
 151.549  146.722
 155.970  142.877
 157.114  148.185
 157.034  156.723
 158.683  158.162
 158.625  149.097
 171.009  139.758
 146.412  138.983
 158.827  150.876
 141.179  147.291
 159.909  153.312
 148.532  155.103
 153.249  147.380
 129.760  144.891
 152.013  141.441
 129.973  135.251
 126.964  146.279
 142.605  159.592
 132.749  147.647
 135.490  146.309
 148.610  148.835
 138.908  154.518
 154.565  150.730
 128.225  154.826
 165.785  152.580
 141.002  144.582
 150.191  145.569
 153.155  152.635
 125.496  142.174
 110.316  142.079
 146.352  152.172
 159.383  150.594
 150.005  151.727
 153.087  146.426
 157.736  154.431
 137.865  148.588
 143.687  139.967
 105.664  135.143
 102.331  144.209
 104.044  135.869
  99.326  152.666
  94.307  144.312
 140.622  147.278
 116.113  140.139
 103.048  145.795
 107.339  144.614
 114.934  136.020
 145.635  141.876
 112.128  148.804
 116.272  149.697
 136.459  144.294
 109.578  145.800
 149.353  144.371
 155.877  147.230
 142.096  153.682
 156.631  141.467
 128.271  141.501
 158.313  155.434
 155.346  149.481
 134.590  141.057
 146.699  152.400
 151.980  145.178
 143.994  149.050
 145.887  142.253
 143.796  147.627
 153.930  147.029
 148.295  135.725
 143.654  154.579
 162.822  156.004
 158.354  131.969
 139.298  153.903
 128.712  140.756
 152.077  145.415
 158.042  152.310
 113.148  139.653
 157.809  138.121
 108.667  154.129
 104.202  137.786
 135.719  151.641
 147.361  158.510
 157.678  147.162
 143.261  138.821
 165.265  142.058
 151.331  123.929
 106.221  146.458
 148.101  152.571
 168.449  152.494
 144.280  157.355
 140.237  155.528
 157.941  147.808
 162.773  152.590
 147.447  150.546
 150.172  144.747
 145.860  146.593
 149.863  147.333
 160.366  150.005
 123.190  149.233
 110.382  132.591
 100.362  155.540
 147.620  143.271
 163.410  157.284
 153.756  153.272
 155.736  153.649
 140.321  139.319
 150.491  143.532
 157.748  162.058
 148.254  152.304
 163.777  149.427
 146.830  144.535
 141.949  152.889
 147.736  148.415
 151.644  147.847
 148.516  156.213
 108.726  139.918
 121.296  149.579
 130.157  140.495
 142.931  157.787
 146.364  143.910
 154.062  154.071
 147.474  143.776
 127.487  148.094
 122.085  145.240
 107.873  145.015
 110.259  140.487
 100.666  157.747
 118.187  157.346
  94.085  151.237
  98.732  142.752
 111.223  143.378
 156.920  149.472
 158.076  153.497
 172.028  154.709
 146.575  157.995
 147.380  150.187
 171.514  156.626
 142.814  151.856
 116.184  133.704
 153.919  158.309
 143.855  148.027
 165.168  146.783
 135.063  140.790
 157.732  149.699
 150.713  154.078
 168.187  149.654
 149.541  156.346
 152.490  149.294
 161.450  153.896
 163.897  160.599
 158.102  149.536
 156.160  150.163
 136.380  152.021
 153.355  155.442
 144.352  147.071
 146.740  145.800
 145.328  146.119
 146.812  147.413
 149.466  148.496
 112.714  148.484
 108.642  150.047
 155.640  143.802
 150.338  147.321
 153.602  142.014
 139.297  142.031
 136.507  154.626
 118.188  147.808
 104.325  165.615
 129.156  149.543
 144.060  132.580
 147.207  157.228
 149.768  147.714
 131.273  155.580
 155.541  152.281
 133.757  162.457
 151.789  153.567
 123.622  141.049
  98.202  143.066
 138.878  148.998
 149.175  155.835
 161.029  162.308
 155.325  151.906
 153.767  148.164
 149.607  154.952
 156.149  147.175
 160.756  149.808
 148.525  143.683
 137.587  156.783
 156.896  147.514
 146.635  160.760
 150.750  153.853
 155.755  151.126
 126.119  138.731
 138.493  146.083
 158.146  149.457
 155.420  154.540
 137.146  148.598
 129.798  148.388
 150.789  145.956
 155.507  154.308
 139.197  134.923
 139.124  146.678
 139.462  143.812
 150.776  150.440
 148.490  157.623
 156.280  156.100
 161.231  163.255
 142.875  154.123
 167.880  145.478
 155.969  152.864
 155.685  142.096
 156.638  153.490
 122.992  155.014
 158.461  157.221
 151.894  150.938
 152.373  147.584
 145.471  160.740
 107.652  139.844
 112.835  136.239
 109.657  139.742
 129.475  142.427
 143.380  147.083
 147.207  152.213
 153.142  152.154
 148.404  160.606
 156.046  145.971
 144.080  155.933
 152.214  152.119
 152.766  147.961
 138.338  158.391
 135.354  147.810
 152.712  139.322
 115.342  137.288
 162.297  156.881
 157.462  145.152
 148.284  150.614
 141.025  131.267
 145.078  159.655
 159.737  138.388
 134.763  141.131
 122.900  141.143
 139.687  146.874
 116.488  136.589
 122.059  153.615
  95.110  139.512
 110.222  152.888
  99.580  152.570
  93.959  147.518
 125.931  151.602
 130.780  146.201
 143.505  150.578
 152.411  147.706
 145.729  143.021
 156.301  142.950
 153.843  150.997
 138.019  147.745
 146.435  149.426
 119.107  148.406
 145.682  153.067
 143.972  151.556
 157.763  141.817
 142.670  143.055
 147.201  149.934
 149.272  141.545
 134.570  135.554
 154.903  154.402
 157.686  146.764
 152.672  148.440
 138.298  155.255
 140.688  138.574
 157.876  163.101
 152.299  147.870
 125.967  135.173
 116.906  145.585
 153.590  147.428
 132.942  160.019
 152.145  136.445
 163.615  142.848
 150.343  157.318
 105.078  154.773
 163.728  156.932
 144.482  153.573
 145.247  154.208
 148.544  150.527
 115.383  146.209
 138.884  152.287
 154.766  144.885
 144.281  152.557
 151.268  150.496
 145.972  141.753
 144.222  140.150
 161.193  165.589
 151.673  147.099
 155.409  145.162
 146.169  150.216
 144.054  150.025
 145.803  160.671
 145.598  145.950
 149.918  143.680
 148.280  145.038
 136.011  138.764
 144.898  160.352
 138.467  155.468
 159.847  157.898
 121.980  155.872
 150.021  153.615
 149.206  138.010
 146.351  131.738
 153.553  141.821
 153.027  143.079
 139.319  154.418
 143.822  136.147
 159.467  152.048
 162.483  142.172
 140.790  160.420
 145.674  155.188
 167.922  150.258
