  69.713  132.772
  60.420  135.127
  58.651  133.382
  74.771  130.577
  65.808  143.847
  67.484  138.938
  60.369  110.918
  62.152  132.483
  63.095  134.278
  54.152  118.011
  66.854  115.816
  77.460  124.968
  86.713  137.995
  68.602  137.498
  80.671  121.128
  73.660  119.361
  74.762  130.363
  71.273  131.526
  74.215  155.074
  72.772  135.883
  64.681  123.995
  67.682  139.762
  77.287  135.743
  67.689  130.504
  78.359  133.723
  60.879  137.255
  65.095  146.691
  71.120  134.363
  66.277  138.833
  69.447  133.925
  70.269  124.131
  62.584  119.585
  49.460  137.238
  66.184  124.459
  70.901  150.888
  69.720  130.276
  71.706  138.756
  53.975  155.446
  59.958  141.112
  73.816  125.234
  69.625  143.248
  73.387  116.663
  68.221  145.029
  71.556  132.840
  52.901  135.085
  62.348  116.932
  80.402  134.942
  66.574  135.729
  65.165  129.113
  67.975  131.033
  77.015  138.953
  66.980  146.109
  61.992  137.495
  81.124  128.956
  63.175  128.785
  67.666  124.278
  72.101  147.784
  66.887  149.555
  81.283  116.678
  56.303  123.307
  62.639  131.567
  62.556  135.112
  66.652  152.503
  65.686  128.276
  77.386  117.099
  66.467  136.208
  62.176  149.253
  71.728  138.069
  68.877  139.455
  67.913  138.244
  64.589  133.039
  65.835  144.910
  55.800  135.608
  67.681  117.882
  50.330  131.532
  66.270  130.598
  43.512  145.669
  62.174  137.266
  64.367  146.321
  71.055  152.365
  61.814  142.000
  70.479  137.115
  78.859  126.382
  64.317  112.272
  63.144  138.503
  65.664  132.910
  58.917  138.191
  63.824  144.176
  58.808  127.787
  70.305  129.320
  66.337  135.861
  72.068  139.868
  76.725  136.956
  51.847  139.299
  71.621  133.711
  63.119  147.121
  60.105  146.626
  69.118  134.707
  64.470  139.709
  70.384  135.341
  60.359  124.091
  62.750  128.749
  69.131  119.048
  54.696  149.753
  68.953  136.834
  74.385  123.034
  81.219  134.282
  58.806  119.608
  65.096  148.390
  51.865  145.614
  77.360  108.322
  71.473  130.149
  63.014  133.316
  70.995  133.987
  62.854  131.944
  67.542  150.351
  73.503  134.038
  61.258  128.474
  69.050  131.064
  61.915  127.348
  58.107  125.055
  60.807  128.751
  71.402  150.077
  65.231  146.743
  73.573  141.209
  55.886  107.246
  53.315  128.668
  71.323  138.839
  74.101  117.258
  75.780  133.176
  79.963  145.627
  73.786  130.331
  74.918  144.344
  63.838  141.373
  83.449  143.846
  49.917  139.003
  56.765  128.090
  72.074  125.558
  61.532  127.770
  70.254  133.716
  77.477  130.750
  56.147  143.686
  73.687  143.806
  69.135  141.021
  62.233  158.253
  73.482  140.453
  62.272  136.006
  80.969  134.475
  68.829  144.970
  62.454  139.290
  71.700  138.920
  59.728  135.197
  61.633  137.286
  66.110  154.870
  73.359  152.801
  76.403  145.448
  78.742  126.460
  71.900  135.327
  72.862  142.205
  65.104  145.240
  65.356  128.438
  55.594  136.569
  55.004  136.233
  62.170  133.458
  61.020  140.199
  73.080  134.684
  58.776  126.718
  61.254  141.835
  60.169  126.267
  68.030  126.920
  60.011  148.989
  71.813  138.381
  78.475  132.915
  78.075  136.978
  67.669  146.890
  66.609  122.629
  73.717  130.911
  69.591  131.674
  67.576  140.878
  63.991  124.711
  77.794  140.911
  71.639  146.181
  65.113  134.534
  62.304  130.191
  62.442  127.063
  61.611  144.544
  55.438  141.572
  72.487  147.924
  59.558  135.988
  75.728  139.893
  74.509  146.956
  64.661  150.353
  66.553  138.553
  63.149  121.991
  57.985  133.188
  68.746  121.033
  53.296  143.513
  74.788  128.353
  75.188  137.742
  71.600  145.766
  61.987  136.476
  67.023  130.287
  75.731  125.528
  59.223  136.360
  67.714  143.008
  72.350  129.551
  81.114  143.242
  71.180  146.827
  70.122  139.020
  70.480  146.195
  67.181  132.031
  64.138  139.423
  56.230  144.494
  72.957  144.502
  73.130  144.243
  57.357  145.515
  67.472  141.243
  78.829  134.128
  69.491  129.598
  69.388  139.103
  53.543  121.705
  63.255  145.708
  68.407  135.040
  51.380  139.913
  80.638  125.984
  70.644  147.703
  75.468  137.356
  74.165  140.363
  57.345  133.983
  63.069  143.713
  64.401  133.554
  59.735  146.242
  65.676  142.522
  66.957  135.838
  69.199  155.350
  83.027  134.360
  64.951  141.651
  70.749  125.135
  79.225  131.975
  73.488  140.322
  69.904  139.295
  70.897  121.380
  65.201  126.085
  65.840  134.980
  70.620  130.588
  67.475  141.084
  52.291  149.658
  67.171  140.969
  66.608  145.783
  72.169  136.717
  75.000  135.533
  65.646  129.423
  74.819  139.746
  57.110  135.368
  59.539  143.846
  68.335  127.291
  65.059  132.286
  74.110  131.823
  71.662  143.194
  72.146  129.127
  67.893  131.014
  64.506  123.411
  71.203  130.903
  55.992  131.832
  58.570  124.967
  68.775  110.703
  66.522  130.835
  58.028  137.512
  61.826  142.670
  81.111  135.013
  55.676  132.649
  70.525  148.306
  79.962  140.188
  64.641  130.251
  66.970  133.206
  72.888  146.097
  59.435  125.068
  67.685  123.952
  57.787  146.343
  70.164  136.100
  59.608  142.513
  70.996  155.696
  68.193  131.635
  55.770  129.826
  66.925  142.898
  66.619  132.096
  67.695  132.298
  56.792  135.680
  61.237  146.615
  69.290  141.617
  84.904  138.455
  62.258  144.604
  80.099  141.223
  56.615  135.092
  77.168  134.731
  62.690  134.330
  68.899  151.997
  63.659  124.441
  72.966  132.405
  64.547  136.709
  58.667  129.160
  73.665  144.478
  67.130  139.903
  69.240  124.603
  73.612  131.258
  65.654  134.623
  54.903  137.182
  56.540  118.703
  60.247  139.245
  66.606  132.805
  59.099  139.200
  76.531  128.228
  72.478  136.537
  74.323  127.893
  67.104  143.581
  75.094  140.283
  68.546  134.953
  64.550  143.959
  76.048  130.211
  58.283  134.859
  78.073  138.332
  65.831  117.071
  73.102  138.406
  59.812  134.017
  70.040  132.760
  62.495  143.479
  80.359  130.695
  61.662  138.173
  63.053  146.454
  67.816  137.752
  69.557  131.946
  70.225  143.483
  67.666  134.057
  71.119  135.901
  80.584  123.703
  75.867  143.629
  75.761  135.378
  67.384  139.362
  57.640  134.781
  57.852  135.933
  68.338  142.121
  73.147  140.179
  70.951  135.641
  63.232  138.094
  70.212  142.479
  77.477  136.554
  56.498  138.155
  68.169  130.441
  58.865  117.729
  65.496  148.592
  70.672  141.941
  68.867  143.869
  59.387  131.229
  60.391  114.191
  62.177  134.367
  62.667  137.683
  57.792  135.624
  61.502  136.714
  77.752  142.234
  86.245  135.639
  70.161  144.612
  75.364  139.489
  72.891  140.526
  72.016  131.257
  65.458  149.621
  58.945  143.322
  67.180  132.451
  57.062  135.033
  83.045  145.951
  65.477  148.027
  69.749  139.102
  56.711  139.823
  61.989  143.095
  62.672  135.549
  67.075  131.474
  71.920  133.930
  69.146  138.972
  70.741  145.691
  72.063  137.641
  71.977  128.195
  48.051  139.023
  70.242  110.527
  57.215  125.737
  69.408  134.858
  66.998  123.552
  54.708  130.257
  74.424  138.460
  51.766  133.644
  70.464  136.972
  67.083  137.589
  77.727  137.659
  69.546  123.263
  71.540  136.108
  66.502  150.076
  68.923  130.689
  63.011  147.761
  66.105  143.445
  61.442  149.853
  77.129  130.651
  74.596  146.675
  63.582  134.512
  65.595  151.842
  54.531  138.307
  74.849  143.529
  70.374  131.409
  64.020  133.810
  72.800  149.922
  74.531  135.526
  52.116  131.996
  60.160  147.167
  60.269  144.082
  56.344  131.845
  72.264  136.211
  71.986  154.658
  66.299  147.743
  72.415  138.309
  68.653  119.995
  61.734  134.738
  64.856  145.470
  63.920  115.239
  65.023  143.290
  65.032  144.163
  56.806  153.548
  67.901  127.532
  66.983  135.654
  71.336  148.639
  68.724  135.342
  70.187  131.781
  69.470  138.972
  56.087  114.308
  64.395  140.016
  65.330  154.890
  74.346  145.408
  70.456  134.068
  61.147  125.509
  65.600  132.729
  75.317  130.039
  65.683  145.362
  59.737  131.722
  67.880  147.088
  64.296  132.817
  66.898  132.576
  69.491  139.082
  64.400  131.545
  81.975  129.306
  65.080  142.963
  76.207  140.681
  71.883  123.962
  63.508  139.840
  61.199  130.686
  60.833  135.283
  66.590  126.428
  67.510  131.862
  76.188  123.500
  56.909  139.333
  63.595  137.096
  60.422  144.121
  74.484  123.850
  66.887  130.461
  67.664  131.985
  62.253  122.064
  65.245  141.764
  73.618  116.194
  73.632  154.861
  80.586  122.438
  54.686  128.713
  70.033  142.101
  77.335  143.054
  69.017  118.964
  90.109  135.622
  73.093  139.272
  67.466  130.153
  71.302  137.585
  56.043  142.622
  60.444  134.064
  58.262  134.196
  66.628  121.800
  65.079  158.204
  68.803  134.452
  58.146  143.791
  69.307  146.757
  53.945  143.130
  71.057  131.632
  57.254  125.865
  70.562  132.480
  76.670  132.794
  76.251  148.656
  77.638  156.372
  61.425  136.572
  82.979  128.589
  65.504  136.953
  67.433  131.306
  74.231  149.496
  67.839  129.678
  80.955  138.766
  63.536  150.905
  69.012  131.917
  68.623  142.091
  63.355  134.578
  67.190  131.227
  65.278  139.609
  63.382  134.918
  80.255  142.356
  76.700  147.585
  61.652  147.784
  63.476  131.897
  72.659  141.403
  74.141  144.122
  70.513  137.972
  74.125  125.984
  74.045  148.746
  58.889  124.862
  67.586  133.170
  64.912  143.379
  62.182  146.668
  73.021  136.941
  69.195  140.793
  70.169  130.143
  81.317  137.640
  79.760  138.222
  55.466  118.047
  63.177  129.925
  73.803  140.579
  74.244  134.779
  68.796  124.585
  74.367  131.375
  70.608  144.900
  59.172  137.712
  54.935  127.431
  77.837  129.517
  66.719  151.463
  65.322  130.408
  71.647  135.496
  71.508  126.296
  76.413  131.971
  67.528  130.240
  78.334  138.775
  54.540  122.534
  67.491  140.466
  71.807  145.599
  60.452  141.819
  72.940  133.345
  56.959  126.348
  66.858  131.611
  67.335  146.669
  66.519  143.862
  48.687  141.734
  67.778  143.438
  77.578  138.773
  61.971  124.755
  63.652  136.237
  61.717  132.679
  67.413  123.701
  61.194  144.850
  60.819  138.042
  64.720  128.989
  71.464  129.268
  68.025  108.577
  76.478  125.597
  66.940  127.480
  67.269  124.364
  83.009  135.727
  63.837  139.300
  67.317  125.734
  77.039  137.423
  72.085  126.233
  67.322  144.481
  64.149  130.584
  70.092  134.747
  72.898  148.917
  67.346  148.347
  65.953  139.117
  77.806  140.183
  75.520  134.299
  62.381  140.196
  61.157  133.298
  72.474  136.691
  56.562  120.812
  67.712  124.299
  61.950  134.230
  61.143  144.615
  73.648  132.435
  65.502  123.279
  64.732  162.069
  69.541  123.636
  68.856  132.249
  65.107  134.610
  62.913  143.795
  55.466  130.307
  72.558  145.390
  69.528  143.400
  67.361  142.990
  70.453  138.446
  68.571  124.808
  60.578  139.082
  76.396  144.602
  59.731  144.535
  70.022  134.787
  66.007  123.968
  67.219  139.777
  65.776  123.504
  75.656  125.383
  81.996  131.360
  75.175  143.076
  70.719  145.205
  72.759  141.261
  59.221  144.140
  73.268  137.910
  64.637  142.505
  56.618  135.068
  73.103  150.437
  70.154  135.529
  69.286  123.773
  54.450  127.251
  62.142  132.530
  78.743  138.218
  72.741  137.249
  68.826  130.606
  65.589  128.949
  66.257  120.879
  66.763  138.164
  68.857  121.849
  72.233  135.816
  58.976  131.768
  61.192  129.892
  79.997  130.923
  83.475  115.927
  74.841  140.411
  59.033  129.004
  69.448  131.778
  61.361  134.228
  59.666  135.191
  67.893  111.287
  69.532  129.591
  68.873  142.810
  70.615  145.696
  67.208  131.954
  65.039  138.913
  66.850  133.330
  75.948  131.725
  68.711  145.225
  67.239  141.216
  71.509  143.800
  69.254  139.800
  70.539  140.498
  59.231  137.277
  60.379  134.644
  71.185  136.295
  54.182  120.891
  70.648  144.489
  77.118  133.051
  64.402  143.979
  65.139  152.622
  66.346  141.181
  72.962  146.934
  68.712  134.615
  61.446  121.892
  71.181  143.624
  55.066  139.000
  83.999  130.436
  74.735  131.925
  61.409  145.266
  73.439  152.479
  74.189  154.256
  64.100  156.793
  63.817  151.401
  70.302  129.592
  71.981  141.459
  77.983  133.523
  68.143  142.022
  63.020  147.755
  65.975  138.719
  63.135  142.090
  74.275  140.107
  68.472  134.647
  65.462  129.232
  73.214  127.463
  63.657  118.161
  68.206  131.641
  50.633  143.177
  58.860  122.681
  60.454  142.223
  73.024  144.486
  71.541  139.069
  62.821  151.003
  60.029  130.529
  65.367  140.918
  71.984  134.702
  67.533  152.309
  67.114  144.905
  60.471  147.111
  55.358  143.849
  82.153  139.586
  57.647  145.944
  75.502  131.784
  57.446  145.216
  59.449  126.524
  72.888  136.716
  64.166  134.473
  74.497  141.063
  73.977  134.877
  55.447  141.543
  71.482  145.474
  59.202  140.391
  58.158  147.668
  61.193  138.819
  74.025  149.090
  68.587  134.875
  71.522  144.006
  75.310  145.499
  73.736  135.309
  68.097  140.599
  63.406  146.718
  77.908  145.025
  59.748  137.789
  72.821  144.703
  64.179  146.265
  81.237  147.060
  55.570  138.452
  55.934  127.758
  79.791  128.179
  67.765  145.709
  60.749  134.970
  66.803  126.017
  70.644  120.956
  66.812  115.300
  62.840  131.650
  69.208  128.875
  64.251  128.771
  67.836  133.339
  70.699  153.247
  72.133  137.726
  78.566  122.296
  58.326  131.999
  71.250  146.921
  72.929  130.777
  72.495  138.010
  71.970  137.232
  69.680  129.633
  82.828  136.506
  78.385  125.075
  68.642  133.533
  76.683  141.817
  76.081  129.134
  70.678  140.191
  70.341  136.298
  66.319  146.410
  72.429  135.492
  61.757  122.080
  71.290  141.060
  83.907  132.352
  57.720  138.831
  73.515  138.445
  58.600  152.397
  70.312  127.760
  78.160  147.221
  69.373  147.246
  59.170  147.315
  64.483  138.762
  68.947  131.142
  70.762  143.360
  73.623  125.798
  68.917  144.393
  77.547  133.069
  80.562  132.341
  78.442  140.189
  71.729  146.362
  57.287  128.108
  56.061  130.075
  62.701  136.444
  75.391  140.164
  62.407  132.051
  81.114  143.851
  73.426  116.183
  58.142  128.853
  64.502  146.272
  72.653  135.284
  61.398  135.857
  65.871  128.396
  78.454  123.227
  82.793  145.630
  71.200  127.875
  55.665  143.581
  72.455  139.863
  64.058  128.023
  77.467  132.586
  60.998  129.321
  62.722  125.630
  67.984  129.070
  76.260  135.817
  67.985  136.587
  72.031  129.715
  59.329   93.201
  56.278  108.578
  73.270  137.706
  68.407  127.477
  67.844  140.771
  68.600  136.236
  77.441  143.769
  68.491  143.545
  55.517  145.225
  65.297  140.797
  68.840  147.003
  61.334  127.987
  77.494  144.768
  59.902  138.324
  60.560  148.353
  72.552  134.696
  71.242  128.719
  76.968  136.998
  76.248  136.624
  77.044  140.383
  70.546  129.366
  69.952  145.562
  71.661  136.932
  57.026  141.770
  56.012  132.656
  70.055  135.845
  68.551  126.454
  68.895  142.627
  48.981  123.405
  75.239  147.074
  72.075  136.643
  67.211  113.515
  63.042  144.100
  61.739  134.441
  67.771  134.149
  61.377  133.879
  65.254  137.921
  62.770  132.525
  72.878  137.203
  60.253  127.266
  67.471  141.587
  66.184  132.506
  71.068  113.232
  79.374  142.167
  73.944  143.469
  67.274  146.530
  75.694  138.624
  74.113  136.037
  53.952  143.840
  66.442  135.082
  62.698  144.491
  84.466  137.928
  69.315  132.167
  58.571  130.267
  60.145  129.942
  67.623  126.705
  70.843  121.363
  67.759  142.557
  70.068  146.222
  71.029  142.304
  81.663  154.629
  64.235  138.808
  64.063  137.377
  72.880  114.716
  58.129  109.380
  66.329  141.731
  59.492  132.045
  66.859  136.330
  62.983  139.587
  79.520  133.425
  80.776  130.843
  80.352  117.315
  66.693  132.086
  68.746  134.352
  76.335  132.668
  72.214  139.882
  76.351  123.386
  74.124  135.777
  72.877  146.501
  72.448  136.455
  70.434  139.278
  70.299  127.766
  72.551  146.996
  72.706  122.193
  66.485  147.839
  69.311  142.571
  66.316  121.169
  75.749  140.925
  68.101  146.613
  66.794  135.865
  70.928  141.272
  59.847  139.696
  56.574  153.222
  76.622  131.758
  77.194  141.980
  69.165  148.968
  67.709  124.969
  52.134  110.878
  71.764  135.695
  77.412  129.117
  49.421  136.414
  72.369  136.936
  57.797  142.065
  65.804  139.684
  71.872  128.730
  75.522  139.054
  72.897  138.325
  56.769  125.751
  65.412  128.670
  55.158  138.864
  58.989  143.430
  59.718  137.028
  75.368  146.141
  73.272  142.069
  78.598  133.521
  55.401  134.989
  67.430  129.826
  69.917  141.479
  69.387  140.556
  53.891  136.803
  67.209  122.713
  64.838  137.114
  78.394  143.015
  68.044  127.003
  55.038  155.178
  65.590  140.247
  58.529  146.014
  67.619  146.436
  59.245  154.591
  69.297  140.291
  65.575  138.788
  74.148  125.847
  58.462  145.634
  67.491  125.082
  66.669  151.244
  79.101  138.078
  57.826  149.699
  71.644  136.721
  65.200  138.424
  59.521  136.427
  72.748  123.249
  73.694  133.250
  65.754  132.606
  67.180  132.820
  66.302  135.652
  62.826  130.962
  75.835  118.335
  71.623  142.509
  71.471  142.554
  73.081  146.068
  63.088  142.955
  61.653  144.076
  74.388  144.839
  68.402  128.985
  49.738  128.361
  66.041  121.276
  63.730  136.474
  64.355  142.525
  74.868  143.840
  74.727  140.211
  61.900  145.140
  63.258  124.478
  64.040  128.502
  72.452  136.837
  61.797  136.389
  69.873  140.237
  65.431  143.942
  66.014  143.675
  62.349  128.966
  69.007  134.670
  77.501  134.472
  70.106  130.122
  73.004  148.119
  55.744  136.978
  72.414  144.987
  68.802  138.788
  76.833  135.817
  58.117  147.340
  74.035  126.490
  64.081  124.437
  59.551  150.610
  76.861  155.073
  69.709  142.097
  78.340  137.039
  71.244  131.847
  67.075  136.102
  60.360  131.894
  68.142  140.214
  68.834  135.286
  63.691  153.494
  59.440  133.948
  73.584  129.095
  74.313  121.375
  74.652  141.904
  73.006  140.689
  64.388  139.199
  61.283  146.306
  64.644  129.516
  62.642  140.808
  67.268  133.021
  68.093  122.568
  52.596  129.581
  61.884  122.444
  71.782  138.016
  76.565  121.990
  49.316  131.703
  67.130  131.090
  58.420  135.255
