 -72.300  146.338
 -70.499  155.680
 -70.273  156.474
 -71.047  147.894
 -84.443  165.616
 -79.903  150.321
 -77.754  144.135
 -80.575  143.479
 -67.567  142.445
 -76.162  150.835
 -60.763  152.335
 -87.413  144.888
 -69.433  154.637
 -66.815  148.943
 -68.817  147.261
 -81.403  138.603
 -70.107  148.018
 -68.098  141.011
 -67.457  142.553
 -72.257  158.826
 -71.343  156.384
 -79.258  150.486
 -77.353  156.791
 -78.209  149.627
 -74.186  157.176
 -83.139  155.014
 -80.960  128.492
 -75.994  145.086
 -79.231  149.738
 -70.231  141.358
 -77.419  130.093
 -81.115  146.338
 -70.628  146.929
 -66.533  152.001
 -79.646  160.236
 -69.147  141.393
 -90.363  148.826
 -69.188  144.177
 -75.248  148.048
 -70.828  151.708
 -69.637  152.463
 -68.365  151.000
 -72.828  144.684
 -84.952  156.105
 -71.870  160.073
 -80.399  143.412
 -67.389  146.717
 -70.594  155.823
 -70.513  142.948
 -71.519  141.361
 -79.676  147.192
 -75.400  148.923
 -77.100  145.737
 -73.349  146.739
 -73.893  144.948
 -71.422  156.886
 -81.514  149.244
 -58.646  147.939
 -85.422  148.925
 -76.522  150.235
 -75.312  156.209
 -74.315  145.655
 -80.813  152.840
 -89.656  153.871
 -75.391  153.862
 -84.491  159.179
 -69.755  143.443
 -68.722  147.601
 -78.529  155.280
 -78.778  139.277
 -82.541  146.627
 -68.164  148.460
 -79.842  142.541
 -73.905  158.086
 -80.500  151.703
 -76.461  148.363
 -60.236  146.730
 -73.897  149.882
 -72.153  150.057
 -64.112  142.794
 -73.633  137.362
 -90.891  155.076
 -71.140  145.410
 -71.370  150.850
 -75.572  152.455
 -67.608  145.475
 -68.788  147.435
 -71.812  140.969
 -68.940  155.646
 -66.738  148.531
 -71.162  148.354
 -72.097  159.516
 -64.553  146.838
 -60.584  140.379
 -82.017  141.800
 -76.340  156.134
 -73.929  145.399
 -74.796  143.583
 -57.983  159.596
 -87.364  142.665
 -81.737  164.844
 -77.087  153.558
 -67.724  151.638
 -80.390  139.868
 -82.367  152.935
 -71.511  158.958
 -81.648  150.694
 -67.137  140.249
 -73.905  143.735
 -68.776  153.116
 -77.682  151.042
 -73.837  140.417
 -75.042  129.211
 -82.241  139.609
 -67.187  131.699
 -57.215  145.210
 -84.233  143.948
 -64.013  157.055
 -70.406  145.576
 -70.006  153.962
 -66.778  153.928
 -72.460  149.417
 -67.282  147.491
 -68.171  146.287
 -76.694  146.829
 -61.673  151.791
 -83.705  142.740
 -67.478  151.585
 -73.711  157.152
 -66.561  164.118
 -77.846  142.682
 -75.689  152.629
 -67.095  146.142
 -76.947  139.565
 -81.741  164.963
 -73.946  154.528
 -73.300  144.344
 -74.110  140.169
 -72.447  153.346
 -74.070  154.750
 -89.884  152.771
 -71.834  140.885
 -77.223  143.917
 -68.292  132.331
 -76.835  153.067
 -58.051  135.094
 -70.890  155.868
 -88.739  146.437
 -67.096  146.362
 -66.337  145.789
 -71.558  145.135
 -62.703  139.556
 -65.458  141.512
 -81.664  145.586
 -72.408  146.490
 -75.208  149.865
 -67.601  151.989
 -68.685  154.584
 -73.977  130.332
 -71.472  149.287
 -65.535  153.086
 -74.518  148.282
 -64.933  143.780
 -83.471  142.063
 -77.402  156.510
 -65.360  131.368
 -78.801  153.487
 -73.037  143.580
 -91.644  156.820
 -64.892  144.541
 -71.033  151.030
 -75.115  154.645
 -80.962  157.532
 -78.113  143.178
 -77.756  143.679
 -66.301  141.736
 -72.641  145.975
 -59.526  146.394
 -62.705  168.341
 -65.546  130.902
 -55.694  166.313
 -73.967  165.961
 -61.073  152.551
 -76.418  155.094
 -76.709  138.831
 -64.525  140.652
 -71.165  148.000
 -75.011  139.035
 -79.004  141.568
 -72.017  146.645
 -76.850  148.422
 -77.595  151.189
 -77.578  138.319
 -74.882  155.453
 -67.858  135.596
 -74.447  146.219
 -77.151  150.075
 -63.202  145.579
 -73.481  152.510
 -74.311  145.642
 -80.936  152.748
 -71.030  147.859
 -78.172  147.457
 -69.983  152.059
 -65.486  149.852
 -78.521  153.820
 -75.934  143.798
 -68.737  155.725
 -61.154  149.290
 -59.796  146.991
 -68.961  163.262
 -82.834  138.155
 -82.262  150.615
 -67.953  155.870
 -83.762  132.726
 -82.083  151.676
 -72.483  144.655
 -67.302  138.071
 -68.725  141.216
 -72.484  165.268
 -60.373  148.910
 -76.564  155.840
 -68.837  146.490
 -66.857  156.091
 -94.266  163.337
 -63.843  137.670
 -89.710  143.641
 -61.070  142.260
 -72.550  157.522
 -75.375  150.287
 -69.853  150.065
 -85.258  157.881
 -71.754  152.098
 -76.736  144.406
 -85.825  157.638
 -73.010  144.109
 -70.820  150.309
 -80.323  158.036
 -85.108  153.973
 -58.856  161.072
 -75.748  140.221
 -79.714  148.558
 -74.204  149.940
 -68.690  157.630
 -85.437  151.187
 -75.554  149.300
 -73.438  151.156
 -75.368  155.624
 -60.012  142.965
 -78.778  145.917
 -80.549  143.084
 -80.743  157.557
 -67.028  151.593
 -79.442  148.604
 -77.587  166.952
 -78.014  145.443
 -72.608  142.780
 -69.806  150.591
 -58.263  147.344
 -69.604  153.693
 -67.592  143.155
 -85.981  167.179
 -86.671  144.858
 -59.851  149.781
 -72.528  136.669
 -79.870  135.374
 -66.705  151.858
 -77.730  149.736
 -70.683  148.995
 -73.444  149.869
 -79.232  133.068
 -67.910  145.336
 -76.638  158.025
 -85.622  152.178
 -63.199  142.705
 -81.984  135.244
 -72.651  130.407
 -77.729  155.248
 -78.489  150.176
 -65.339  135.250
 -77.491  152.726
 -73.695  151.558
 -61.603  146.331
 -80.568  138.326
 -79.592  146.397
 -76.686  150.155
 -84.297  147.365
 -82.701  156.891
 -73.203  147.453
 -66.181  159.820
 -85.505  157.392
 -80.121  162.869
 -50.711  155.599
 -66.239  132.121
 -71.175  156.219
 -80.118  148.338
 -80.698  149.657
 -77.515  159.461
 -72.613  143.786
 -67.344  149.782
 -61.773  148.876
 -79.160  158.029
 -75.534  147.558
 -79.003  139.660
 -67.497  148.163
 -90.329  150.603
 -74.733  165.586
 -70.960  143.529
 -83.320  154.228
 -67.493  157.646
 -80.547  144.009
 -76.391  136.265
 -72.322  149.208
 -71.077  152.354
 -64.684  151.719
 -80.470  143.859
 -70.436  149.192
 -65.751  148.897
 -79.139  145.419
 -74.994  135.801
 -79.295  146.624
 -71.426  154.342
 -79.752  148.244
 -71.976  145.785
 -74.389  144.698
 -66.403  165.224
 -65.172  146.109
 -72.548  148.532
 -78.997  148.412
 -86.334  160.379
 -75.808  153.016
 -85.016  160.875
 -72.712  140.738
 -73.111  153.524
 -77.385  157.134
 -57.428  151.037
 -68.361  161.986
 -73.157  147.730
 -80.459  159.971
 -67.677  148.196
 -80.006  145.659
 -65.498  151.949
 -66.758  148.020
 -77.429  154.561
 -77.182  154.006
 -81.550  145.648
 -77.348  154.458
 -82.561  155.269
 -71.747  139.277
 -75.749  154.104
 -79.741  163.153
 -74.495  153.809
 -82.660  147.455
 -80.411  140.583
 -71.282  154.743
 -73.438  147.315
 -80.678  157.414
 -75.279  141.019
 -83.542  148.372
 -62.905  154.870
 -78.809  140.862
 -75.095  155.862
 -72.592  150.643
 -75.949  144.088
 -83.840  155.811
 -69.439  149.657
 -84.038  153.838
 -69.994  144.481
 -68.215  144.953
 -65.836  140.194
 -70.524  135.508
 -73.703  140.096
 -84.468  150.222
 -67.730  142.905
 -65.658  155.344
 -63.977  158.698
 -71.020  140.009
 -71.169  155.315
 -79.459  144.670
 -70.023  145.506
 -77.460  143.246
 -82.003  147.818
 -75.107  150.779
 -67.356  142.613
 -83.102  136.861
 -74.058  152.302
 -70.912  147.312
 -67.073  139.903
 -69.869  151.377
 -81.418  150.273
 -65.051  165.876
 -76.046  148.298
 -73.072  142.754
 -68.238  149.613
 -78.669  164.121
 -76.253  146.017
 -77.648  147.089
 -65.615  140.089
 -67.354  152.817
 -63.255  135.939
 -78.642  137.673
 -79.313  150.606
 -74.687  144.753
 -75.913  149.551
 -73.393  144.194
 -66.654  145.902
 -75.487  151.535
 -84.973  145.282
 -61.046  141.591
 -69.652  153.245
 -68.327  144.037
 -80.848  169.834
 -70.114  159.145
 -61.319  160.751
 -76.562  156.056
 -75.261  135.584
 -78.617  152.777
 -87.519  156.069
 -63.208  159.008
 -79.497  152.858
 -69.642  139.908
 -71.821  146.346
 -89.470  131.691
 -80.599  156.782
 -64.911  152.783
 -71.583  147.599
 -69.510  142.464
 -75.351  161.506
 -89.115  157.741
 -76.144  141.289
 -85.834  157.139
 -82.557  155.763
 -87.470  147.292
 -70.854  147.757
 -68.454  154.818
 -72.603  154.680
 -70.449  159.796
 -76.578  161.733
 -68.337  140.485
 -81.826  138.455
 -78.467  144.906
 -79.082  147.175
 -80.342  150.094
 -80.183  151.342
 -60.021  146.647
 -89.489  147.440
 -78.569  154.121
 -77.342  155.176
 -72.970  144.121
 -78.284  149.499
 -64.647  147.982
 -83.776  157.027
 -69.307  146.596
 -65.530  150.036
 -77.041  161.938
 -80.005  155.367
 -75.635  138.851
 -74.314  141.879
 -74.035  146.930
 -80.407  152.828
 -67.077  149.219
 -68.145  150.298
 -73.857  160.009
 -76.753  155.658
 -78.333  150.597
 -65.986  143.293
 -76.885  145.781
 -77.921  157.333
 -71.255  134.472
 -73.365  163.886
 -69.534  152.926
 -62.409  152.749
 -66.153  147.667
 -50.386  129.967
 -81.538  166.533
 -87.670  149.979
 -71.861  146.402
 -74.114  137.438
 -65.136  161.706
 -78.277  149.334
 -76.369  147.592
 -70.621  154.318
 -74.078  140.797
 -76.105  150.618
 -80.494  147.296
 -67.874  140.512
 -66.194  146.762
 -73.439  152.306
 -75.895  154.122
 -81.425  155.262
 -63.929  145.815
 -74.834  141.496
 -81.292  143.002
 -62.434  154.136
 -61.378  144.664
 -72.351  158.865
 -81.966  148.436
 -74.260  137.547
 -71.025  152.284
 -72.628  139.537
 -89.657  143.476
 -69.845  157.152
 -76.570  138.605
 -82.384  146.118
 -66.742  141.624
 -65.981  149.667
 -85.265  142.928
 -78.321  148.073
 -71.947  139.154
 -68.268  155.964
 -69.849  138.078
 -67.120  154.579
 -79.000  141.811
 -72.962  148.494
 -69.928  162.212
 -70.115  143.647
 -90.967  136.220
 -80.039  155.178
 -79.101  157.690
 -77.768  142.701
 -67.980  146.968
 -72.814  141.953
 -73.265  140.691
 -73.256  151.140
 -79.056  158.741
 -65.899  157.657
 -73.960  147.052
 -74.544  143.803
 -78.566  154.222
 -82.518  148.752
 -72.220  161.278
 -69.944  154.446
 -75.722  149.540
 -78.984  147.756
 -71.572  150.080
 -71.667  152.302
 -76.626  158.036
 -88.060  141.285
 -59.786  142.859
 -60.178  139.507
 -71.807  141.756
 -62.279  145.052
 -72.346  143.741
 -76.991  145.205
 -79.669  143.370
 -76.091  138.638
 -83.557  146.947
 -70.127  155.415
 -81.930  154.336
 -61.933  153.461
 -81.447  154.271
 -69.221  168.174
 -68.216  153.190
 -80.794  161.058
 -62.189  147.742
 -71.235  153.371
 -68.255  153.330
 -78.841  144.142
 -75.200  148.878
 -73.386  149.863
 -77.819  153.715
 -59.250  153.685
 -59.164  148.779
 -72.306  139.110
 -86.908  151.902
 -73.860  142.469
 -70.269  152.652
 -80.798  143.810
 -69.631  142.354
 -79.263  147.899
 -74.967  138.881
 -80.073  152.500
 -87.967  146.023
 -72.625  143.366
 -70.452  148.365
 -81.629  157.399
 -66.660  146.761
 -86.045  155.650
 -62.391  138.088
 -79.136  154.629
 -70.294  151.335
 -71.845  148.337
 -71.812  152.302
 -85.404  143.863
-100.270  143.654
 -76.978  148.535
 -68.271  154.164
 -76.592  153.094
 -72.123  158.849
 -68.450  150.585
 -93.533  157.149
 -67.518  144.873
 -72.580  141.656
 -78.689  143.704
 -76.142  160.744
 -98.187  154.965
 -62.966  146.759
 -74.108  155.994
 -78.737  150.673
 -78.649  152.600
 -75.190  152.011
 -73.347  151.861
 -67.485  155.866
 -72.791  149.898
 -73.861  156.284
 -65.170  154.408
 -77.076  148.405
 -69.028  152.230
 -53.689  138.154
 -71.227  143.785
 -81.532  154.931
 -64.775  147.225
 -75.625  149.264
 -81.772  147.443
 -90.186  162.704
 -72.815  146.217
 -70.441  161.594
 -67.441  146.303
 -72.572  142.222
 -56.471  158.303
 -81.891  153.516
 -68.284  154.060
 -77.618  148.694
 -70.020  146.014
 -65.707  147.909
 -78.648  157.972
 -72.542  151.687
 -83.715  157.409
 -78.857  156.112
 -72.992  139.268
 -74.175  145.904
 -71.670  156.144
 -72.496  150.555
 -61.435  158.619
 -71.345  148.578
 -70.283  155.298
 -79.133  150.675
 -69.471  140.453
 -65.884  134.499
 -74.288  155.475
 -75.944  145.133
 -73.199  139.571
 -84.354  144.969
 -71.509  152.578
 -88.243  142.681
 -79.939  146.515
 -78.531  146.201
 -83.118  138.996
 -78.090  138.593
 -70.510  131.555
 -76.021  141.659
 -70.204  151.885
 -75.092  147.174
 -68.516  156.756
 -85.176  150.407
 -76.116  156.716
 -66.492  155.207
 -58.547  147.805
 -66.978  152.394
 -70.256  145.140
 -73.942  155.133
 -74.722  150.233
 -73.216  140.461
 -63.001  143.869
 -70.054  148.967
 -57.932  144.537
 -62.398  159.030
 -76.190  148.553
 -76.247  146.349
 -74.519  146.526
 -70.440  149.389
 -68.991  154.257
 -59.710  149.537
 -69.773  138.619
 -73.848  157.981
 -82.127  159.299
 -83.099  157.200
 -73.136  160.008
 -85.009  148.323
 -74.160  152.593
 -79.207  136.056
 -76.547  143.992
 -71.589  155.044
 -75.201  163.672
 -70.176  162.560
 -71.033  148.350
 -70.294  162.227
 -73.342  159.525
 -76.523  142.280
 -73.745  154.312
 -68.693  137.698
 -75.526  159.151
 -75.536  143.201
 -69.707  139.107
 -76.331  155.200
 -85.583  153.962
 -74.874  150.967
 -67.254  154.998
 -76.855  145.462
 -78.959  146.273
 -73.334  149.841
 -62.810  156.317
 -68.650  155.814
 -70.947  133.919
 -80.969  159.118
 -65.599  168.373
 -81.347  147.848
 -67.136  163.780
 -77.487  158.826
 -70.360  139.770
 -76.348  142.073
 -79.791  142.706
 -72.865  152.031
 -65.646  149.140
 -71.254  155.268
 -80.282  158.755
 -77.111  136.458
 -65.920  143.238
 -65.894  156.030
 -80.261  154.222
 -60.640  144.138
 -74.233  143.187
 -83.366  154.014
 -60.783  160.686
 -73.044  145.104
 -81.769  157.239
 -68.077  152.613
 -72.998  150.943
 -84.980  136.695
 -67.343  149.817
 -82.028  151.632
 -75.049  152.813
 -71.754  132.837
 -73.434  149.888
 -93.053  134.732
 -76.612  153.849
 -84.851  155.126
 -61.011  137.888
 -76.119  150.401
 -83.136  157.017
 -79.330  150.325
 -82.493  149.177
 -72.291  145.963
 -68.216  152.162
 -82.441  149.253
 -62.304  134.496
 -67.996  141.331
 -75.445  140.255
 -80.072  151.226
 -77.844  141.394
 -70.259  145.629
 -73.090  143.510
 -83.953  167.257
 -74.187  157.239
 -78.217  148.482
 -61.889  145.876
 -67.890  155.737
 -94.578  145.569
 -58.773  151.779
 -77.480  148.616
 -73.956  153.266
 -69.435  149.542
 -74.255  156.506
 -70.958  151.398
 -81.704  148.679
 -67.564  147.604
 -72.220  154.473
 -75.399  147.337
 -77.419  149.483
 -66.370  138.267
 -67.205  145.038
 -60.800  155.850
 -81.677  148.355
 -69.529  149.375
 -63.736  152.634
 -72.170  154.619
 -78.018  147.862
 -73.434  157.340
 -69.701  143.111
 -71.036  142.220
 -78.080  141.090
 -67.675  146.951
 -62.582  163.084
 -78.595  157.133
 -69.805  147.028
 -73.791  158.227
 -86.867  146.695
 -77.846  147.478
 -74.802  152.273
 -78.662  143.994
 -75.174  150.680
 -74.568  153.516
 -63.901  149.712
 -64.774  153.010
 -60.319  143.835
 -59.977  156.695
 -68.469  153.788
 -72.394  156.266
 -71.212  152.376
 -77.529  149.997
 -74.547  136.030
 -73.749  143.991
 -68.293  155.321
 -83.242  145.815
 -74.131  143.326
 -83.233  147.748
 -78.749  152.370
 -85.596  161.502
 -67.801  150.325
 -70.692  143.576
 -72.712  134.937
 -72.327  136.146
 -74.860  155.994
 -71.214  141.441
 -62.196  149.610
 -67.253  152.590
 -91.157  148.533
 -82.802  144.624
 -71.966  148.960
 -67.266  152.975
 -68.268  152.129
 -62.044  152.016
 -80.605  155.401
 -82.374  139.903
 -78.202  163.217
 -69.424  157.113
 -75.345  154.734
 -76.851  161.300
 -61.739  148.882
 -73.625  152.212
 -65.142  155.488
 -80.844  159.464
 -74.792  155.346
 -66.323  145.538
 -75.324  154.920
 -74.871  138.015
 -54.379  146.079
 -76.528  147.744
 -74.335  145.090
 -78.301  152.770
 -70.530  149.591
 -79.522  151.891
 -74.476  152.428
 -85.037  152.518
 -69.142  153.477
 -80.495  138.779
 -85.358  135.264
 -72.012  151.943
 -79.013  153.485
 -74.588  131.830
 -77.966  152.598
 -76.828  127.479
 -80.076  145.633
 -58.341  150.728
 -79.979  136.287
 -84.392  164.737
 -84.491  165.402
 -73.233  158.332
 -84.294  149.694
 -71.858  140.929
 -67.770  142.336
 -74.746  156.740
 -68.523  152.255
 -82.439  149.916
 -69.405  149.558
 -67.431  153.588
 -65.858  141.564
 -75.333  142.198
 -69.001  141.352
 -75.868  149.890
 -69.247  146.096
 -65.047  147.084
 -74.413  146.007
 -72.132  146.526
 -73.593  155.724
 -76.876  147.608
 -77.516  155.282
 -75.549  142.534
 -63.633  135.944
 -78.082  158.594
 -65.957  154.646
 -72.647  150.540
 -80.869  151.089
 -77.504  135.006
 -77.099  161.751
 -71.996  158.516
 -79.403  150.970
 -75.923  154.622
 -83.769  150.611
 -81.382  144.058
 -74.800  145.428
 -68.055  144.724
 -77.340  148.701
 -59.236  147.351
 -76.672  153.224
 -71.899  152.014
 -84.729  137.973
 -64.863  147.360
 -69.425  143.371
 -66.368  148.062
 -76.934  155.305
 -77.243  160.443
 -84.848  145.420
 -89.621  145.136
 -80.142  138.959
 -74.520  161.408
 -71.029  147.339
 -61.617  138.855
 -72.490  147.783
 -86.190  143.113
 -76.741  134.641
 -68.884  155.307
 -81.811  132.308
 -79.117  142.784
 -73.096  138.966
 -69.844  154.006
 -79.461  153.020
 -57.345  153.479
 -83.509  148.920
 -68.239  145.948
 -85.036  138.339
 -77.995  160.073
 -70.971  148.086
 -68.509  142.709
 -70.643  153.622
 -86.205  166.166
 -79.996  147.958
 -67.517  153.244
 -80.186  143.319
 -72.125  161.950
 -57.222  141.390
 -81.065  140.249
 -67.850  153.055
 -74.837  146.350
 -74.771  152.588
 -71.279  154.459
 -74.430  151.968
 -77.665  150.586
 -68.343  155.798
 -79.922  148.752
 -73.970  154.574
 -66.605  143.732
 -84.056  135.905
 -76.859  163.514
 -60.926  151.832
 -80.416  145.690
 -74.149  148.303
 -65.619  157.547
 -62.529  140.694
 -71.541  151.046
 -80.903  153.887
 -73.663  146.245
 -70.478  145.950
 -80.931  146.435
 -76.474  145.318
 -65.825  156.176
 -70.406  151.922
 -69.478  154.162
 -82.381  148.882
 -85.193  151.131
 -81.300  146.544
 -67.890  141.641
 -73.750  150.215
 -71.295  155.767
 -75.809  142.311
 -75.052  143.896
 -71.364  147.599
 -77.815  153.271
 -75.517  145.515
 -79.437  142.114
 -79.229  161.225
 -82.565  143.602
 -80.379  144.778
 -66.922  165.670
 -64.520  150.107
 -80.319  158.922
 -80.781  144.783
 -79.763  147.592
 -75.426  145.101
 -67.417  149.919
 -68.179  148.694
 -78.491  163.348
 -63.231  161.137
 -76.408  161.041
 -73.781  159.833
 -78.939  153.051
 -70.744  152.209
 -84.490  146.288
 -77.559  151.415
 -85.511  151.276
 -74.075  148.882
 -76.312  155.274
 -60.469  147.112
 -71.890  163.212
 -70.101  147.977
 -82.173  137.243
 -83.615  148.211
 -73.362  146.679
 -89.167  151.832
 -75.301  144.391
