 -45.421  136.099
 -43.738  129.031
 -45.665  137.475
 -49.228  131.995
 -46.581  132.369
 -36.983  136.345
 -33.322  118.002
 -45.660  122.467
 -67.807  140.857
 -47.981  136.886
 -51.245  122.592
 -42.986  127.797
 -40.845  142.501
 -49.859  131.238
 -43.331  137.363
 -40.662  139.435
 -46.317  119.499
 -53.439  133.784
 -35.071  121.439
 -57.624  135.033
 -44.426  133.093
 -47.718  122.957
 -46.463  136.502
 -63.176  143.842
 -49.968  139.331
 -48.712  137.659
 -57.021  140.741
 -40.442  136.368
 -40.007  141.493
 -47.695  134.460
 -43.811  131.805
 -53.645  137.699
 -51.577  145.905
 -44.632  136.295
 -53.403  135.988
 -37.534  130.554
 -37.209  128.433
 -39.839  137.544
 -52.991  132.614
 -48.138  137.577
 -54.871  142.273
 -41.787  156.301
 -51.809  124.344
 -41.302  141.494
 -50.103  144.748
 -45.643  138.175
 -50.637  142.019
 -48.531  122.459
 -47.260  132.890
 -57.780  130.878
 -42.120  134.376
 -57.240  140.641
 -44.105  143.465
 -57.593  136.324
 -48.633  134.511
 -41.207  134.442
 -34.825  135.459
 -43.739  133.178
 -38.831  141.512
 -43.111  146.807
 -29.718  133.284
 -41.010  131.001
 -36.415  128.460
 -47.011  130.943
 -48.724  137.727
 -55.802  145.082
 -46.547  124.017
 -63.573  136.249
 -38.029  133.681
 -53.913  133.401
 -43.980  126.314
 -41.868  141.529
 -41.504  146.514
 -46.550  139.955
 -50.690  124.365
 -35.079  121.334
 -34.630  140.409
 -33.503  136.255
 -41.079  141.146
 -42.211  131.790
 -34.141  126.864
 -45.799  141.003
 -48.207  140.702
 -41.965  139.567
 -43.299  139.904
 -59.739  134.031
 -55.293  130.570
 -44.074  129.102
 -22.370  123.966
 -44.833  146.825
 -40.050  144.667
 -51.564  139.193
 -56.353  136.975
 -53.634  126.316
 -57.147  137.757
 -39.400  136.798
 -42.193  133.869
 -43.226  142.011
 -39.558  139.842
 -44.831  129.336
 -35.560  137.081
 -49.700  138.887
 -47.604  131.405
 -55.324  140.777
 -48.986  120.902
 -36.768  135.245
 -55.833  132.234
 -43.352  137.550
 -38.635  143.745
 -36.824  133.708
 -39.138  134.945
 -43.426  137.159
 -49.092  133.069
 -53.969  136.185
 -41.538  136.216
 -43.898  131.597
 -49.596  139.442
 -52.697  131.929
 -34.272  140.113
 -43.423  152.463
 -55.540  124.575
 -41.885  133.343
 -47.364  132.743
 -46.187  134.238
 -36.264  132.815
 -40.980  136.634
 -51.119  138.725
 -54.537  137.903
 -48.580  132.819
 -31.002  124.842
 -46.563  129.993
 -53.009  138.049
 -35.574  138.839
 -47.255  142.753
 -41.769  129.521
 -44.634  149.749
 -34.503  139.495
 -63.558  137.519
 -42.847  140.866
 -48.523  143.231
 -51.819  131.566
 -49.349  128.085
 -50.163  132.526
 -39.457  135.030
 -36.423  131.686
 -56.843  144.802
 -46.872  134.386
 -33.091  133.694
 -52.734  137.822
 -37.789  128.678
 -45.874  123.736
 -44.032  146.528
 -36.003  136.131
 -49.448  131.292
 -46.063  131.025
 -51.190  135.645
 -38.249  115.154
 -41.809  143.558
 -39.171  134.918
 -56.718  137.569
 -52.849  132.667
 -60.369  130.060
 -49.324  137.204
 -36.187  134.520
 -39.191  138.237
 -50.432  130.436
 -43.447  131.128
 -36.562  131.527
 -54.024  131.309
 -42.016  134.019
 -51.024  121.860
 -42.646  136.464
 -49.656  133.297
 -48.645  131.555
 -40.702  138.385
 -45.085  132.419
 -63.720  114.920
 -42.856  132.311
 -45.124  137.087
 -52.195  133.854
 -40.547  143.156
 -48.709  132.268
 -41.172  135.592
 -39.705  126.577
 -43.722  130.568
 -46.067  127.509
 -44.628  139.296
 -47.367  146.474
 -51.232  136.151
 -40.720  138.440
 -45.666  125.388
 -51.089  140.408
 -52.560  130.830
 -56.228  135.820
 -46.730  139.723
 -46.428  134.290
 -46.195  125.210
 -62.836  134.946
 -49.630  130.592
 -31.500  132.267
 -52.531  134.551
 -40.700  134.226
 -48.844  133.256
 -42.534  127.723
 -51.462  131.819
 -33.816  144.689
 -35.971  127.370
 -42.234  124.324
 -60.248  147.444
 -42.463  121.553
 -47.487  146.575
 -48.771  137.878
 -41.984  120.482
 -48.867  142.164
 -50.652  126.687
 -45.192  130.120
 -51.334  131.143
 -38.689  137.811
 -52.666  124.817
 -37.260  138.480
 -36.932  125.699
 -42.269  139.691
 -53.332  128.137
 -40.854  131.679
 -60.946  138.256
 -40.619  130.155
 -33.649  118.801
 -55.745  124.747
 -62.538  131.305
 -47.052  135.260
 -52.028  136.842
 -43.552  137.738
 -48.821  130.706
 -34.817  133.599
 -32.595  133.026
 -45.376  135.266
 -41.510  143.007
 -47.482  125.012
 -45.923  152.983
 -52.163  128.675
 -44.373  135.036
 -39.117  138.339
 -47.112  131.897
 -38.614  139.997
 -45.463  124.451
 -35.169  133.341
 -42.627  137.833
 -48.148  116.747
 -53.887  136.794
 -55.637  134.254
 -50.763  131.017
 -43.711  131.226
 -37.474  131.840
 -51.726  136.208
 -47.906  136.420
 -41.325  137.189
 -38.423  132.557
 -45.022  140.333
 -45.672  135.107
 -47.820  135.452
 -37.168  125.804
 -41.482  141.183
 -44.060  132.559
 -45.847  128.859
 -34.524  150.493
 -33.685  130.768
 -40.429  141.497
 -30.239  133.987
 -39.813  123.028
 -45.199  150.785
 -34.534  135.812
 -42.587  134.383
 -41.874  149.376
 -42.509  113.547
 -48.903  133.164
 -41.761  135.362
 -36.956  131.282
 -40.237  137.479
 -33.346  126.192
 -53.905  134.828
 -62.780  126.987
 -42.684  133.616
 -46.807  122.940
 -41.324  127.957
 -54.827  137.163
 -36.264  137.723
 -47.578  135.491
 -46.291  135.308
 -44.511  135.642
 -33.054  129.603
 -39.981  130.913
 -46.636  128.626
 -36.494  127.140
 -47.112  128.439
 -48.600  126.969
 -34.689  140.239
 -42.951  138.841
 -41.142  139.731
 -48.626  135.204
 -38.976  118.870
 -55.934  137.914
 -38.225  138.803
 -42.577  113.354
 -43.216  130.488
 -39.581  136.514
 -49.821  137.052
 -47.635  138.978
 -36.778  131.663
 -48.175  118.610
 -58.285  132.457
 -35.170  129.934
 -47.467  147.089
 -39.886  140.447
 -51.871  123.409
 -55.425  143.160
 -26.062  123.796
 -45.311  138.629
 -48.851  140.869
 -46.437  140.147
 -46.996  137.985
 -46.982  134.611
 -56.579  137.419
 -34.224  136.191
 -57.265  136.125
 -42.534  138.731
 -41.178  136.239
 -65.978  127.538
 -44.973  115.583
 -38.643  140.549
 -61.859  132.020
 -41.754  138.047
 -42.601  129.318
 -46.624  133.354
 -58.106  138.035
 -51.860  126.948
 -51.428  123.107
 -47.069  137.856
 -44.413  126.811
 -55.007  137.557
 -41.828  129.224
 -36.052  135.503
 -49.949  135.147
 -50.854  133.293
 -50.678  145.223
 -49.435  133.967
 -55.159  131.757
 -56.208  127.795
 -47.589  127.126
 -49.522  146.226
 -51.477  130.563
 -63.402  135.682
 -45.614  138.931
 -37.729  135.610
 -39.440  132.267
 -36.685  136.900
 -46.447  147.689
 -60.336  130.268
 -43.241  135.445
 -49.179  149.181
 -38.897  138.640
 -52.665  131.113
 -42.502  132.480
 -47.487  139.102
 -43.111  140.650
 -43.035  129.506
 -46.272  145.528
 -46.232  122.728
 -41.350  122.998
 -51.221  125.218
 -52.654  128.062
 -49.042  125.767
 -60.980  140.310
 -37.564  130.831
 -42.270  135.389
 -56.197  136.246
 -50.589  134.873
 -55.930  136.543
 -53.200  135.341
 -31.900  136.303
 -49.493  144.068
 -54.767  125.669
 -37.073  122.248
 -30.329  122.628
 -36.962  130.966
 -32.406  139.733
 -43.732  125.338
 -42.992  137.765
 -52.238  133.084
 -42.499  135.716
 -43.110  120.880
 -46.435  148.170
 -44.544  131.065
 -43.683  145.434
 -38.969  141.600
 -49.845  133.535
 -41.258  136.932
 -49.077  132.479
 -54.109  123.931
 -45.120  131.780
 -54.238  131.277
 -46.709  137.790
 -45.329  141.890
 -35.604  146.236
 -33.497  133.220
 -46.573  118.913
 -46.544  134.231
 -51.345  127.395
 -45.714  134.112
 -47.018  138.846
 -38.582  139.327
 -37.094  131.663
 -55.734  149.790
 -48.754  140.208
 -38.636  134.335
 -54.818  130.304
 -48.264  126.793
 -56.638  142.003
 -44.459  140.768
 -56.792  137.371
 -43.179  136.322
 -37.852  132.828
 -56.102  148.780
 -61.954  138.260
 -52.241  131.898
 -37.535  134.923
 -44.330  134.072
 -54.832  137.125
 -60.248  148.683
 -53.553  134.464
 -53.075  133.661
 -42.026  128.866
 -50.142  153.946
 -35.954  137.435
 -56.076  129.941
 -50.728  137.873
 -54.651  136.143
 -44.500  121.718
 -42.372  124.934
 -48.910  127.869
 -49.963  137.927
 -62.618  131.033
 -51.817  148.476
 -43.324  123.446
 -36.548  128.748
 -35.961  143.674
 -37.265  138.662
 -50.537  160.286
 -56.676  119.821
 -44.751  132.616
 -45.008  137.329
 -34.732  150.183
 -37.939  137.600
 -34.714  128.413
 -40.691  139.960
 -42.899  144.718
 -55.391  132.327
 -51.075  128.828
 -48.118  139.289
 -44.341  137.051
 -42.326  142.948
 -43.453  126.785
 -49.639  153.256
 -46.662  138.223
 -42.775  137.020
 -48.216  135.913
 -51.355  136.842
 -41.404  125.463
 -44.426  129.738
 -51.549  131.355
 -68.094  141.471
 -44.388  133.460
 -50.382  145.168
 -38.670  134.415
 -61.544  136.454
 -49.908  130.771
 -45.456  131.618
 -47.662  131.640
 -42.608  119.438
 -34.023  134.052
 -58.473  129.245
 -50.470  135.580
 -31.356  130.221
 -52.800  150.542
 -47.570  134.826
 -58.856  129.205
 -39.114  140.780
 -39.946  127.766
 -49.872  131.283
 -51.245  139.383
 -49.235  135.753
 -39.881  146.132
 -43.851  135.448
 -37.640  141.603
 -37.492  118.856
 -55.852  147.536
 -50.232  137.556
 -35.130  136.086
 -52.962  137.972
 -34.660  130.712
 -47.289  128.471
 -45.537  137.600
 -42.171  127.444
 -59.285  122.139
 -41.219  132.610
 -52.576  134.070
 -45.123  142.391
 -50.611  139.327
 -57.108  132.647
 -45.154  132.374
 -43.370  138.399
 -54.370  139.466
 -39.445  127.771
 -31.893  139.543
 -34.412  131.169
 -37.098  135.061
 -56.747  133.749
 -42.603  137.398
 -43.126  134.056
 -42.893  128.763
 -51.076  136.972
 -51.370  140.831
 -34.468  124.866
 -55.244  140.885
 -35.984  132.087
 -39.666  144.769
 -40.150  128.375
 -42.126  150.614
 -32.509  128.425
 -48.698  130.922
 -44.288  132.557
 -34.182  126.957
 -42.145  141.045
 -41.704  130.832
 -42.779  143.391
 -41.579  128.919
 -43.198  142.839
 -49.283  134.039
 -67.008  151.166
 -49.328  132.847
 -41.494  135.559
 -36.894  130.277
 -36.432  133.548
 -38.439  138.119
 -42.002  137.502
 -52.011  135.130
 -56.665  127.317
 -49.605  136.904
 -49.410  130.794
 -40.785  138.323
 -55.058  146.437
 -37.216  135.117
 -45.628  137.945
 -48.273  142.054
 -57.214  142.806
 -30.769  134.697
 -45.628  143.821
 -47.398  145.839
 -64.233  129.275
 -56.585  135.753
 -59.806  147.276
 -49.570  137.270
 -48.895  130.187
 -38.355  136.101
 -57.497  135.507
 -45.733  126.037
 -40.172  133.505
 -39.947  142.496
 -51.077  148.831
 -55.089  127.279
 -40.561  129.591
 -41.263  140.195
 -34.935  133.810
 -37.539  148.881
 -45.105  140.469
 -36.199  142.334
 -59.078  137.978
 -57.035  135.071
 -58.193  126.166
 -49.906  128.777
 -33.950  134.582
 -48.850  138.563
 -28.768  132.187
 -40.720  138.635
 -51.003  130.287
 -39.550  122.013
 -55.758  143.277
 -34.721  136.574
 -40.674  133.717
 -48.754  128.542
 -38.384  139.617
 -41.379  129.071
 -54.572  133.941
 -45.940  121.098
 -50.171  130.926
 -40.656  130.532
 -43.763  133.669
 -47.663  133.264
 -46.991  134.788
 -47.503  128.265
 -44.962  120.066
 -47.642  137.487
 -50.506  136.216
 -45.938  143.608
 -47.240  128.373
 -46.179  146.308
 -47.049  146.829
 -41.104  131.564
 -64.694  129.062
 -50.735  139.360
 -44.559  129.682
 -51.308  117.441
 -39.281  137.371
 -41.725  121.389
 -44.588  140.048
 -51.422  133.951
 -45.241  137.236
 -36.622  145.836
 -43.784  136.964
 -44.712  140.876
 -40.145  126.544
 -38.900  147.004
 -47.475  123.405
 -38.812  137.345
 -26.453  125.731
 -39.342  126.569
 -41.392  141.469
 -44.953  134.941
 -42.082  128.596
 -35.018  134.702
 -36.588  132.067
 -50.516  128.648
 -52.589  127.697
 -44.387  146.392
 -55.011  136.557
 -52.448  130.725
 -42.014  142.067
 -47.326  130.935
 -63.367  147.399
 -53.819  145.852
 -53.209  135.700
 -47.648  135.513
 -50.617  131.992
 -44.963  138.026
 -49.583  131.925
 -47.850  134.690
 -51.430  125.507
 -40.724  133.966
 -54.662  139.608
 -59.053  143.471
 -50.809  131.484
 -48.357  140.630
 -45.997  143.293
 -47.233  126.000
 -45.225  125.190
 -50.238  132.471
 -33.652  117.924
 -46.377  146.258
 -55.081  140.786
 -50.745  145.108
 -51.033  128.953
 -53.804  142.321
 -48.025  124.443
 -59.085  133.126
 -60.135  136.615
 -48.340  129.904
 -50.168  137.838
 -43.461  124.496
 -61.090  138.978
 -49.246  130.520
 -57.088  137.252
 -52.615  133.934
 -56.421  136.953
 -42.791  137.817
 -39.801  132.750
 -56.100  132.757
 -52.133  126.018
 -34.574  140.187
 -27.516  131.173
 -44.877  141.812
 -44.942  153.098
 -52.620  131.471
 -38.417  135.705
 -41.009  134.480
 -43.508  125.213
 -52.808  125.262
 -55.859  138.264
 -62.827  122.480
 -44.765  123.298
 -42.636  131.654
 -53.353  133.415
 -47.145  126.303
 -45.878  122.740
 -59.837  139.093
 -42.172  135.060
 -45.571  133.220
 -42.853  129.375
 -31.689  142.012
 -34.529  129.407
 -50.139  129.599
 -39.446  118.457
 -46.904  120.315
 -42.772  137.443
 -46.356  143.785
 -41.416  134.963
 -52.092  139.006
 -50.309  125.349
 -45.000  132.222
 -36.393  121.988
 -51.146  133.185
 -57.019  141.308
 -50.839  132.485
 -54.999  124.937
 -57.457  143.112
 -48.741  146.686
 -47.927  131.992
 -50.638  134.466
 -38.237  129.935
 -37.891  131.496
 -54.494  135.550
 -55.531  134.717
 -34.260  136.434
 -43.585  124.158
 -53.944  140.051
 -53.783  135.069
 -43.285  139.117
 -48.870  134.304
 -38.377  127.360
 -37.603  136.231
 -49.324  131.039
 -45.039  122.625
 -49.275  138.994
 -28.110  128.821
 -45.572  135.421
 -36.829  143.040
 -55.118  128.373
 -49.759  138.974
 -40.907  136.060
 -41.968  136.264
 -43.766  144.548
 -48.973  128.622
 -54.707  138.288
 -50.838  128.324
 -53.702  134.875
 -47.162  141.456
 -44.707  144.530
 -50.441  125.934
 -55.891  131.620
 -50.994  124.285
 -44.077  133.362
 -54.712  142.414
 -31.683  139.570
 -54.173  141.944
 -46.600  123.580
 -50.319  137.627
 -37.283  139.501
 -44.157  130.749
 -38.198  137.094
 -36.364  135.162
 -40.991  129.742
 -41.396  128.327
 -55.771  147.364
 -50.954  145.144
 -51.158  133.378
 -53.460  145.684
 -35.671  119.118
 -35.484  130.807
 -36.532  140.011
 -29.519  129.736
 -59.447  144.598
 -42.386  123.820
 -46.629  123.120
 -57.278  122.993
 -53.668  130.921
 -43.134  133.028
 -47.501  132.446
 -50.805  137.163
 -55.161  135.783
 -46.992  138.944
 -42.072  144.881
 -57.964  145.814
 -40.907  124.462
 -36.654  129.334
 -31.364  121.886
 -54.819  130.184
 -43.623  131.221
 -49.996  138.045
 -48.864  132.935
 -47.876  140.657
 -52.603  127.463
 -41.821  126.553
 -41.305  130.652
 -56.407  133.155
 -51.375  132.715
 -40.278  129.657
 -26.676  119.449
 -46.681  140.797
 -42.667  129.480
 -43.333  132.300
 -46.323  143.672
 -38.884  144.445
 -41.473  120.023
 -44.524  135.035
 -61.385  138.326
 -44.914  143.869
 -41.450  138.264
 -35.414  133.406
 -52.951  146.956
 -40.035  121.124
 -48.149  143.030
 -39.193  147.181
 -46.444  146.674
 -47.284  137.168
 -38.017  139.639
 -49.112  142.421
 -43.055  137.113
 -53.984  123.227
 -27.995  125.851
 -45.955  130.125
 -35.976  140.739
 -27.790  137.906
 -33.217  137.337
 -44.751  151.184
 -50.595  141.593
 -56.894  135.494
 -42.788  141.761
 -33.954  132.872
 -47.172  141.087
 -50.759  123.736
 -46.194  135.427
 -35.822  135.224
 -49.194  140.896
 -45.289  129.542
 -45.513  126.541
 -43.088  134.904
 -46.369  148.737
 -44.309  129.364
 -60.282  137.075
 -57.965  134.979
 -39.459  144.760
 -43.336  135.268
 -64.132  139.226
 -45.537  127.910
 -43.145  132.969
 -35.847  125.331
 -37.611  126.350
 -39.305  132.669
 -41.905  129.035
 -49.087  123.245
 -34.683  126.060
 -47.362  131.373
 -61.536  122.998
 -57.770  141.770
 -31.959  124.998
 -45.021  143.350
 -34.305  140.119
 -36.272  135.844
 -54.913  144.262
 -38.767  136.282
 -50.733  126.424
 -49.650  134.570
 -39.601  141.805
 -38.903  128.928
 -47.028  143.526
 -62.643  137.195
 -56.273  122.184
 -48.455  136.895
 -40.500  128.085
 -51.156  139.308
 -37.992  134.186
 -49.964  136.774
 -49.132  130.565
 -34.856  128.145
 -49.007  128.344
 -51.830  135.239
 -52.336  140.825
 -45.098  122.171
 -52.449  138.515
 -35.274  137.530
 -42.071  132.237
 -48.949  137.779
 -52.045  130.174
 -51.708  142.213
 -52.998  136.933
 -51.852  146.676
 -41.381  143.248
 -49.831  139.006
 -44.739  133.650
 -35.306  131.425
 -32.105  140.904
 -47.585  125.021
 -53.126  131.287
 -45.587  144.851
 -55.359  143.919
 -44.427  131.253
 -51.878  135.509
 -41.857  128.619
 -47.896  123.974
 -39.585  148.033
 -45.529  137.881
 -44.622  123.309
 -57.901  135.086
 -50.249  130.592
 -50.655  122.735
 -39.751  140.545
 -52.282  132.028
 -35.477  128.879
 -45.732  126.002
 -29.384  149.486
 -60.642  139.269
 -37.257  145.961
 -57.326  131.463
 -65.271  131.601
 -49.518  136.938
 -49.642  145.728
 -38.558  130.294
 -38.649  136.744
 -48.332  125.652
 -50.403  147.441
 -49.931  138.469
 -32.795  137.012
 -53.527  126.289
 -49.738  138.422
 -51.841  135.476
 -53.310  127.121
 -39.963  126.777
 -43.345  137.468
 -46.044  129.557
 -48.675  149.011
 -40.101  129.466
 -41.076  143.610
 -46.232  128.224
 -31.931  131.517
 -56.603  145.927
 -47.158  134.500
 -43.104  131.264
 -40.838  122.204
 -61.344  124.331
 -37.877  133.231
 -52.103  130.923
 -46.645  130.883
 -48.966  139.407
 -36.515  130.269
 -46.702  140.343
 -37.248  137.064
 -44.882  146.125
 -43.287  131.960
 -35.881  123.355
 -42.703  121.306
 -37.137  133.180
 -46.681  128.502
 -38.756  143.127
 -34.885  138.183
 -50.693  147.527
 -64.578  138.708
 -40.640  133.052
 -57.068  136.675
 -48.700  124.585
 -50.602  139.575
 -47.667  138.183
 -57.502  127.103
 -50.872  135.878
 -48.663  127.849
 -35.958  138.234
 -51.576  132.338
 -49.684  131.822
 -39.454  121.643
 -35.077  148.009
 -45.050  130.894
 -46.501  132.933
 -41.967  131.138
 -47.626  132.988
 -42.380  135.603
 -43.288  129.136
 -51.576  137.083
 -59.906  121.925
 -43.217  132.210
 -42.363  140.790
 -40.436  112.926
 -46.648  127.412
 -37.236  129.472
 -39.499  130.400
 -40.958  125.267
 -45.160  141.964
 -48.649  135.063
 -34.353  127.831
 -56.843  135.422
 -37.627  135.438
 -39.428  119.303
 -42.666  136.663
 -46.301  132.572
 -33.318  135.639
 -42.917  126.142
 -43.055  118.813
 -53.926  129.192
 -39.871  138.165
 -40.426  146.869
 -46.972  147.143
 -35.243  134.445
 -63.989  133.335
 -52.366  133.139
