  74.453  133.399
  75.470  113.039
  75.034  129.958
  91.597  130.798
  82.531  126.965
  71.895  138.201
  86.223  142.221
  86.061  136.188
  90.706  148.036
  71.109  150.113
  85.866  149.332
  71.262  133.012
  90.677  130.793
  85.230  127.115
  80.964  128.435
  84.498  141.657
  82.140  144.821
  70.453  143.230
  81.855  145.206
  79.320  139.531
  89.610  131.116
  82.498  140.453
  84.095  141.009
  86.656  151.294
  77.512  148.324
  73.715  140.423
  67.754  126.862
  81.343  140.797
  77.217  132.813
  79.205  119.939
  78.186  133.189
  91.794  117.107
  96.381  134.039
  70.235  120.949
  75.032  133.627
  77.935  136.926
  78.193  126.291
  77.576  135.886
  69.205  134.895
  76.418  127.042
  75.105  144.481
  75.790  136.106
  82.407  133.799
  81.609  136.921
  69.543  149.240
  68.260  124.452
  67.594  115.404
  88.376  131.979
  76.144  110.692
  83.886  135.872
  84.605  139.283
  73.279  142.084
  79.953  142.106
  78.987  140.120
  76.533  137.265
  88.133  127.619
  86.956  134.861
  75.230  137.582
  71.702  144.153
  85.624  137.415
  78.205  132.793
  72.313  132.675
  70.053  131.318
  65.168  147.065
  80.898  145.392
  65.577  127.199
  86.485  132.535
  70.362  138.604
  84.807  119.411
  72.551  128.339
  83.712  141.351
  78.189  137.534
  80.128  138.899
  76.033  139.376
  75.748  131.480
  88.030  137.818
  77.173  124.899
  76.413  134.300
  68.440  133.030
  77.911  136.972
  69.805  140.152
  72.321  124.503
  78.335  139.988
  74.882  142.475
  74.944  136.819
  77.830  121.481
  80.906  130.142
  84.302  125.384
  66.698  123.237
  76.725  141.718
  83.966  131.738
  76.795  122.794
  85.671  121.660
  81.971  141.294
  75.030  133.423
  76.124  148.144
  86.424  145.056
  84.248  141.470
  75.354  130.881
  78.681  138.648
  73.458  134.468
  80.909  134.914
  77.634  131.872
  75.079  122.850
  69.401  132.192
  79.480  133.409
  80.992  131.418
  71.844  138.412
  87.353  138.343
  67.143  147.848
  80.696  144.025
  75.867  134.086
  83.256  128.212
  80.920  136.523
  80.785  126.454
  86.052  141.716
  83.089  140.332
  96.553  129.284
  77.324  133.210
  83.179  140.672
  76.100  134.413
  77.775  119.900
  77.788  131.145
  76.706  143.605
  72.746  123.707
  76.805  124.494
  72.616  135.054
  74.794  132.258
  84.046  134.791
  79.433  137.568
  82.218  135.694
  79.800  134.513
  82.172  144.297
  78.309  129.842
  68.766  147.508
  81.121  139.963
  84.519  141.632
  73.408  137.459
  72.623  139.161
  77.066  148.372
  68.834  146.477
  85.068  139.278
  79.791  125.291
  86.384  142.573
  77.857  135.081
  74.403  125.403
  77.670  136.865
  74.812  137.256
  81.406  144.126
  74.462  131.011
  86.161  140.066
  78.180  139.853
  85.770  135.012
  66.612  121.989
  81.195  138.320
  68.291  144.343
  82.680  117.460
  84.028  137.986
  79.423  133.629
  75.496  133.654
  80.654  137.981
  70.164  143.057
  84.578  148.790
  79.180  126.791
  80.994  144.379
  84.793  127.116
  77.605  138.152
  74.180  140.330
  83.971  152.497
  77.668  134.389
  84.273  141.042
  83.690  136.457
  80.707  136.704
  87.417  129.662
  80.686  145.752
  86.316  127.117
  83.565  158.390
  83.122  138.728
  84.270  128.026
  74.489  131.880
  78.183  120.808
  86.763  125.597
  75.131  141.706
  84.366  121.891
  81.405  127.615
  73.813  133.877
  84.601  138.687
  76.568  129.010
  76.521  128.693
  82.894  133.712
  77.367  135.493
  67.356  138.772
  89.562  134.088
  75.366  136.093
  81.408  127.465
  77.865  142.541
  66.828  131.210
  72.450  142.630
  83.217  140.976
  87.561  134.555
  86.608  136.269
  79.747  135.430
  80.393  133.050
  78.657  156.955
  82.477  131.522
  72.446  146.879
  77.645  133.506
  74.976  138.700
  79.555  139.880
  82.845  131.361
  70.733  140.933
  86.939  142.932
  77.603  124.328
  81.305  150.421
  85.011  125.826
  83.244  141.130
  89.518  144.531
  76.315  124.127
  76.267  133.241
  81.639  134.078
  86.167  133.281
  87.064  138.813
  76.518  142.988
  71.640  131.665
  77.325  137.396
  73.730  136.114
  73.650  152.107
  82.158  126.644
  89.157  130.971
  79.732  133.460
  81.916  137.058
  88.396  133.146
  78.471  134.629
  70.218  137.801
  76.323  142.021
  81.854  141.979
  71.691  135.555
  76.202  146.319
  73.697  141.925
  91.367  132.557
  67.327  135.474
  75.853  143.645
  79.608  135.426
  91.526  139.390
  74.473  136.945
  78.844  134.759
  82.539  146.758
  82.013  139.604
  87.759  134.523
  70.084  123.810
  76.258  140.470
  82.739  141.901
  64.661  125.763
  77.960  159.453
  83.511  144.713
  87.771  131.231
  79.491  142.491
  84.118  132.438
  73.469  145.676
  82.943  142.241
  88.697  126.278
  76.337  128.922
  73.219  137.043
  83.427  160.404
  76.792  142.437
  81.112  138.377
  76.009  135.655
  92.317  132.662
  81.242  140.885
  73.829  114.396
  77.642  126.149
  89.161  134.858
  77.161  137.370
  80.241  128.335
  69.231  131.484
  78.111  139.389
  91.452  125.341
  81.242  138.065
  76.780  143.826
  73.273  130.101
  74.654  137.421
  79.821  153.079
  83.347  135.109
  74.572  145.940
  75.414  139.439
  84.500  127.683
  76.599  149.319
  83.556  124.275
  83.532  145.422
  77.135  131.361
  84.539  121.150
  81.233  145.751
  80.736  137.981
  75.621  130.676
  79.205  141.687
  94.119  127.532
  82.791  136.796
  76.164  126.267
  86.199  138.547
  83.561  143.142
  86.413  136.509
  81.280  141.704
  75.047  136.147
  80.366  132.270
  68.576  139.534
  79.989  142.983
  78.181  133.786
  85.966  141.733
  88.195  154.763
  73.217  132.983
  62.543  138.414
  83.455  122.374
  81.433  145.689
  70.288  137.770
  83.717  131.527
  79.969  122.929
  81.911  131.537
  89.767  117.554
  75.007  127.962
  85.508  148.698
  77.577  128.497
  84.117  132.275
  77.452  135.411
  78.123  141.572
  80.604  145.209
  73.649  135.222
  81.417  142.515
  81.458  147.038
  77.785  129.019
  77.798  127.606
  71.835  132.949
  85.685  125.662
  84.004  128.937
  72.649  118.992
  77.061  134.477
  88.166  124.199
  81.521  142.096
  85.797  135.986
  89.691  144.699
  99.272  133.945
  80.739  130.565
  88.371  141.499
  84.776  136.712
  70.556  146.241
  85.364  145.624
  82.936  140.531
  77.568  138.258
  74.641  140.126
  84.994  143.487
  82.870  127.568
  70.906  139.939
  85.356  110.162
  79.954  135.893
  83.271  123.250
  78.245  149.060
  79.245  151.644
  82.723  128.978
  76.023  123.505
  73.851  139.360
  73.215  137.062
  68.129  129.071
  83.686  143.460
  75.480  138.913
  83.196  136.548
  85.110  127.100
  76.687  138.932
  81.743  137.571
  78.433  143.376
  80.227  135.445
  73.408  139.132
  84.360  142.732
  72.649  122.924
  74.086  129.365
  82.868  135.336
  83.784  142.122
  84.227  127.259
  82.880  139.954
  65.353  124.473
  72.628  139.447
  79.311  119.782
  86.056  137.373
  66.804  140.216
  75.146  139.093
  69.982  142.068
  83.851  134.386
  75.393  136.682
  77.054  128.604
  78.944  141.139
  77.077  128.924
  72.018  109.520
  86.376  151.170
  79.391  141.583
  84.380  131.909
  87.554  128.092
  80.590  125.519
  82.979  139.782
  77.166  148.601
  93.265  129.717
  86.925  137.182
  92.635  143.695
  83.358  127.707
  85.608  132.809
  71.694  142.019
  74.135  141.964
  78.158  142.062
  74.878  149.759
  72.416  153.275
  76.951  139.299
  65.892  135.757
  73.810  149.589
  73.591  142.943
  72.242  139.513
  84.404  139.796
  78.652  134.630
  71.145  130.963
  84.157  140.060
  72.772  140.045
  86.202  138.795
  84.414  135.320
  77.268  139.859
  63.910  145.174
  82.623  140.714
  93.235  143.538
  79.986  135.279
  81.979  142.752
  68.622  146.814
  76.037  138.127
  84.341  134.371
  91.077  135.965
  79.021  141.086
  70.866  134.291
  81.327  122.365
  83.033  114.272
  82.706  134.332
  81.673  134.772
  79.433  136.841
  86.105  140.275
  78.431  147.802
  75.155  140.807
  79.589  134.249
  82.639  124.161
  79.751  140.693
  81.049  145.698
  88.680  120.380
  81.799  144.318
  79.557  124.890
  75.569  128.029
  74.319  134.053
  83.664  141.541
  75.608  121.052
  83.598  155.810
  85.067  132.540
  79.018  151.789
  86.365  135.819
  88.634  130.644
  83.320  138.825
  73.608  124.848
  90.201  138.312
  83.006  141.676
  78.904  138.348
  78.679  146.605
  86.380  133.662
  80.081  141.005
  83.567  136.833
  71.115  117.942
  81.475  128.281
  72.440  134.983
  79.329  141.273
  73.292  137.673
  75.735  133.224
  84.267  134.434
  73.869  132.982
  73.869  147.599
  80.341  133.697
  80.340  150.706
  72.930  143.311
  87.896  137.019
  80.195  128.879
  76.046  146.344
  80.458  129.857
  84.725  140.971
  81.598  136.571
  74.560  142.186
  80.966  134.338
  75.844  135.509
  62.587  120.208
  75.717  140.110
  91.750  153.875
  83.695  129.624
  69.871  143.079
  83.668  144.064
  77.791  123.323
  80.864  149.222
  77.855  137.390
  85.168  143.604
  71.565  138.587
  72.112  145.700
  90.288  135.154
  78.764  121.478
  90.105  133.744
  72.022  140.132
  76.303  139.538
  81.820  133.020
  79.677  128.591
  78.803  123.730
  85.600  115.334
  70.129  138.018
  75.347  135.439
  73.369  138.932
  85.095  141.873
  84.662  132.905
  77.967  147.449
  91.396  132.626
  76.437  118.243
  80.543  140.744
  88.206  132.286
  72.226  142.233
  76.301  139.626
  74.352  118.812
  62.749  125.076
  79.302  131.842
  86.837  131.448
  73.004  128.174
  81.986  129.548
  82.910  130.928
  81.863  141.742
  81.384  131.235
  81.990  120.404
  69.725  141.885
  76.343  144.078
  64.830  142.672
  86.652  133.296
  84.707  118.024
  85.327  125.894
  71.244  137.571
  84.139  134.165
  79.391  133.911
  75.720  130.901
  88.790  129.871
  61.147  133.729
  84.780  131.072
  94.318  130.881
  75.167  138.008
  75.912  132.880
  85.037  120.647
  83.253  133.057
  86.723  142.919
  67.223  132.952
  67.520  132.948
  83.991  143.007
  85.217  117.925
  87.026  133.146
  86.544  129.656
  77.429  135.785
  81.433  132.980
  76.785  141.542
  71.039  143.142
  81.315  136.045
  88.730  131.223
  70.646  142.061
  76.907  135.621
  77.793  130.755
  78.572  132.419
  74.482  135.085
  69.155  134.175
  78.203  145.213
  85.440  143.244
  81.277  144.374
  83.534  120.404
  72.664  145.659
  82.783  147.722
  80.756  148.071
  72.648  154.053
  71.435  130.558
  86.847  143.908
  78.241  126.553
  78.284  129.668
  82.007  131.733
  74.945  135.246
  80.357  152.992
  82.161  147.614
  72.158  134.860
  74.015  118.946
  73.061  141.253
  82.482  153.585
  75.466  145.022
  85.083  133.239
  78.625  136.940
  78.633  132.612
  85.530  135.062
  77.393  131.542
  74.073  138.929
  82.533  132.277
  70.802  139.209
  80.004  116.130
  86.680  140.694
  80.921  145.113
  83.694  131.531
  66.453  134.866
  80.625  140.856
  89.620  130.656
  72.338  134.226
  90.321  137.650
  88.327  132.794
  65.292  119.927
  81.480  125.208
  69.838  143.700
  78.367  127.671
  91.345  123.669
  83.112  143.987
  77.513  132.541
  81.556  125.783
  77.450  144.699
  79.717  140.715
  66.473  135.235
  83.707  129.792
  77.710  122.497
  80.537  147.946
  82.245  131.792
  79.953  134.284
  84.151  138.388
  77.334  152.110
  66.171  138.299
  86.042  127.183
  71.544  140.133
  81.907  129.383
  78.776  154.612
  73.255  135.610
  75.628  126.371
  79.083  132.015
  79.795  140.370
  77.290  132.844
  77.130  139.132
  83.368  133.586
  68.418  138.062
  84.650  138.762
  74.884  125.577
  82.739  141.866
  84.039  131.266
  70.058  141.136
  71.516  120.250
  81.192  144.511
  83.116  131.547
  81.417  139.809
  85.544  125.121
  70.155  142.843
  81.271  136.079
  73.220  137.346
  87.972  136.415
  83.360  125.609
  76.564  115.060
  93.178  138.797
  77.055  134.988
  76.570  142.201
  73.670  136.683
  78.077  151.024
  79.092  137.269
  75.962  144.739
  79.834  136.143
  75.991  132.552
  75.177  129.433
  83.278  134.903
  77.706  144.613
  85.712  126.789
  79.827  118.359
  78.353  137.748
  82.918  139.115
  79.602  142.165
  79.230  145.889
  71.803  132.374
  70.157  131.164
  90.897  135.734
  79.547  134.262
  79.219  133.354
  82.037  124.932
  74.321  139.361
  68.125  121.069
  76.857  134.940
  66.375  119.639
  71.582  126.993
  87.570  136.563
  77.965  134.181
  82.356  138.980
  76.948  128.576
  70.582  126.551
  83.242  130.216
  79.708  135.324
  72.270  129.787
  92.196  125.050
  89.508  127.434
  80.489  147.677
  91.669  139.893
  76.023  128.825
  75.395  139.772
  96.629  139.902
  82.078  149.683
  69.416  135.267
  81.061  144.151
  62.117  134.949
  79.122  134.358
  83.940  144.312
  79.612  137.373
  78.772  137.449
  79.941  135.888
  78.043  131.620
  83.371  126.362
  67.566  146.802
  87.696  131.056
  79.859  139.104
  67.701  120.370
  80.306  124.155
  81.513  132.945
  75.806  139.209
  66.533  124.533
  89.222  145.010
  77.726  145.841
  78.453  139.370
  85.733  119.683
  75.507  139.722
  79.213  140.643
  76.083  133.503
  59.838  137.301
  94.100  130.440
  77.985  145.778
  74.882  153.868
  74.185  138.948
  74.354  126.381
  86.147  138.435
  78.518  149.371
  79.645  136.009
  79.452  148.201
  78.296  135.483
  80.586  154.296
  85.768  144.495
  66.268  132.439
  76.592  136.794
  70.615  130.122
  86.295  144.414
  78.632  131.179
  68.742  129.811
  83.005  125.416
  79.658  125.112
  80.003  132.604
  86.564  130.093
  84.325  133.952
  69.098  144.057
  79.025  149.118
  76.681  130.597
  82.249  139.228
  86.479  143.519
  84.016  127.262
  70.054  140.360
  82.359  141.361
  84.664  114.370
  75.536  139.778
  87.633  123.651
  72.609  138.387
  79.145  131.277
  83.143  134.353
  82.730  126.445
  79.274  132.370
  80.231  139.815
  83.476  127.377
  72.214  133.793
  76.739  129.267
  76.885  122.017
  77.240  128.354
  85.874  139.862
  84.018  144.160
  84.780  141.404
  80.814  147.992
  73.191  137.243
  84.981  138.981
  84.424  141.822
  69.302  135.844
  80.435  117.871
  85.793  126.139
  72.532  142.766
  81.090  138.302
  90.387  127.600
  75.271  130.925
  76.715  148.786
  82.598  138.146
  64.524  137.702
  73.821  148.442
  75.243  133.791
  88.055  136.402
  87.175  126.041
  77.886  142.545
  73.463  137.836
  68.083  127.337
  78.013  137.347
  85.023  130.840
  78.368  132.655
  74.915  132.622
  82.369  125.075
  76.530  130.752
  93.452  120.494
  83.184  126.315
  59.827  130.520
  67.832  136.371
  75.166  136.206
  91.658  142.372
  70.743  136.496
  71.108  120.888
  79.633  143.755
  82.100  131.101
  71.522  116.761
  78.702  143.640
  79.487  124.133
  78.328  130.152
  68.962  141.756
  87.466  131.027
  84.949  136.960
  81.687  142.229
  80.497  129.752
  87.477  145.074
  71.114  146.545
  79.701  152.044
  77.411  141.654
  81.657  144.060
  78.721  135.825
  77.847  144.919
  86.032  134.153
  75.478  132.176
  89.812  149.677
  75.027  124.888
  80.053  132.315
  77.452  132.850
  87.377  133.377
  71.350  156.006
  76.948  142.224
  88.924  124.451
  83.601  141.837
  69.876  140.706
  80.633  140.340
  78.052  134.205
  78.786  120.685
  68.740  144.760
  87.200  132.320
  72.579  131.253
  73.165  113.099
  74.656  115.857
  78.408  136.727
  85.925  122.024
  79.866  141.895
  78.757  138.819
  74.208  144.950
  77.455  127.151
  74.037  120.104
  79.442  120.228
  71.115  125.355
  89.684  137.074
  63.233  137.654
  80.940  117.537
  77.428  144.594
  74.692  137.117
  78.488  105.547
  77.941  127.281
  78.631  122.760
  82.134  142.213
  70.404  129.628
  73.772  131.919
  64.818  146.298
  71.036  142.325
  82.815  141.793
  75.076  138.976
  78.125  134.464
  78.061  129.879
  78.981  146.196
  84.083  140.540
  81.959  144.846
  76.075  128.371
  71.762  148.035
  75.222  127.575
  83.560  130.106
  72.279  141.260
  81.213  129.634
  84.384  141.061
  78.391  142.071
  90.910  133.263
  78.664  129.226
  77.144  140.282
  87.622  116.260
  65.881  126.508
  70.486  147.670
  80.427  133.567
  77.447  133.763
  75.076  143.367
  74.429  147.142
  84.117  129.449
  82.907  135.195
  76.132  128.437
  75.519  142.991
  81.824  140.268
  79.386  143.612
  80.654  125.172
  83.237  111.741
  77.161  133.201
  82.643  145.572
  85.170  134.651
  71.771  139.845
  69.732  129.877
  75.340  141.011
  89.546  135.655
  68.664  138.091
  79.054  129.207
  85.383  127.226
  93.787  142.146
  79.422  138.450
  88.648  138.313
  85.802  131.116
  85.527  127.603
  64.937  152.138
  82.150  136.849
  81.180  133.580
  86.288  136.607
  81.861  147.322
  79.305  124.767
  81.320  136.949
  88.169  143.108
  68.561  133.798
  80.499  124.677
  83.538  130.478
  78.814  146.084
  84.481  134.551
  64.329  134.713
  80.582  142.417
  84.402  135.703
  81.094  122.477
  81.352  136.307
  76.952  135.977
  82.633  143.503
  72.218  127.993
  76.818  141.794
  80.974  141.734
  75.066  132.887
  90.145  128.935
  64.019  133.465
  72.738  131.172
  80.178  128.411
  71.619  133.184
  74.617  146.653
  90.354  138.865
  65.616  141.023
  72.637  138.999
  89.416  141.698
  81.581  134.023
  88.957  135.161
  67.476  138.699
  87.090  142.582
  76.139  127.205
  78.665  135.381
  88.333  119.442
  87.416  131.700
  77.957  140.749
  75.170  129.870
  84.586  143.750
  80.258  130.819
  79.656  137.545
  83.580  139.921
  78.285  134.643
  73.153  144.993
  83.353  145.388
  70.850  146.023
  73.415  129.533
  83.746  134.899
  81.510  123.924
  86.565  133.055
  78.877  127.747
  86.660  122.943
  72.942  136.419
  78.372  128.561
  88.447  134.531
  83.799  127.089
  77.956  132.103
  82.268  125.116
  75.437  134.243
  77.356  150.295
  80.668  128.070
  68.292  139.060
  77.138  128.711
  73.185  144.281
  84.663  127.750
  83.127  158.347
  82.386  128.018
  81.205  139.386
  81.352  150.079
  78.635  126.690
  61.770  122.556
  67.307  123.696
  81.936  138.130
  93.133  127.290
  79.901  128.525
  76.880  127.992
  88.601  141.125
  65.845  145.940
  85.230  140.422
  78.000  132.080
  81.922  134.568
