 -34.432  133.547
 -35.891  135.552
 -37.055  133.649
 -32.487  127.334
 -32.782  127.359
 -33.306  134.379
 -30.096  131.630
 -20.151  132.679
 -38.920  135.587
 -30.043  139.112
 -35.684  126.142
 -42.360  128.707
 -41.235  133.554
 -38.239  114.680
 -26.870  143.674
 -33.548  140.600
 -35.791  132.438
 -16.416  138.405
 -47.472  123.934
 -46.077  130.819
 -31.193  121.798
 -30.518  125.014
 -33.709  134.169
 -26.737  137.206
 -21.970  128.597
 -27.823  132.101
 -36.469  127.678
 -32.866  130.142
 -34.166  136.360
 -28.806  112.982
 -20.414  136.233
 -40.459  125.377
 -31.304  138.678
 -33.914  126.942
 -29.967  136.555
 -26.434  129.123
 -34.286  124.420
 -31.332  133.161
 -37.473  137.278
 -35.355  123.048
 -29.683  126.400
 -44.513  137.259
 -38.513  135.408
 -34.687  137.838
 -33.202  134.880
 -31.772  140.453
 -27.641  131.128
 -45.026  137.638
 -27.459  132.890
 -27.604  120.429
 -23.475  138.155
 -26.139  119.143
 -33.077  124.850
 -33.714  143.064
 -26.282  134.566
 -32.479  125.148
 -30.632  151.133
 -41.071  149.504
 -23.723  139.283
 -27.670  135.607
 -17.740  141.840
 -29.995  140.941
 -35.532  133.729
 -14.935  135.178
 -28.644  133.878
 -29.825  135.865
 -40.137  132.067
 -38.922  134.192
 -27.898  145.774
 -41.645  137.098
 -29.709  132.290
 -33.025  135.743
 -48.288  122.898
 -22.276  127.250
 -22.159  121.343
 -26.401  145.962
 -18.230  125.425
 -27.489  134.073
 -23.058  133.833
 -40.518  141.287
 -24.044  134.405
 -23.724  126.105
 -22.468  123.769
 -29.164  132.911
 -26.063  136.537
 -36.818  136.835
 -32.799  139.377
 -28.682  133.363
 -30.902  137.350
 -24.296  145.522
 -37.824  132.041
 -32.025  139.093
 -32.631  130.173
 -26.744  133.496
 -48.949  133.608
 -31.028  133.136
 -37.520  129.748
 -32.235  130.253
 -35.704  130.491
 -24.803  148.486
 -31.441  121.549
 -25.541  130.052
 -26.398  128.830
 -39.048  128.704
 -23.918  134.225
 -30.969  133.675
 -35.271  133.995
 -38.249  131.388
 -28.723  119.404
 -40.755  138.452
 -36.135  130.484
 -31.632  132.210
 -15.941  120.197
 -36.648  126.141
 -31.998  125.259
 -36.619  127.881
 -35.277  137.640
 -37.957  135.178
 -34.436  139.605
 -24.267  131.615
 -39.288  139.708
 -28.048  126.727
 -32.816  131.832
 -41.766  128.219
 -28.802  133.506
 -33.601  132.963
 -37.635  133.653
 -32.965  119.007
 -26.506  136.687
 -33.597  120.108
 -37.781  133.877
 -19.756  131.912
 -28.648  138.258
 -34.012  130.513
 -36.458  128.110
 -35.245  117.424
 -33.645  116.549
 -30.186  119.719
 -35.540  144.444
 -15.440  121.453
 -36.853  133.202
 -27.178  124.404
 -27.420  130.735
 -29.511  140.070
 -34.530  138.618
 -33.345  138.343
 -41.580  132.345
 -32.870  128.809
 -31.454  144.584
 -28.989  122.317
 -26.684  136.143
 -36.736  132.948
 -26.494  140.076
 -25.474  134.192
 -38.846  124.583
 -21.927  139.574
 -27.419  141.100
 -35.849  140.567
 -25.607  139.697
 -33.980  141.499
 -25.696  127.533
 -38.426  126.722
 -24.385  133.745
 -21.656  123.264
 -18.591  127.572
 -33.974  124.381
 -47.996  138.948
 -18.015  128.744
 -20.909  136.313
 -35.533  128.372
 -16.085  137.486
 -24.532  124.435
 -39.474  134.929
 -34.221  124.709
 -29.527  129.632
 -39.487  123.728
 -37.458  132.550
 -38.239  129.340
 -31.735  140.246
 -32.535  123.560
 -36.406  128.690
 -29.713  136.225
 -41.813  140.801
 -25.914  138.236
 -25.204  126.996
 -35.157  120.402
 -39.429  124.683
 -30.835  118.685
 -26.798  139.287
 -18.273  124.624
 -41.024  137.542
 -29.532  129.686
 -32.270  134.965
 -35.367  134.599
 -34.938  136.699
 -35.725  136.221
 -31.256  141.910
 -13.353  116.519
 -27.558  138.092
 -42.332  130.868
 -32.034  141.192
 -35.674  134.444
 -23.916  127.904
 -32.919  135.603
 -32.738  133.531
 -31.679  123.088
 -37.345  130.633
 -31.461  132.612
 -22.878  135.118
 -29.917  138.475
 -34.742  149.868
 -35.615  124.519
 -29.844  141.210
 -18.572  129.861
 -24.599  132.368
 -51.282  134.634
 -17.794  136.423
 -23.332  135.114
 -17.135  129.227
 -38.086  115.985
 -33.754  133.774
 -20.339  133.216
 -26.635  131.711
 -34.556  121.167
 -25.242  137.814
 -30.737  132.003
 -31.557  138.135
 -39.605  123.755
 -43.632  146.427
 -33.149  129.562
 -34.910  159.608
 -16.124  123.287
 -41.259  132.168
 -37.417  125.663
 -31.799  128.682
 -28.449  128.765
 -25.907  132.870
 -31.501  126.333
 -26.754  120.516
 -37.455  142.930
 -33.931  124.105
 -35.689  140.042
 -45.425  125.123
 -42.720  146.555
 -29.150  129.424
 -28.617  139.615
 -34.415  141.556
 -26.972  137.426
 -26.235  141.713
 -28.812  137.226
 -29.561  135.145
 -41.995  138.599
 -32.418  127.842
 -33.405  135.812
 -36.888  140.046
 -33.729  132.684
 -25.166  145.011
 -31.608  118.213
 -37.912  135.036
 -30.387  126.207
 -29.160  135.987
 -32.651  148.297
 -32.702  137.906
 -17.676  125.060
 -28.737  126.844
 -17.651  136.073
 -27.471  132.713
 -30.508  131.541
 -33.706  135.814
 -31.249  138.446
 -30.750  137.468
 -22.623  132.402
 -21.922  131.931
 -32.772  142.292
 -18.384  135.466
 -24.667  131.610
 -25.051  133.794
 -23.616  129.211
 -30.816  137.235
 -34.027  141.654
 -34.226  141.918
 -30.626  123.454
 -23.113  132.646
 -26.357  124.124
 -41.732  114.025
 -37.592  131.271
 -37.549  139.863
 -19.898  134.936
 -26.083  136.912
 -27.418  120.813
 -34.388  128.492
 -34.040  125.131
 -37.245  135.350
 -36.399  139.268
 -15.194  125.036
 -21.761  141.551
 -32.692  128.191
 -30.012  129.189
 -35.068  135.839
 -36.402  119.627
 -40.002  150.996
 -21.680  124.913
 -39.476  128.956
 -35.455  138.467
 -30.780  124.931
 -31.315  138.272
 -32.677  134.778
 -29.765  138.742
 -34.028  133.274
 -26.448  141.398
 -27.200  126.578
 -35.306  120.269
 -31.305  136.618
 -47.673  133.550
 -38.015  129.480
 -30.113  136.323
 -27.951  134.388
 -23.742  131.128
 -33.322  138.186
 -29.557  129.203
 -32.869  141.351
 -43.034  139.876
 -26.291  151.143
 -24.090  132.628
 -22.490  126.346
 -40.580  148.199
 -30.906  129.131
 -38.714  124.394
 -21.363  124.957
 -25.301  133.914
 -24.507  131.509
 -29.202  125.286
 -20.035  133.828
 -24.889  130.728
 -39.318  125.850
 -34.689  130.971
 -33.238  121.338
 -44.262  135.251
 -29.872  124.842
 -28.891  146.463
 -38.345  129.664
 -25.000  139.678
 -41.151  141.215
 -27.826  130.387
 -44.584  139.642
 -43.318  137.358
 -36.084  143.039
 -25.611  128.979
 -31.779  122.202
 -27.800  133.562
 -34.562  132.064
 -19.899  126.640
 -30.739  125.097
 -29.056  145.767
 -30.309  137.243
 -18.511  131.715
 -32.030  127.125
 -37.023  133.802
 -28.071  129.683
 -23.986  137.679
 -22.273  131.239
 -34.941  129.042
 -31.448  130.639
 -33.196  156.793
 -41.835  151.071
 -32.364  140.859
 -23.334  128.483
 -41.556  135.188
 -29.504  137.633
 -33.664  135.984
 -31.588  134.338
 -24.384  125.468
 -19.530  134.169
 -38.780  129.784
 -37.435  126.842
 -51.685  124.196
 -40.278  131.723
 -18.290  116.279
 -29.851  130.407
 -36.794  131.229
 -32.531  119.104
 -30.643  149.454
 -24.805  123.174
 -27.179  140.818
 -47.502  129.802
 -37.473  142.880
 -42.710  127.055
 -54.626  131.547
 -28.668  136.748
 -25.434  125.370
 -27.690  127.977
 -26.160  133.092
 -28.872  126.405
 -38.147  125.268
 -12.527  122.086
 -24.312  122.067
 -34.954  137.339
 -31.396  127.614
 -39.517  137.781
 -39.236  131.895
 -25.537  110.787
 -40.891  142.295
 -40.474  134.338
 -21.469  128.126
 -37.706  139.579
 -36.072  134.225
 -29.279  130.799
 -34.216  123.028
 -24.952  129.593
 -28.182  128.199
 -36.671  124.136
 -20.293  134.981
 -35.865  131.068
 -30.081  124.335
 -43.506  133.880
 -23.076  133.066
 -33.424  133.739
 -37.832  140.069
 -35.422  131.289
 -33.795  129.748
 -34.953  137.219
 -44.918  138.015
 -34.499  127.039
 -39.676  137.417
 -30.694  133.393
 -26.029  136.147
 -33.445  136.490
 -30.523  128.303
 -29.506  124.920
 -21.818  131.169
 -38.691  131.718
 -25.622  122.218
 -37.565  139.767
 -24.389  139.431
 -34.721  138.073
 -30.702  136.086
 -34.284  138.534
 -30.836  128.172
 -48.777  137.093
 -41.254  144.061
 -28.391  125.532
 -39.788  136.520
 -32.080  127.508
 -28.829  129.132
 -35.128  138.470
 -30.471  142.538
 -35.312  126.284
 -28.671  136.992
 -40.744  128.408
 -25.955  141.678
 -26.129  130.941
 -31.427  141.667
 -28.815  119.294
 -36.798  136.163
 -40.955  133.928
 -30.673  133.577
 -20.336  134.002
 -21.827  133.024
 -34.088  131.298
 -30.712  150.939
 -28.402  147.129
 -37.456  133.734
 -23.691  128.628
 -20.800  128.115
 -30.472  135.627
 -40.704  138.540
 -25.355  127.484
 -35.172  134.280
 -37.902  144.049
 -22.832  129.347
 -19.230  139.967
 -21.722  135.633
 -38.401  139.292
 -28.452  133.752
 -42.431  136.532
 -38.549  131.347
 -36.302  134.927
 -28.446  134.352
 -45.203  129.218
 -35.503  126.292
 -31.677  127.313
 -24.628  138.493
 -32.503  131.351
 -31.787  125.960
 -27.119  125.676
 -39.914  133.961
 -24.690  127.988
 -43.523  129.575
 -44.165  128.734
 -23.384  134.401
 -36.494  123.091
 -34.259  135.130
 -32.195  132.593
 -29.442  129.321
 -40.142  133.301
 -39.656  131.021
 -46.296  127.909
 -26.057  118.574
 -31.107  133.055
 -31.530  132.256
 -22.493  127.458
 -25.279  127.231
 -22.648  131.590
 -36.324  143.743
 -26.088  124.750
 -31.741  127.379
 -30.967  120.819
 -20.591  132.555
 -32.650  133.927
 -25.227  133.607
 -45.350  128.478
 -31.934  143.617
 -29.739  123.505
 -36.639  141.270
 -32.592  130.902
 -17.928  131.652
 -23.497  139.095
 -38.697  128.719
 -26.974  136.010
 -25.562  125.073
  -9.391  118.823
 -30.029  148.392
 -43.349  143.331
 -31.198  139.011
 -13.747  106.294
 -22.447  138.488
 -24.529  119.519
 -48.654  136.413
 -28.634  126.146
 -37.579  128.666
 -27.515  132.929
 -37.260  131.799
 -33.491  129.970
 -39.173  133.709
 -34.400  145.591
 -32.324  138.101
 -39.985  124.704
 -36.911  120.496
 -40.801  131.985
 -35.559  144.584
 -38.066  144.727
 -26.459  134.805
 -28.035  130.740
 -29.577  137.394
 -29.633  126.227
 -36.034  137.149
 -40.241  140.810
 -15.721  137.537
 -27.170  127.519
 -31.066  117.088
 -36.907  139.463
 -20.434  127.254
 -24.010  123.946
 -33.946  137.365
 -33.487  139.453
 -36.766  126.687
 -31.851  136.548
 -32.587  138.588
 -29.381  133.681
 -36.530  134.015
 -34.642  132.220
 -46.206  137.213
 -35.337  132.495
 -39.127  128.041
 -39.272  138.803
 -43.132  131.755
 -34.489  140.616
 -27.854  131.760
 -33.483  134.143
 -11.192  130.699
 -20.234  126.742
 -41.156  130.611
 -35.207  137.070
 -21.067  131.668
 -30.512  133.241
 -37.683  130.854
 -37.866  133.517
 -32.324  130.174
 -33.446  137.236
 -41.640  143.400
 -32.759  139.791
 -24.635  133.058
 -29.745  122.248
 -36.756  145.115
 -34.615  139.230
 -32.315  130.606
 -33.620  127.730
 -25.814  124.866
 -35.200  130.910
 -31.537  127.344
 -37.757  131.165
 -46.433  140.741
 -34.389  138.512
 -27.697  129.024
 -26.605  137.859
 -40.850  125.756
 -46.362  133.278
 -28.586  131.481
 -30.869  128.914
 -36.361  138.723
 -22.250  125.088
 -28.150  129.657
 -30.072  129.118
 -37.965  125.512
 -29.252  131.794
 -30.843  143.146
 -23.776  134.770
 -37.172  127.607
 -38.938  119.810
 -24.285  119.336
 -36.160  139.034
 -24.415  132.028
 -31.313  142.915
 -32.349  142.967
 -22.853  147.937
 -26.281  145.387
 -36.540  130.842
 -24.844  133.982
 -25.081  132.457
 -32.012  140.609
 -30.182  135.304
 -39.361  136.963
 -30.125  127.988
 -40.357  133.612
 -33.118  126.102
 -25.996  134.190
 -24.243  132.599
 -39.987  134.919
 -15.646  133.386
 -29.672  148.877
 -45.528  128.988
 -35.965  129.617
 -37.719  128.530
 -34.124  134.835
 -47.221  132.133
 -32.881  139.065
 -38.099  145.636
 -26.102  132.431
 -31.404  111.695
 -22.003  131.505
 -38.936  132.983
 -35.655  123.576
 -35.578  114.393
 -43.013  126.626
 -35.529  128.389
 -29.738  116.076
 -46.193  147.307
 -25.110  144.875
 -23.097  121.170
 -33.634  115.862
 -34.457  132.461
 -35.583  132.608
 -35.126  126.084
 -24.502  119.105
 -33.652  143.955
 -35.592  143.775
 -41.186  134.768
 -36.857  139.909
 -38.469  144.186
 -31.434  139.094
 -39.569  133.502
 -41.619  134.611
 -28.951  134.943
 -15.516  133.216
 -37.118  131.271
 -28.257  126.611
 -43.676  131.166
 -28.810  144.280
 -27.290  135.494
 -33.532  152.184
 -36.749  128.846
 -37.839  134.585
 -26.058  128.564
 -38.348  125.150
 -35.540  119.965
 -28.735  139.750
 -30.666  128.660
 -34.257  124.535
 -34.636  129.722
 -27.423  133.171
 -43.809  128.024
 -36.538  139.461
 -43.271  142.623
 -36.345  126.368
 -26.878  136.019
 -26.857  127.640
 -29.714  138.101
 -28.337  128.538
 -18.390  134.683
 -35.367  136.595
 -25.627  138.195
 -31.824  138.190
 -34.280  132.563
 -27.172  119.840
 -36.208  122.365
 -33.715  142.588
 -21.901  141.494
 -30.923  120.846
 -37.164  129.728
 -19.051  129.138
 -33.593  125.158
 -20.849  132.489
 -38.234  137.280
 -33.753  139.909
 -29.104  131.033
 -27.506  135.467
 -21.802  117.931
 -22.150  124.205
 -40.235  138.511
 -37.878  135.031
 -31.784  127.821
 -30.227  119.771
 -41.742  140.506
 -27.399  152.403
 -22.306  135.277
 -40.617  138.582
 -40.065  135.615
 -27.624  126.196
 -36.923  126.605
 -38.552  142.792
 -28.984  124.941
 -29.168  138.048
 -31.773  138.902
 -36.561  137.843
 -27.587  136.933
 -33.985  128.895
 -48.901  133.733
 -28.681  142.387
 -18.011  129.059
 -42.706  126.825
 -26.279  128.600
 -37.508  122.303
 -26.952  140.982
 -23.970  135.229
 -38.281  121.173
 -31.971  129.956
 -44.523  133.143
 -31.987  136.641
 -26.037  128.840
 -45.814  140.265
 -42.768  133.925
 -37.172  140.052
 -45.882  139.937
 -30.267  118.958
 -32.008  139.608
 -39.014  146.326
 -38.847  143.216
 -32.586  130.448
 -37.308  131.100
 -36.846  130.896
 -37.467  117.088
 -29.642  117.338
 -30.529  135.550
 -31.922  133.802
 -20.978  130.750
 -36.816  139.201
 -31.627  128.807
 -19.559  137.092
 -23.973  128.069
 -22.127  128.550
 -26.455  148.067
 -24.437  138.569
 -30.785  129.833
 -18.518  116.615
 -25.525  141.315
 -30.423  132.072
 -32.498  129.969
 -32.100  141.422
 -34.427  140.604
 -24.867  125.554
 -36.637  110.841
 -44.725  139.280
 -31.052  137.278
 -32.146  137.246
 -28.191  128.210
 -30.013  124.412
 -28.450  129.897
 -20.067  141.491
 -24.533  134.653
 -24.530  137.551
 -32.727  121.252
 -28.174  148.186
 -33.858  128.855
 -30.134  145.345
 -38.115  134.635
 -27.077  142.277
 -43.447  147.099
 -46.760  158.845
 -23.545  137.024
 -47.030  133.609
 -32.844  123.124
 -29.977  125.083
 -34.067  137.048
 -28.575  128.171
 -36.277  128.402
 -27.584  132.763
 -39.044  119.276
 -23.081  128.986
 -29.420  144.885
 -31.994  139.924
 -48.665  134.622
 -29.254  127.136
 -38.126  146.751
 -19.962  127.538
 -40.307  138.595
 -39.063  147.154
 -26.819  134.632
 -29.149  130.949
 -20.893  129.566
 -34.173  141.746
 -21.406  130.873
 -19.645  141.751
 -30.635  124.874
 -39.374  125.853
 -32.670  139.752
 -34.741  138.900
 -40.189  134.608
 -24.632  122.518
 -44.988  139.903
 -34.862  129.191
 -39.879  143.866
 -33.638  142.545
 -24.217  124.901
 -24.741  117.798
 -38.514  147.284
 -34.368  128.794
 -34.795  124.970
 -28.450  131.640
 -28.604  127.654
 -31.417  145.365
 -24.999  125.240
 -36.596  144.359
 -39.640  135.107
 -37.586  125.504
 -24.840  117.649
 -38.166  118.883
 -15.629  128.859
 -33.457  133.032
 -29.998  138.755
 -42.685  135.475
 -37.760  142.587
 -33.557  124.200
 -29.791  126.760
 -22.237  122.943
 -28.049  141.577
 -42.955  148.537
 -33.468  124.009
 -38.499  143.576
 -27.406  133.000
 -23.525  138.514
 -37.823  135.342
 -25.013  112.445
 -29.683  138.637
 -33.179  144.302
 -28.657  138.030
 -20.042  140.051
 -31.390  142.232
 -36.190  128.136
 -29.086  127.094
 -24.916  133.748
 -39.787  127.476
 -43.585  124.768
 -40.450  139.746
 -30.638  125.088
 -26.083  132.938
 -28.724  145.078
 -28.173  137.345
 -21.888  153.719
 -30.137  134.755
 -25.379  120.391
 -31.164  120.968
 -38.044  130.031
 -26.575  129.641
 -14.491  137.079
 -26.482  123.277
 -43.645  136.215
 -52.317  137.181
 -26.641  109.364
 -38.323  132.360
 -30.629  140.137
 -29.140  137.650
 -27.143  134.338
 -45.494  133.843
 -26.125  138.429
 -38.191  130.497
 -32.004  123.574
 -43.345  132.433
 -37.533  131.889
 -38.357  142.295
 -37.670  121.705
 -33.972  133.602
 -41.696  137.615
 -26.032  124.889
 -27.858  130.658
 -38.041  136.297
 -20.186  131.035
 -30.641  124.535
 -46.221  134.442
 -30.547  136.719
 -34.351  140.404
 -28.633  120.436
 -25.211  111.705
 -35.603  143.796
 -29.271  115.564
 -33.677  142.376
 -34.010  124.249
 -20.469  135.931
 -34.921  149.530
 -44.219  131.640
 -38.774  135.521
 -33.350  120.739
 -31.687  125.237
 -38.768  134.816
 -29.462  144.929
 -29.282  135.531
 -40.295  134.129
 -36.262  130.459
 -31.650  134.249
 -29.544  124.240
 -31.919  127.160
 -34.313  141.640
 -35.828  141.684
 -28.388  129.908
 -17.338  125.759
 -31.019  131.371
 -25.126  127.088
 -31.878  121.310
 -31.511  121.571
 -34.798  129.597
 -23.145  117.947
 -12.566  140.563
 -16.487  121.673
 -31.113  134.523
 -29.821  138.279
 -30.178  132.149
 -24.599  127.967
 -35.788  140.235
 -32.799  136.436
 -28.866  131.998
 -32.933  131.023
 -21.548  122.260
 -27.491  112.874
 -27.836  131.362
 -28.281  133.868
 -35.195  134.384
 -30.260  126.530
 -24.178  132.266
 -19.385  136.508
 -23.796  125.286
 -20.212  144.569
 -43.427  136.355
 -31.498  135.641
 -40.634  140.942
 -40.480  144.388
 -38.003  123.630
 -34.759  150.596
 -18.995  117.138
 -33.302  136.941
 -41.137  135.685
 -34.030  131.399
 -34.050  129.140
 -33.491  112.442
 -27.716  126.311
 -45.877  122.018
 -26.727  127.948
 -45.569  132.012
 -23.126  141.517
 -42.400  132.488
 -29.953  128.687
 -30.383  145.431
 -46.985  141.432
 -28.887  130.727
 -50.103  142.443
 -30.818  129.481
 -33.762  130.993
 -20.990  117.694
 -24.090  123.952
 -39.171  125.615
 -31.424  131.071
 -22.830  125.996
 -21.087  136.148
 -32.978  132.103
 -19.460  118.560
 -28.640  130.558
 -23.133  129.022
 -36.002  123.788
 -35.255  132.668
 -19.371  128.014
 -19.545  139.018
 -40.118  136.094
 -37.156  131.904
 -25.503  123.817
 -36.871  144.828
 -31.118  132.917
 -23.275  130.000
 -32.066  134.799
 -27.035  121.652
 -36.011  136.877
 -45.331  124.043
 -39.000  118.804
