 112.476  137.626
  96.877  157.614
 110.650  142.814
  97.956  152.773
  90.837  139.019
  99.111  150.383
 101.752  153.161
 101.914  157.163
  97.462  145.125
  93.372  147.733
  82.597  142.750
  82.594  142.230
 104.187  149.794
  97.344  148.722
 102.419  142.540
  99.702  144.708
  96.601  151.153
  89.207  135.562
  96.262  162.725
  99.037  148.727
  94.363  135.682
  95.019  144.127
 107.387  137.798
  98.216  160.329
  93.088  145.069
  92.024  150.623
 112.085  158.169
  89.536  156.019
  77.050  148.242
  93.433  151.928
 103.375  157.419
  93.511  151.806
 106.584  150.217
 106.009  145.073
  98.513  139.545
 104.924  142.711
 110.161  153.503
 103.735  144.053
  98.121  162.102
  88.673  149.291
  91.310  149.708
 109.625  156.611
  95.418  151.631
  89.209  137.111
 104.673  151.120
  99.039  148.945
 115.292  154.849
 101.686  150.026
 107.586  147.277
 100.149  152.675
  97.587  157.370
 105.402  133.600
  83.921  143.544
  97.323  151.866
  93.526  132.759
 103.748  159.462
  93.701  149.990
  98.307  153.906
  94.019  153.332
 101.867  147.947
  95.856  150.709
 107.237  154.196
  99.433  153.326
  89.487  152.851
  91.661  156.930
  96.855  144.028
  88.198  164.416
 106.663  140.351
 113.336  164.220
 105.113  153.591
  93.844  144.913
  96.052  143.091
 110.129  143.229
 101.654  157.236
  89.451  146.768
  86.263  151.313
  94.681  148.895
 107.460  136.884
 102.349  139.842
 115.493  145.466
 104.501  154.413
  99.566  145.060
 112.728  150.561
 100.205  145.058
 105.966  139.129
 101.439  153.825
 102.992  138.371
 101.182  164.036
  97.213  149.654
  99.065  141.942
 104.051  146.748
  86.594  154.485
  94.523  141.682
 104.842  146.213
  97.027  151.439
 103.973  157.032
 101.523  154.941
 101.499  140.273
  97.505  159.046
 119.440  135.600
  97.356  147.254
 103.550  151.507
  92.698  147.257
  98.014  148.298
  91.875  155.728
  93.483  149.382
  96.278  139.234
  96.894  146.959
 102.417  146.700
  89.597  154.706
  98.812  153.303
 100.174  136.633
  89.290  143.543
 108.086  147.523
  98.807  155.039
  88.700  142.644
  99.854  159.481
 110.798  148.320
 101.731  156.090
 102.973  155.906
  97.584  143.275
  97.922  139.648
  94.945  161.765
 101.032  148.417
 106.551  156.154
 101.456  157.093
  88.932  157.327
  99.678  150.380
 100.042  140.018
 107.037  147.302
 110.135  160.731
  98.886  148.414
  92.845  152.893
 127.445  148.059
 108.093  143.295
 107.487  137.259
 111.345  137.113
 108.183  136.366
 111.462  153.457
 106.247  150.232
  88.350  145.812
  94.226  160.016
  93.278  146.225
  99.478  143.325
  94.449  150.038
  99.962  142.061
 108.764  150.589
 103.806  145.452
  92.888  153.443
  99.316  148.447
  98.120  157.649
 114.486  150.549
  99.015  143.666
  88.353  144.220
  93.282  146.077
  95.197  152.075
  94.433  138.377
  98.787  145.619
  97.079  154.183
  90.858  151.825
 100.672  138.542
  96.996  149.059
 100.231  153.897
  95.091  151.481
  97.926  145.906
  99.261  131.780
  95.145  150.384
  96.963  154.622
 101.022  154.728
 104.583  142.241
 104.788  136.990
  84.370  142.835
 116.936  148.926
 103.110  148.349
  94.598  163.135
 103.220  143.060
 104.032  160.020
  95.062  141.909
 111.226  153.060
 104.061  145.608
 103.100  154.674
 121.837  139.369
 119.519  154.889
 100.101  141.144
 100.627  152.050
  95.698  148.013
 113.164  144.928
  87.295  139.466
 102.817  157.352
  94.879  145.831
  94.839  127.317
  95.504  132.560
 102.431  142.625
 103.459  141.403
  90.966  148.238
  88.198  152.617
  95.476  148.501
 103.286  149.026
 100.315  143.874
 102.256  144.871
  87.676  139.492
 103.530  141.984
  92.875  146.717
 103.477  150.112
 106.503  153.353
  92.365  140.122
 101.299  148.410
 112.981  146.810
  98.714  144.902
 111.267  138.936
  98.273  151.722
 116.789  151.452
  99.308  145.655
  99.342  138.036
  93.365  146.337
  98.188  149.211
  94.796  152.542
 104.995  154.306
  98.841  149.202
  90.202  141.208
  90.658  160.932
  85.494  162.174
  95.933  153.045
  92.010  139.084
 100.071  150.296
 103.356  142.499
  96.199  155.396
 112.819  138.992
 107.353  137.987
  94.781  144.008
  97.997  137.251
 100.628  150.036
 103.443  143.592
 100.252  150.460
  94.885  144.645
 101.869  141.945
 113.130  152.671
  98.572  136.000
  92.842  145.571
  94.250  157.380
  93.297  159.119
  89.781  150.980
  94.680  150.595
 105.935  140.345
 101.721  151.458
  84.169  144.261
  92.719  154.475
 102.605  155.206
 100.711  143.153
 113.217  148.959
 115.895  160.544
  96.508  154.260
 106.484  144.746
  93.603  145.461
  92.990  146.058
  95.837  157.905
 103.408  155.684
  87.192  145.577
  92.398  138.708
  82.730  152.816
  89.470  149.220
 102.926  156.461
 108.109  155.472
  95.316  155.369
 101.055  146.080
  99.323  152.775
  96.943  147.190
 103.322  156.541
 107.810  147.871
  92.428  150.667
  99.130  158.609
 104.182  141.423
  93.234  138.194
  88.939  152.670
  93.590  143.057
  95.854  157.680
  89.966  154.071
 104.584  141.558
 106.954  151.715
  96.583  142.407
  99.874  146.438
 117.684  155.300
  89.919  141.780
  88.436  139.459
  98.019  149.968
 100.321  159.208
  98.089  147.673
  97.545  149.368
 101.171  153.223
 109.546  163.178
 102.712  156.393
  99.578  160.430
  92.937  149.853
  95.677  146.740
  95.978  150.123
 104.791  163.248
  99.403  149.769
  97.625  150.259
  94.128  148.159
  96.916  150.488
  95.645  152.091
 106.199  140.049
 110.043  141.704
 107.338  135.322
  96.345  150.175
 100.519  149.646
  98.930  146.340
  91.675  147.889
  99.297  145.977
  93.543  157.695
 101.358  142.156
  95.373  142.631
  98.292  137.080
  96.835  156.299
  83.921  152.865
 106.751  148.848
 103.563  154.912
 104.803  154.398
  93.326  141.432
  99.707  148.378
  98.135  157.563
  99.759  160.579
  96.924  151.963
  95.532  154.811
 116.393  148.879
 100.955  145.483
 104.539  132.994
 106.757  135.272
 107.020  145.352
  97.565  142.843
 107.382  140.621
  98.040  158.750
 101.527  147.323
  91.709  150.082
 104.778  139.502
 100.308  149.097
  97.475  144.062
 106.176  153.548
  84.365  154.927
 105.989  148.249
  95.714  141.044
  93.267  146.612
 100.182  146.944
  87.561  159.479
  96.096  132.077
 106.204  149.954
  94.046  152.698
 102.489  143.100
 104.501  146.667
 116.399  151.549
  85.785  161.610
 108.793  155.437
 103.102  145.296
  99.909  158.685
  88.989  156.323
 122.678  143.963
 103.146  150.243
  99.566  146.768
  92.797  140.315
  98.082  152.866
  98.835  144.223
 105.954  146.321
 104.790  141.852
  91.280  148.661
  84.368  153.300
 100.098  155.802
 104.644  147.450
 109.567  145.912
  96.187  152.569
 103.291  148.093
 103.189  152.553
 112.842  139.754
 109.450  151.559
  98.155  136.616
  98.846  149.062
 102.616  152.686
  98.195  143.610
 107.203  155.412
 102.327  139.719
 100.912  149.049
 106.219  142.382
 113.423  146.183
  93.475  146.081
 121.377  151.539
 111.978  144.318
 105.288  144.564
  94.915  151.141
  88.527  151.498
 124.666  145.677
  97.677  157.092
 109.259  147.288
  96.768  158.629
  98.831  150.655
 104.863  153.917
  93.451  153.994
 100.019  159.786
 108.196  153.600
  88.125  154.289
  96.109  145.061
  89.453  152.399
  86.178  145.566
  92.769  154.726
 102.625  138.874
 106.596  155.885
  85.714  153.651
 106.605  155.420
 106.432  152.876
  95.817  138.318
 100.247  150.047
 115.238  142.914
 106.580  150.976
  87.804  152.601
  98.232  139.348
  95.484  146.979
  99.096  159.966
  93.530  154.685
 100.526  139.330
  98.843  162.855
  95.064  147.630
  93.172  152.823
  89.658  162.460
  91.622  145.980
  97.512  154.644
 107.890  156.858
  94.071  143.631
  91.060  151.195
 106.889  155.034
 109.418  149.836
  92.537  140.135
  96.372  149.402
 103.202  149.512
  90.404  153.774
 104.221  137.179
  92.210  143.999
 115.582  155.480
  85.950  144.160
  90.342  156.787
 113.398  148.147
  90.369  153.980
 101.369  145.274
 102.072  141.629
  96.970  139.668
 102.481  148.140
 105.927  136.379
  95.914  135.881
 123.972  154.179
 106.499  151.092
 102.351  135.677
 107.638  154.253
  93.125  149.696
  87.010  144.879
  94.604  152.586
 105.372  156.297
  93.866  152.188
  97.349  142.464
 104.973  134.489
 101.703  149.003
 108.814  151.230
  82.671  144.932
  95.599  140.418
 105.570  139.465
 108.778  152.212
 101.856  148.291
  93.534  155.530
  91.343  154.759
  87.195  156.463
 126.595  152.511
  88.144  162.840
 109.258  159.548
  95.761  144.724
 105.220  156.230
  94.079  147.733
  98.264  144.924
 104.213  157.819
 104.887  147.173
  91.385  155.658
 104.594  139.691
 113.131  144.628
 106.553  145.839
 100.020  161.398
  97.413  148.780
  96.634  133.403
  93.752  139.382
 105.966  152.024
  95.392  145.644
  97.043  149.662
 115.256  136.132
 102.868  153.114
  86.383  157.053
  93.077  160.694
  93.604  159.109
 104.265  151.874
 101.252  154.662
  97.348  142.883
  83.030  155.139
  97.915  139.102
  83.718  157.679
 103.343  159.454
  89.869  148.666
  93.311  148.783
 104.723  151.730
  93.537  158.293
 115.403  153.423
  97.591  155.940
 106.950  149.677
  94.628  156.624
  99.114  152.347
  93.981  139.210
 107.670  145.891
  95.278  152.649
 109.740  155.366
 103.225  146.538
  99.779  143.873
 100.489  146.866
  89.066  153.771
 109.334  156.940
 102.753  144.785
  97.129  139.962
 101.175  157.834
  95.315  160.125
 100.915  149.084
 123.320  145.915
 105.604  138.461
 105.568  123.412
 117.360  139.435
 104.272  142.121
  83.839  152.841
  97.576  138.252
  98.006  158.308
  96.236  147.644
 114.300  153.644
  91.021  130.432
 108.039  145.265
 104.949  148.944
  94.114  157.681
 111.389  145.589
 107.399  148.503
  99.928  140.384
  94.451  148.014
 101.519  146.584
 105.476  146.177
 110.287  145.863
  99.624  144.927
  97.177  149.358
 100.688  152.099
 112.363  142.315
  99.644  147.741
  89.563  154.664
 105.436  142.406
  98.661  150.371
  89.460  139.448
  93.154  143.515
  95.582  155.420
 107.349  148.402
 107.272  150.145
 102.582  164.618
 111.020  164.496
  95.638  146.207
 107.663  143.525
 101.469  151.512
  92.499  149.258
 102.292  147.313
  95.581  151.776
 115.371  155.477
 113.595  147.137
  97.562  141.471
 108.639  156.063
  91.643  152.413
  97.110  144.430
 117.387  141.659
  93.211  142.660
 101.240  139.747
  95.957  143.212
  95.731  135.508
 107.092  145.701
 104.703  147.993
 100.238  155.414
 104.058  146.255
 103.082  145.739
 103.052  145.671
  89.451  162.029
  90.196  131.346
 108.402  136.896
 107.041  146.644
  81.279  140.138
  91.366  138.128
  99.047  154.836
  91.980  149.669
  99.028  144.072
 110.809  155.070
  84.767  145.830
  94.090  152.100
 104.441  144.609
 101.327  147.723
 111.202  147.523
  98.881  149.358
  99.877  147.167
 111.060  136.819
  85.975  143.879
 106.554  134.074
 102.665  154.592
 108.238  160.113
  92.342  153.939
  96.347  149.016
  95.148  157.635
  87.762  151.065
 101.680  136.976
  98.014  163.379
 108.710  164.040
  87.020  143.031
 107.451  143.736
  85.638  152.734
  99.041  152.558
  97.945  140.348
 102.763  143.002
 102.968  140.692
  90.228  128.448
  90.200  141.778
  99.539  141.275
  98.321  142.230
  97.285  141.203
 103.281  149.852
 102.303  147.560
 111.237  153.389
 101.865  147.469
  97.025  154.060
 109.099  146.101
 110.625  150.826
 101.508  154.116
  88.278  147.209
 109.016  160.080
 106.523  153.066
  94.082  154.223
  90.072  159.650
 101.007  137.057
  82.286  155.310
  93.588  149.245
  97.156  143.015
 102.083  148.292
  94.170  137.883
  95.169  143.305
  96.241  140.992
  96.339  155.677
  89.761  150.428
 101.968  140.329
  96.845  175.571
  92.826  149.660
  93.430  154.608
  85.736  156.703
 105.796  139.232
 106.099  150.482
 129.663  157.700
  92.840  149.453
  83.496  148.034
  97.692  153.293
 106.370  139.819
 103.805  144.176
  89.641  143.725
  92.130  140.688
  93.103  155.565
  99.679  155.600
 109.410  138.987
 108.108  133.746
  99.135  148.428
  83.708  158.236
 113.423  159.135
  81.627  148.987
  93.687  151.181
  92.144  173.795
  98.819  145.395
  95.388  158.345
 106.775  159.085
 102.530  147.994
  94.204  145.023
  97.191  148.200
 102.347  139.023
 100.611  147.544
  93.912  141.963
  91.596  145.659
 105.557  155.385
  89.521  159.166
  81.338  156.928
  98.202  146.487
  95.836  141.701
  90.724  137.369
  96.422  154.529
 106.986  152.093
 115.603  140.119
 104.918  163.012
  96.508  150.363
 103.482  155.893
 107.970  149.988
 103.902  146.467
 105.496  140.684
  95.531  152.459
 102.351  160.318
  92.842  147.814
  96.384  147.147
  87.426  146.755
  98.049  159.065
 111.475  148.021
 103.321  154.335
  93.947  148.471
 102.228  156.407
 105.432  150.180
  98.928  144.824
  96.200  153.247
  95.116  152.816
 118.536  157.595
 104.913  152.014
  88.837  136.626
  98.442  144.386
  93.269  151.105
 101.286  138.509
  96.648  133.921
  93.659  122.266
 103.147  145.986
  98.589  142.588
 101.754  149.761
  96.010  159.389
  81.554  147.850
  99.096  142.866
 121.512  145.731
 112.573  146.592
 113.044  150.686
 104.784  150.650
 108.393  153.746
  98.244  138.650
  94.970  164.533
  92.357  155.443
  85.505  151.741
  91.319  144.648
  98.214  154.044
 100.999  150.654
  97.970  150.878
 108.090  155.433
  98.914  155.399
  96.641  141.762
  99.161  145.253
 100.814  154.132
  99.085  146.345
  98.173  149.834
  97.978  143.781
 121.422  146.032
  93.700  148.089
 110.317  150.869
  85.744  156.012
 113.299  140.681
 101.433  153.467
  82.910  146.458
  93.780  147.826
  93.247  158.986
 104.968  156.471
  97.366  153.455
  92.860  145.630
  99.368  139.877
 103.293  141.789
 102.520  147.584
 104.599  136.952
  98.866  146.245
 103.158  157.849
 100.290  145.693
  99.574  150.015
  86.617  137.852
 100.798  140.769
 106.538  156.220
  99.541  146.440
  88.775  144.847
  99.805  138.974
  98.801  145.685
 102.496  154.405
 103.334  150.855
 101.469  150.945
  94.713  157.442
 108.323  145.922
 107.395  145.910
 110.807  147.691
 119.702  148.455
  97.865  150.923
 112.830  143.778
 110.962  147.221
 102.024  135.844
 105.794  148.645
  97.007  141.483
 110.407  146.105
  85.113  159.844
 117.701  144.230
 107.410  147.151
 113.861  149.331
 106.295  150.097
  98.511  149.753
  96.103  156.791
 105.220  146.184
  90.748  153.166
  97.027  144.978
 116.723  149.404
  92.428  144.447
 111.706  141.787
  96.936  150.226
  92.275  160.590
  98.607  145.676
  84.047  148.583
  89.027  145.253
  91.751  124.096
  92.421  155.072
  99.670  140.275
 103.218  151.594
  84.902  143.458
  95.938  148.148
  98.065  164.469
  97.682  158.225
  91.605  152.758
 105.461  143.431
 112.153  145.684
  99.649  141.683
  91.439  148.651
 104.660  155.241
 109.992  148.180
 102.005  144.245
  91.148  161.575
 104.336  138.909
 101.744  157.863
 101.836  140.482
  95.585  146.253
  89.760  149.349
  86.614  133.998
  96.023  146.066
  92.253  146.059
 100.906  155.117
  94.545  144.451
  96.205  128.796
 110.167  146.673
  98.002  129.422
  93.534  165.550
 101.812  145.970
  99.998  144.546
 106.820  141.361
 110.228  159.995
 112.973  145.307
  98.598  142.663
  97.830  157.173
  93.671  149.975
 101.887  136.159
 105.659  145.112
 107.340  150.170
  94.856  154.491
 102.308  138.453
  88.336  148.724
  95.115  135.309
  97.416  162.195
 116.249  144.268
 113.615  161.841
  97.028  152.123
 102.201  138.265
 109.119  157.676
  94.538  150.837
 103.325  143.634
  95.637  157.255
  94.393  146.258
 105.475  150.932
 103.517  148.920
 107.930  149.081
 109.478  147.404
  98.734  161.569
  99.907  141.889
  88.272  147.817
  99.970  148.525
  97.319  147.668
  95.043  139.797
 109.248  141.981
 101.654  148.622
 113.507  154.652
  86.538  150.497
 116.619  149.607
  91.223  158.317
  84.475  142.104
 102.070  144.586
  98.681  147.033
  89.339  143.533
 105.711  151.139
  92.615  154.287
 113.149  145.645
 117.221  143.027
  96.863  148.112
 105.963  150.133
 116.679  141.325
  87.068  152.240
 106.041  147.419
  92.030  150.814
 105.356  137.066
  94.645  143.457
  92.429  149.577
 104.476  140.553
  92.951  144.447
  91.775  139.748
 105.666  146.384
  94.299  130.730
 102.576  148.885
  97.597  160.637
  97.906  146.663
  87.382  149.245
  96.088  150.501
 101.367  147.747
  93.617  155.904
  96.761  158.305
 107.475  139.236
  96.195  143.893
  99.154  136.098
 107.787  143.057
 101.085  154.901
  97.177  148.099
  95.008  156.660
  98.257  146.236
 103.093  154.684
  99.613  151.049
  96.883  134.967
 109.846  152.600
 121.947  131.918
 102.994  145.304
 101.522  151.337
 101.386  136.319
 100.524  151.631
  87.832  140.502
  97.691  152.572
  91.854  142.235
 108.001  149.384
  93.236  145.997
 103.579  154.336
  98.530  139.580
  94.640  143.276
  92.426  138.677
  89.031  155.167
 108.240  150.877
  84.684  149.614
 102.666  145.704
 104.544  145.568
 100.290  149.834
  96.007  153.303
 103.735  141.996
 100.130  154.728
 102.918  146.009
  98.530  137.947
  94.440  154.107
  98.623  147.796
  90.232  152.337
  87.942  148.458
 115.399  150.886
 107.680  146.351
 102.391  153.341
  98.461  144.849
 108.030  142.424
  95.609  140.245
 111.674  144.850
 103.548  153.411
 104.006  150.315
 107.295  154.734
 102.665  138.739
  93.174  143.728
  89.806  146.273
  96.083  148.597
  92.744  141.595
  96.737  148.064
 102.025  149.429
 102.564  158.488
 103.204  140.990
 106.041  157.717
 106.257  156.525
 101.585  152.248
  94.807  144.340
  98.867  157.224
  97.876  161.156
 103.174  143.871
  90.945  155.039
  94.118  142.014
  90.197  144.358
  99.661  135.918
 105.407  150.234
  98.618  148.342
 109.087  149.548
  97.162  152.148
  90.966  148.144
 105.675  152.845
 107.785  143.330
  99.414  154.031
  86.555  141.223
 109.056  156.371
 100.482  153.984
 114.715  145.219
  99.508  141.756
  98.647  169.451
 100.943  139.712
 105.792  147.539
  94.498  157.208
  97.352  149.365
  87.315  137.462
  92.944  157.274
 111.554  152.059
 105.755  137.752
  94.572  146.959
  98.344  135.130
