-154.604  158.959
-150.198  154.704
-128.826  138.159
-143.957  141.278
-146.348  156.405
-152.148  151.529
-151.270  149.363
-151.227  157.319
-156.873  153.467
-145.714  145.944
-152.427  156.406
-148.205  158.502
-140.233  150.466
-150.377  159.301
-148.268  152.775
-149.839  144.284
-142.004  163.856
-146.751  155.961
-142.243  159.264
-152.375  157.422
-140.397  170.061
-146.968  143.185
-138.447  149.662
-149.857  147.905
-143.977  143.250
-144.830  142.297
-141.752  153.727
-154.317  161.247
-142.190  146.990
-146.056  154.716
-142.267  163.574
-147.698  147.270
-140.552  150.964
-159.478  155.844
-156.823  158.654
-141.392  152.518
-144.984  148.526
-149.946  141.847
-155.788  156.010
-143.866  143.669
-146.646  150.537
-155.760  146.830
-139.187  145.494
-147.981  161.049
-151.019  163.091
-141.863  156.978
-154.297  158.618
-151.400  144.104
-130.698  153.054
-154.651  154.519
-149.714  159.191
-143.493  162.803
-134.038  152.659
-162.401  148.476
-140.742  146.704
-168.505  163.008
-157.526  151.447
-142.012  160.501
-161.798  136.229
-156.283  145.662
-166.520  152.062
-156.192  151.158
-154.355  140.606
-146.754  168.243
-137.200  152.649
-137.307  153.656
-143.672  144.500
-137.093  156.888
-156.354  154.416
-148.619  150.883
-144.162  146.255
-152.216  159.814
-143.993  156.049
-141.833  156.358
-142.412  163.290
-164.789  140.670
-148.956  157.862
-160.862  158.311
-149.293  158.800
-144.741  154.719
-146.303  155.234
-155.874  156.161
-154.586  161.488
-131.087  157.305
-156.697  160.453
-159.598  161.068
-140.048  155.038
-145.802  155.521
-139.311  165.718
-147.586  155.362
-150.058  143.128
-160.535  147.972
-153.453  161.053
-152.219  154.645
-151.963  154.664
-145.757  154.547
-156.359  151.639
-142.581  153.726
-148.686  140.324
-154.084  155.126
-160.971  149.099
-141.815  149.650
-143.052  148.281
-138.526  139.253
-146.018  151.598
-140.196  146.275
-160.295  159.180
-137.080  152.834
-152.764  151.696
-165.478  161.142
-153.552  163.580
-145.926  153.328
-148.079  155.647
-152.325  158.238
-138.873  153.663
-156.795  147.307
-166.344  156.393
-161.539  151.699
-138.510  149.341
-154.457  149.683
-148.932  162.482
-149.322  163.933
-146.474  155.146
-153.588  152.994
-144.816  145.088
-150.438  151.402
-145.757  142.056
-141.977  133.728
-145.774  143.696
-154.730  148.102
-141.907  155.873
-143.081  153.465
-143.046  155.142
-150.066  151.566
-156.641  156.543
-159.087  142.062
-152.161  141.517
-158.520  134.096
-146.751  136.317
-148.734  151.203
-158.139  159.944
-141.242  153.410
-155.838  159.188
-153.013  158.031
-140.740  158.718
-147.683  148.796
-154.582  153.983
-157.787  155.295
-151.818  149.239
-149.300  155.901
-151.920  158.119
-140.602  139.111
-139.542  152.335
-146.838  156.618
-155.592  145.255
-147.288  151.208
-163.358  152.750
-147.215  150.107
-138.672  143.380
-149.435  158.756
-136.816  146.271
-152.647  161.056
-150.168  163.447
-140.481  153.377
-140.861  143.906
-148.984  155.164
-147.736  154.110
-140.269  138.957
-149.722  144.680
-155.448  149.968
-137.618  160.535
-147.660  154.592
-133.495  142.343
-141.431  145.472
-148.248  153.139
-151.288  157.942
-161.109  157.285
-158.612  162.201
-148.720  145.495
-162.067  150.188
-164.162  146.196
-139.428  154.414
-142.621  150.265
-147.888  149.337
-157.792  151.045
-147.449  167.680
-161.000  161.899
-158.707  153.272
-155.482  141.463
-148.506  149.469
-152.355  157.632
-154.991  148.238
-154.479  161.879
-146.429  155.677
-146.522  151.585
-151.631  155.815
-165.059  163.880
-142.138  150.282
-142.691  148.946
-155.951  156.696
-157.543  165.462
-140.771  149.128
-162.023  147.099
-151.711  137.576
-174.588  154.953
-150.930  165.153
-162.810  141.738
-148.743  164.463
-133.759  144.159
-165.112  156.893
-143.583  142.574
-150.827  154.923
-151.582  134.067
-163.529  144.585
-156.512  149.574
-138.896  163.177
-153.474  144.422
-144.685  146.006
-133.252  159.194
-153.296  141.152
-149.400  145.829
-147.670  157.807
-149.742  142.616
-150.956  151.708
-153.338  158.893
-159.727  149.240
-150.188  149.465
-156.774  164.977
-158.124  142.889
-149.839  154.303
-151.712  145.200
-149.422  144.356
-164.097  150.020
-149.989  140.106
-151.884  162.768
-157.202  146.184
-153.829  142.194
-147.209  152.908
-149.506  155.087
-146.543  147.904
-145.824  167.436
-147.252  147.411
-146.055  163.960
-147.934  144.349
-149.926  139.403
-150.998  150.008
-138.073  151.419
-138.419  142.980
-153.802  162.618
-138.884  161.837
-142.268  153.848
-154.341  152.953
-152.737  159.487
-154.415  153.611
-154.899  156.717
-149.191  153.727
-160.875  142.613
-144.711  144.445
-139.634  147.122
-146.452  131.785
-136.905  153.214
-146.977  151.470
-155.257  158.921
-158.918  142.372
-152.868  152.977
-153.255  162.946
-166.253  151.386
-156.946  154.532
-159.993  160.597
-155.712  148.528
-150.107  146.719
-150.045  152.333
-146.474  158.973
-143.476  149.478
-149.152  139.892
-160.109  158.930
-139.562  159.717
-155.047  155.846
-131.951  147.558
-145.895  160.040
-140.316  151.515
-153.833  148.018
-159.858  158.967
-152.611  153.628
-145.707  171.234
-152.062  164.281
-140.060  152.375
-158.474  158.228
-147.080  152.650
-148.797  156.187
-149.462  144.610
-149.805  142.569
-158.355  153.940
-150.692  153.377
-142.677  153.102
-155.693  145.376
-160.162  159.759
-163.152  144.496
-146.451  150.788
-145.894  148.205
-141.116  150.025
-147.430  152.422
-150.599  151.688
-142.994  146.344
-148.868  140.583
-142.657  144.527
-140.390  142.053
-152.637  154.891
-143.945  154.082
-151.071  156.080
-138.370  139.313
-144.944  151.694
-159.601  148.037
-145.116  143.078
-143.983  153.402
-153.487  156.765
-147.943  165.564
-150.165  148.130
-146.427  161.127
-154.164  148.279
-157.055  149.372
-144.517  155.704
-146.281  152.993
-151.257  167.853
-144.919  158.090
-151.687  150.019
-157.341  164.001
-135.124  156.568
-152.872  160.846
-151.837  158.932
-154.814  141.307
-148.398  159.746
-156.752  141.948
-156.109  141.404
-166.825  142.498
-155.638  131.557
-145.996  140.268
-143.345  146.116
-148.115  165.326
-145.624  156.281
-141.814  136.723
-151.147  146.465
-136.541  156.738
-172.144  147.536
-152.711  155.980
-143.332  155.206
-140.795  164.408
-151.306  143.458
-146.660  153.656
-147.922  159.628
-147.590  148.648
-154.036  149.121
-153.973  162.066
-148.563  163.607
-148.120  146.626
-150.186  155.041
-149.514  160.980
-166.127  156.665
-156.876  157.405
-149.742  144.792
-148.960  147.470
-148.649  141.374
-164.737  142.428
-151.879  155.588
-144.133  153.160
-159.295  136.025
-158.204  154.048
-145.858  154.130
-149.989  154.372
-149.173  143.055
-150.098  151.476
-159.531  137.867
-148.022  142.206
-158.955  155.110
-148.144  143.499
-158.451  151.204
-155.547  164.299
-155.215  163.500
-146.298  165.275
-136.200  150.984
-145.423  153.248
-146.075  155.514
-149.673  157.962
-137.928  165.787
-148.209  158.194
-162.951  147.690
-153.215  154.663
-153.112  158.895
-159.498  141.361
-147.099  142.872
-148.789  151.003
-137.216  161.713
-151.501  149.828
-147.713  157.280
-152.045  146.782
-159.912  161.059
-146.982  144.103
-148.738  146.660
-142.793  156.071
-157.494  144.610
-148.557  151.980
-134.252  160.335
-146.644  159.380
-154.869  153.620
-150.645  145.315
-149.793  141.396
-162.420  158.951
-154.630  146.230
-141.148  144.936
-152.495  158.157
-149.726  152.495
-157.884  136.973
-146.583  158.257
-157.080  154.319
-141.041  144.653
-137.349  156.834
-144.245  161.296
-142.231  152.418
-164.956  151.992
-141.637  151.959
-140.042  144.194
-160.486  141.821
-153.695  147.152
-144.252  140.732
-154.408  152.564
-145.144  150.481
-159.418  150.567
-138.530  150.556
-155.150  151.642
-153.924  163.142
-145.976  152.885
-147.986  147.649
-158.148  154.320
-148.003  152.661
-154.301  152.949
-153.897  160.549
-150.669  147.478
-141.720  166.199
-159.519  147.165
-143.813  157.091
-148.310  154.282
-152.436  151.518
-149.780  148.275
-152.619  146.553
-149.988  138.674
-159.178  161.624
-148.185  137.974
-144.446  153.721
-148.163  150.772
-148.091  135.516
-144.332  148.989
-147.237  155.577
-152.555  150.698
-151.546  157.553
-141.218  152.985
-143.848  158.251
-143.563  146.888
-153.543  136.333
-154.254  162.202
-151.126  148.039
-150.722  150.648
-154.912  153.394
-153.195  142.420
-147.263  158.716
-154.944  154.663
-168.389  138.642
-155.062  149.551
-137.739  155.282
-143.634  152.194
-154.858  152.538
-156.539  153.601
-133.373  139.414
-147.532  152.297
-152.935  158.164
-141.500  152.158
-138.197  147.717
-153.132  145.463
-151.642  144.056
-144.930  156.498
-146.837  148.296
-152.239  159.471
-151.814  155.294
-148.054  153.745
-143.227  145.617
-156.639  155.835
-163.033  137.558
-169.275  163.405
-152.144  140.043
-143.416  155.948
-144.396  144.289
-146.634  146.350
-152.492  141.164
-144.045  157.338
-145.914  140.975
-150.376  150.890
-145.009  165.668
-146.956  151.883
-157.976  156.732
-147.734  158.106
-160.760  153.146
-156.221  148.358
-149.301  159.638
-137.163  153.897
-148.636  145.113
-143.607  162.927
-130.446  153.745
-150.999  151.917
-138.973  147.453
-138.710  147.300
-142.088  144.149
-164.788  162.496
-152.019  149.629
-149.957  146.831
-142.632  152.181
-156.572  152.911
-150.488  149.587
-153.827  158.107
-152.995  151.048
-149.640  161.011
-143.856  145.824
-155.530  141.383
-140.526  156.375
-140.406  156.687
-146.954  138.299
-152.713  159.717
-139.715  158.758
-160.250  160.625
-147.955  156.687
-160.011  146.986
-150.131  154.031
-133.547  153.770
-148.182  147.331
-150.462  142.372
-160.431  153.292
-148.136  141.157
-145.744  154.072
-157.840  148.725
-147.524  149.019
-157.157  130.286
-154.024  150.896
-161.963  143.573
-159.013  148.979
-149.286  136.581
-160.918  161.175
-147.990  158.323
-135.419  161.086
-140.091  156.238
-141.355  153.910
-142.071  146.833
-144.180  164.082
-146.348  148.646
-135.245  151.337
-160.255  147.834
-150.904  145.745
-149.099  147.912
-167.447  152.194
-155.656  145.728
-158.261  155.563
-152.002  165.062
-150.648  154.692
-149.735  151.304
-145.068  152.519
-150.552  141.121
-149.433  162.417
-136.411  153.785
-155.278  149.765
-152.128  143.394
-154.673  153.690
-153.419  147.399
-144.732  150.742
-154.264  128.279
-164.758  165.031
-146.697  156.845
-159.999  158.828
-141.912  156.382
-149.925  145.883
-146.193  146.624
-155.014  149.028
-151.593  157.755
-150.239  166.498
-155.444  154.322
-147.418  164.310
-143.053  157.663
-148.446  142.598
-148.386  148.709
-153.291  143.904
-141.966  141.053
-139.260  150.669
-148.480  148.743
-156.139  148.876
-148.008  141.855
-143.191  145.170
-152.974  154.954
-143.741  148.672
-149.407  163.639
-124.529  165.119
-142.283  136.773
-150.768  141.242
-150.069  150.673
-169.467  139.917
-138.518  146.975
-136.955  154.966
-144.898  149.838
-153.535  143.954
-151.638  141.437
-141.171  153.372
-142.976  154.052
-142.126  142.987
-151.963  131.009
-153.697  154.740
-143.122  141.271
-159.302  152.702
-162.933  145.618
-133.354  144.954
-147.787  150.670
-149.948  152.064
-139.681  150.418
-144.851  161.243
-141.458  141.512
-151.139  154.624
-154.138  149.224
-150.957  152.508
-150.863  151.428
-133.754  150.735
-141.213  148.317
-146.091  140.666
-148.350  149.893
-164.730  150.705
-149.572  145.915
-147.929  154.995
-149.856  163.522
-144.696  165.150
-150.164  157.286
-156.645  144.051
-153.899  152.055
-154.231  147.000
-146.650  147.104
-162.621  158.859
-152.700  141.819
-147.659  157.989
-154.029  149.602
-144.883  147.217
-151.313  158.591
-148.169  152.346
-134.706  151.425
-152.486  142.260
-151.713  141.423
-140.485  158.181
-149.581  143.361
-140.912  137.432
-151.136  146.060
-150.060  146.118
-152.675  145.760
-160.130  140.823
-140.963  157.262
-146.514  156.441
-144.182  151.463
-147.687  163.621
-155.769  148.095
-149.063  162.763
-135.800  152.976
-146.403  166.712
-151.450  149.262
-138.267  153.900
-137.547  149.268
-148.055  138.363
-149.393  148.220
-146.136  155.092
-139.164  156.193
-155.588  149.809
-141.321  149.714
-154.088  144.807
-158.076  146.632
-142.338  143.811
-157.889  149.770
-151.571  144.737
-146.348  150.148
-150.796  152.939
-152.495  141.940
-162.803  148.206
-148.211  151.168
-148.081  159.788
-146.961  150.062
-154.920  144.977
-151.486  153.030
-148.532  156.400
-165.243  164.736
-155.511  150.996
-147.959  160.194
-142.711  158.919
-152.450  151.715
-148.696  162.211
-144.296  160.117
-153.811  142.204
-152.314  138.796
-139.578  150.264
-160.386  150.455
-153.570  158.149
-144.480  156.875
-145.742  153.123
-147.271  148.363
-129.934  155.236
-135.686  153.639
-151.946  152.466
-148.192  144.382
-162.087  154.019
-138.796  156.395
-147.259  142.015
-161.438  150.154
-149.679  147.750
-156.981  161.783
-151.202  153.570
-156.031  150.267
-152.699  166.865
-147.729  146.858
-144.397  163.957
-153.342  156.177
-161.563  139.512
-144.311  146.433
-158.663  153.455
-155.520  170.265
-140.869  147.569
-161.414  155.836
-151.892  161.661
-143.909  145.642
-154.511  151.281
-163.263  155.606
-145.308  153.565
-153.827  149.088
-150.473  156.896
-140.534  148.316
-160.589  161.525
-156.635  148.256
-146.167  141.605
-147.712  143.687
-149.232  135.604
-148.867  143.401
-168.452  150.791
-150.125  154.642
-151.855  155.654
-138.666  158.128
-156.136  153.904
-140.806  152.962
-138.738  146.307
-152.392  144.971
-142.723  139.338
-145.557  148.326
-159.883  144.618
-152.513  159.334
-150.890  153.540
-141.761  147.118
-139.668  151.806
-146.525  155.340
-147.343  153.930
-150.512  157.768
-159.251  144.882
-142.279  156.957
-152.939  150.904
-144.941  146.454
-158.715  152.063
-145.290  157.728
-150.923  147.019
-148.583  149.908
-153.415  157.681
-149.206  147.793
-152.641  145.813
-156.052  160.457
-161.795  151.183
-144.827  158.124
-153.601  152.377
-157.246  146.736
-148.187  160.109
-151.227  152.633
-135.225  151.726
-157.612  144.601
-150.704  143.649
-151.501  160.660
-147.340  134.571
-167.209  150.617
-140.569  144.696
-150.272  155.786
-151.282  153.317
-143.161  157.110
-155.632  155.173
-153.920  153.244
-147.063  150.098
-144.619  156.166
-151.614  146.259
-152.901  157.811
-162.197  153.242
-149.949  153.151
-143.843  149.586
-144.445  161.419
-138.723  150.818
-148.738  151.598
-159.354  157.900
-136.569  153.756
-141.748  161.397
-137.121  160.687
-142.642  151.087
-146.603  153.288
-149.465  153.353
-148.636  147.435
-159.876  150.670
-154.277  148.788
-151.337  150.464
-147.259  152.613
-148.034  142.983
-149.124  152.175
-145.128  149.957
-148.157  152.088
-148.041  142.471
-137.498  139.798
-147.293  137.058
-154.134  151.971
-144.476  149.168
-155.246  148.138
-144.903  159.864
-138.990  157.601
-138.470  154.822
-144.410  156.504
-161.243  158.139
-138.147  141.109
-157.443  158.421
-139.961  153.058
-149.125  154.224
-149.059  147.384
-143.700  149.048
-145.418  145.497
-141.378  161.827
-154.495  169.947
-145.828  151.682
-144.736  152.420
-146.605  148.240
-157.442  150.065
-149.915  146.179
-157.970  153.360
-142.345  153.554
-164.912  153.803
-143.408  143.669
-149.926  152.163
-157.013  158.104
-149.228  148.094
-149.427  140.964
-149.353  156.443
-145.200  147.456
-140.089  144.619
-154.457  159.308
-148.700  147.485
-158.645  150.280
-157.762  162.789
-149.929  157.158
-148.181  151.273
-145.287  159.041
-149.023  151.815
-144.858  137.744
-152.870  159.119
-145.206  156.800
-155.707  144.572
-140.433  151.493
-145.181  142.152
-148.181  149.674
-146.819  157.556
-170.023  146.631
-154.076  157.869
-150.085  143.965
-141.135  158.821
-159.492  149.073
-150.780  141.337
-148.182  146.819
-135.781  137.374
-154.391  151.521
-154.105  153.886
-139.542  159.701
-144.932  140.730
-155.330  151.471
-140.872  142.978
-161.750  139.116
-138.135  142.059
-160.001  153.219
-140.055  144.477
-153.037  157.692
-143.838  156.010
-155.780  150.762
-157.443  149.827
-146.026  146.145
-156.425  152.598
-143.882  155.948
-154.242  148.690
-140.746  155.052
-147.430  167.801
-157.451  161.967
-162.596  150.003
-144.286  159.960
-146.083  143.063
-144.268  157.088
-158.345  155.414
-151.093  144.516
-151.475  151.096
-143.296  149.883
-155.160  154.292
-152.550  151.902
-142.273  147.285
-148.028  142.180
-147.767  152.791
-160.978  151.158
-146.799  140.295
-151.021  155.303
-145.922  152.327
-153.926  161.035
-151.236  148.801
-137.462  161.300
-153.037  154.083
-136.595  155.808
-150.352  161.482
-149.438  147.914
-148.122  145.729
-165.114  145.705
-152.800  151.590
-161.366  153.850
-154.486  156.729
-143.154  141.979
-154.565  153.522
-145.298  154.763
-157.155  143.419
-143.717  157.527
-159.926  147.275
-156.857  153.847
-145.278  150.735
-147.642  150.410
-153.614  156.687
-148.956  148.629
-141.822  156.475
-159.346  150.427
-161.308  144.207
-151.749  154.592
-156.725  143.761
-139.396  153.951
-152.579  154.906
-152.402  154.058
-150.408  140.704
-146.147  151.907
-145.247  158.255
-150.291  150.437
-155.343  141.031
-158.169  164.054
-151.348  146.163
-154.205  148.626
-144.063  146.632
-159.861  140.295
-141.554  154.135
-150.598  148.458
-151.366  158.523
-143.567  152.541
-128.431  156.795
-157.475  158.790
-147.973  142.651
-136.229  149.501
-152.711  145.948
-153.683  146.804
-151.820  154.364
-158.145  146.874
-151.175  137.583
-154.287  154.439
-151.880  152.352
-148.264  155.855
-146.590  147.109
-147.933  168.285
-148.539  145.456
-161.833  150.359
-148.942  156.136
-156.509  157.547
-151.360  149.537
-158.869  161.512
-151.284  151.292
-144.047  168.266
-155.256  140.562
-154.771  157.993
-150.291  169.113
-151.692  158.318
-144.504  154.883
-140.057  158.811
-151.047  151.932
-150.180  145.581
-154.849  147.319
-145.456  147.702
-153.576  148.463
-146.914  155.653
-160.692  159.267
-150.375  150.346
-167.354  135.940
-159.093  158.789
-150.658  148.587
-140.755  139.876
-154.744  150.825
-143.465  153.085
-146.188  150.111
-140.295  133.983
-167.920  158.257
-154.772  168.846
