 -26.181  129.112
 -23.274  132.606
 -26.137  137.619
 -15.478  124.426
 -21.473  124.457
 -32.142  136.951
  -7.514  115.325
  -7.255  124.652
  -9.751  119.688
 -19.245  138.329
 -20.711  139.034
  -5.962  108.080
 -21.963  137.177
 -34.271  130.594
 -30.407  129.139
 -21.099  131.828
 -11.401  127.564
 -21.024  125.130
 -19.125  119.994
  -9.311  129.009
 -18.103  133.398
 -34.354  133.827
 -16.575  126.879
 -14.712  133.401
 -22.444  130.012
 -18.890  123.292
 -15.361  123.531
 -24.616  120.387
 -12.530  114.050
 -22.829  129.908
 -31.657  122.135
 -22.397  137.518
 -13.104  133.427
 -25.095  127.114
 -15.438  122.054
 -19.262  129.705
 -27.884  139.662
 -13.475  128.429
 -11.302  124.883
 -11.121  114.855
 -29.974  136.034
  -8.002  123.436
 -18.396  128.086
  -8.992  123.916
 -16.073  125.215
  -6.113  130.822
 -16.842  129.327
 -25.422  134.149
 -19.066  140.171
 -26.257  139.099
 -23.690  127.254
 -13.983  115.815
 -17.235  117.816
 -27.517  116.681
 -27.891  117.842
 -16.393  127.301
 -22.008  141.452
 -14.982  119.600
 -21.807  129.509
 -22.256  124.372
 -27.502  137.287
 -14.846  106.153
 -29.345  144.559
 -33.978  131.103
 -24.439  120.305
 -26.025  147.269
 -27.246  124.927
  -9.046  125.210
 -22.629  132.136
  -9.009  126.499
 -11.714  113.887
 -23.814  135.569
 -13.717  134.508
 -21.935  118.872
  -4.090  124.293
 -19.056  144.369
  -8.207  120.406
 -15.874  135.732
 -16.486  139.302
 -16.131  139.055
 -22.939  127.140
 -12.759  125.850
 -25.114  128.706
 -16.000  123.169
 -12.296  128.089
 -16.748  130.937
 -27.927  129.033
  -6.599  132.813
 -13.507  126.422
   1.731  133.740
 -17.185  129.758
  -8.452  124.553
 -18.535  131.088
 -18.181  133.450
 -25.397  140.004
  -8.633  123.447
 -19.220  125.394
 -11.077  130.756
  -6.943  125.310
 -22.219  134.709
 -12.852  137.630
 -23.007  147.461
 -22.615  133.258
 -23.066  139.036
 -31.243  136.514
 -13.620  132.644
 -31.387  134.048
 -14.711  125.237
 -21.377  129.693
  -0.270  119.669
 -27.584  127.361
 -20.222  136.057
 -25.267  143.657
 -25.866  129.516
 -18.902  146.044
 -18.116  118.798
  -4.194  114.387
 -16.821  139.256
 -22.852  127.418
  -4.585  126.435
  -8.280  134.584
 -27.866  128.104
  -7.206  127.246
   0.385  133.602
  -9.716  121.455
  -5.744  128.142
 -15.104  135.009
 -19.414  143.880
   1.968  105.453
  -4.548  107.609
 -23.734  125.379
 -27.220  131.513
 -17.012  119.342
 -22.941  134.239
 -22.738  124.826
 -15.532  133.705
 -24.000  144.846
 -16.483  123.545
 -23.249  130.372
 -19.698  129.495
 -26.400  120.850
 -25.341  130.386
  -9.874   98.316
 -14.193  126.410
 -24.978  128.698
 -24.983  124.886
 -20.712  123.839
 -23.862  122.478
 -15.469  127.163
 -16.225  116.302
 -23.674  140.220
 -28.553  129.895
 -13.542  116.240
 -13.741  122.890
 -19.366  134.454
 -24.691  133.630
 -11.923  124.752
 -11.285  129.768
 -25.718  117.710
 -33.519  135.897
 -18.236  140.010
 -12.228  134.385
 -11.219  140.534
 -14.749  139.208
  -5.246  123.053
 -15.969  125.342
 -12.894  114.380
 -25.992  132.664
 -13.734  113.069
 -21.477  121.311
 -16.529  126.635
  -8.911  134.204
 -25.437  142.708
 -14.852  131.424
  -4.500  125.155
 -21.711  140.569
 -14.845  127.933
  -6.759  111.510
  -9.526  130.894
 -19.937  130.351
 -21.404  127.034
 -12.384  130.048
 -33.179  133.527
  -9.590  122.352
 -21.003  124.047
  -4.319  135.979
 -14.756  122.423
 -17.013  120.601
  -8.280  137.329
 -24.043  132.871
 -19.665  129.536
  -9.365  134.321
 -13.875  123.118
 -29.372  131.746
 -18.504  133.239
 -29.683  130.024
 -24.264  138.468
 -13.043  122.458
 -25.292  121.294
 -19.693  130.618
 -15.645  121.504
 -11.961  137.640
 -32.260  127.599
  -9.724  122.137
 -38.472  132.432
  -7.456  121.831
 -18.427  137.316
 -22.657  128.866
 -18.401  134.968
 -11.763  117.176
 -31.766  150.420
 -17.873  119.346
 -20.158  128.280
 -12.468  126.115
 -11.006  124.008
  -8.340  132.684
 -20.771  126.765
   4.399  109.125
 -16.353  130.171
 -31.865  144.795
 -17.040  130.670
 -19.822  119.498
 -15.326  131.883
 -18.050  122.269
  -6.362  127.741
 -21.656  134.336
 -27.395  127.358
 -13.180  128.262
 -21.155  123.459
  -9.141  130.418
 -16.537  140.268
 -24.153  118.939
  -7.426  127.702
 -20.804  133.893
  -8.739   95.257
   3.126  128.163
 -11.226  126.731
 -17.895  108.393
 -12.349  114.915
 -32.017  142.753
  -9.036  128.339
 -28.822  137.295
  -2.300  138.469
 -32.736  128.816
  -7.316  128.303
  -6.855  136.203
 -33.250  144.628
 -26.314  120.423
 -15.488  122.860
 -11.187  133.125
 -18.436  119.657
 -16.990  121.765
 -12.719  130.473
 -11.217  122.282
 -21.292  127.795
 -32.101  125.478
 -18.645  140.916
 -15.271  123.593
 -16.234  124.663
 -21.875  131.919
  -5.814  123.539
  -7.786  131.608
 -15.791  127.501
 -18.776  133.550
  -8.014  116.010
 -27.779  124.389
  -4.915  108.646
 -22.127  134.629
  -8.399  135.902
 -14.973  144.774
 -13.492  115.479
 -29.027  132.736
 -19.816  135.105
 -32.511  128.671
 -19.538  146.844
  -0.954  123.161
 -27.738  143.481
 -20.811  116.027
 -26.435  130.248
 -20.784  133.372
 -33.585  132.975
 -22.036  143.285
 -12.327  118.370
   0.704  129.722
 -27.261  125.507
  -9.805  121.354
 -26.965  124.704
 -17.683  123.009
  -9.261  143.027
 -25.739  129.074
  -8.827  119.967
 -28.410  137.515
 -12.936  123.242
 -19.186  133.584
 -23.380  130.628
 -19.648  129.853
 -23.156  142.957
 -15.204  112.446
 -18.474  127.498
 -25.388  109.671
 -19.318  134.731
   1.123  113.061
 -13.771  126.145
 -23.623  123.440
 -36.173  127.574
 -26.340  130.473
 -19.488  112.114
 -31.677  125.857
 -23.679  125.007
   7.284  123.702
  -7.486  127.271
 -13.418  118.358
 -19.286  128.986
 -11.600  138.532
 -19.629  121.911
 -19.660  131.874
 -19.312  128.635
  -8.367  127.426
 -25.572  119.448
 -26.143  131.732
 -27.283  134.779
 -24.946  124.613
 -23.663  133.559
 -19.371  133.487
 -14.355  133.840
 -27.985  128.583
 -15.384  135.324
 -12.773  133.048
 -29.984  135.112
 -20.135  132.927
 -25.201  135.828
 -22.997  132.754
 -27.894  132.745
 -15.040  110.822
  -6.437  130.227
 -11.606  130.645
 -17.926  126.120
  -8.287  131.307
 -34.522  121.720
 -27.020  135.866
 -19.122  130.758
 -12.568  125.883
 -15.326  124.316
 -23.923  122.500
 -15.787  129.364
 -11.750  136.260
 -25.918  138.056
 -21.032  131.337
  -6.623  126.593
  -8.379  114.156
 -25.937  126.183
 -14.084  138.236
  -1.382  110.851
 -20.967  135.367
 -18.352  113.103
  -3.549  123.534
 -23.136  129.748
 -11.158  140.383
 -22.899  133.452
 -25.729  139.162
 -32.164  141.290
 -22.112  114.049
 -14.109  142.475
 -10.829  117.756
 -14.213  125.324
 -25.109  132.765
 -10.869  126.958
 -26.091  135.393
 -15.936  122.378
 -31.313  142.904
 -16.440  129.878
 -11.742  130.155
 -24.751  131.101
 -11.045  139.391
 -30.457  128.705
 -21.527  132.885
 -23.460  121.169
  -9.875  115.804
 -11.795  113.361
  -2.293  108.982
 -13.985  128.775
 -27.493  128.555
   2.739  131.731
 -24.146  116.374
 -18.152  132.297
 -17.024  138.101
 -16.268  120.210
 -37.032  132.764
 -13.733  122.359
 -12.482  112.369
 -17.451  132.554
 -11.079  128.786
 -25.597  138.631
 -10.321  129.947
 -20.907  121.702
 -11.150  125.191
  -8.463  122.059
 -21.106  132.786
 -11.720  134.936
 -24.363  137.660
 -17.539  115.613
  -5.892  119.172
  -9.481  141.980
 -26.320  137.020
 -14.060  140.307
 -15.561  129.890
 -27.733  134.111
 -27.098  129.251
  -9.845  124.261
 -21.385  133.105
 -20.575  138.638
 -23.142  136.220
  -5.082  128.878
 -26.831  119.313
 -16.238  128.071
 -23.659  124.533
 -23.282  126.107
  -0.389  122.808
 -26.583  125.891
  -4.425  127.326
 -12.411  120.307
   2.625  123.711
 -21.089  137.970
 -16.815  121.828
  -5.823  133.302
 -12.100  121.145
 -17.327  134.925
  -7.356  122.621
 -26.903  117.342
 -11.199  124.267
 -36.521  129.863
 -21.801  133.085
 -10.247  124.113
 -16.865  131.492
   7.393  113.010
 -25.698  137.480
 -31.210  136.064
 -28.212  129.225
 -26.817  132.779
 -19.720  139.599
  -7.571  132.269
 -29.941  138.244
 -14.520  140.825
 -28.514  137.922
 -15.718  119.872
 -22.308  141.431
 -12.178  133.017
 -25.811  135.943
 -25.257  124.187
 -12.629  139.002
 -19.624  141.173
   2.399  123.950
 -27.978  119.961
 -19.899  132.818
 -12.543  121.062
 -29.254  133.397
 -20.856  131.151
 -12.746  137.980
 -17.510  124.311
 -16.977  125.390
  10.520  124.614
 -13.081  119.700
 -22.279  116.975
 -18.147  136.609
  -9.950  119.480
  -7.745  130.543
 -10.318  131.014
 -19.294  135.701
 -23.086  122.084
 -32.888  135.525
 -21.509  130.003
   0.853  112.910
  -4.649  125.829
 -23.647  118.770
 -24.018  138.365
 -16.034  137.652
 -14.361  120.225
 -19.871  122.283
 -22.264  110.983
 -22.879  134.718
  -4.049  137.006
 -15.189  111.522
 -19.894  132.607
 -28.711  126.602
 -12.826  126.283
 -19.447  132.484
 -18.691  125.377
 -16.104  126.788
 -16.101  134.756
 -19.535  118.575
 -14.000  143.822
  -4.390  124.910
  -4.922  147.346
 -11.418  123.099
 -29.269  132.902
  -9.365  121.297
 -15.432  129.905
   2.381  135.437
 -24.175  135.701
 -24.133  133.312
 -26.863  130.262
 -23.264  121.600
 -25.509  125.044
   3.380  105.514
 -23.297  133.619
 -16.578  127.998
 -25.277  126.737
 -12.047  142.048
 -25.755  129.910
  -5.774  122.076
 -15.195  133.558
 -10.980  126.670
 -23.152  117.713
 -22.508  126.414
 -19.436  129.515
 -23.069  141.042
  -6.051  122.269
 -14.822  132.519
 -12.611  129.793
 -24.699  130.974
  -9.558  137.655
 -15.764  123.437
  -9.955  132.100
 -37.492  124.163
 -21.466  132.390
 -20.210  128.215
 -20.463  124.470
 -20.157  135.091
 -18.317  121.486
 -19.364  132.559
 -30.137  121.095
 -12.923  131.266
 -20.081  136.091
 -26.180  124.754
 -21.292  125.264
 -19.507  125.548
 -23.207  126.902
 -18.175  132.660
   8.294  121.746
  43.394  140.444
 -24.056  124.139
 -30.230  130.741
  -9.451  126.818
 -29.599  130.055
 -10.328  123.478
 -28.929  135.585
 -13.635  140.776
 -15.130  135.170
  -0.756  124.819
 -15.060  121.808
 -12.319  127.395
  -8.081  133.334
 -28.207  134.582
 -16.758  134.876
 -14.286  123.132
 -19.220  138.661
 -20.384  141.119
 -15.434  136.391
 -16.027  132.815
 -27.814  125.509
 -18.869  138.251
 -19.549  121.456
 -24.588  137.317
  -1.603  130.609
 -26.668  138.944
 -28.948  137.074
 -33.891  130.269
 -19.487  131.627
 -27.757  142.938
 -18.329  129.441
 -27.031  125.811
  -8.537  131.955
 -21.602  135.730
 -14.838  133.720
 -12.049  133.298
 -34.100  125.206
 -20.081  138.973
  -1.228  128.341
 -16.779  137.954
 -21.921  131.310
 -12.808  119.924
 -24.409  136.124
 -10.095  114.565
 -18.255  146.347
 -27.253  123.560
 -14.397  129.526
  -4.176  116.342
 -22.309  116.954
 -21.306  136.513
 -15.553  131.913
 -22.442  144.290
 -14.869  126.873
 -25.173  126.154
 -34.335  129.245
 -11.374  126.407
 -13.749  115.943
 -19.131  115.116
 -27.771  134.899
 -31.060  134.233
 -19.872  131.910
  -9.467  121.186
 -11.337  118.473
 -30.307  136.662
 -32.933  136.906
 -13.130  144.035
 -14.863  111.655
 -35.034  133.265
 -18.937  113.933
 -21.136  123.311
 -20.285  130.197
 -14.889  122.494
 -35.374  134.131
 -32.829  121.740
 -39.977  142.459
 -25.348  121.219
 -23.367  146.497
 -15.603  119.433
 -11.092  140.837
 -23.528  134.475
 -15.306  127.827
 -19.471  120.870
 -15.908  116.994
 -21.546  126.849
 -18.044  125.874
 -18.383  121.004
 -12.348  110.849
 -24.057  127.803
 -11.628  116.014
  13.743  128.863
 -17.324  125.574
 -14.104  135.821
 -14.420  133.352
 -32.118  141.918
 -20.016  136.846
 -26.312  127.932
  -1.906  135.000
 -16.523  143.059
  -9.976  129.409
 -34.216  132.148
 -14.992  134.305
 -14.997  136.651
 -22.129  126.895
 -17.614  138.391
 -20.607  127.666
 -14.811  132.390
 -23.948  136.177
  -6.365  126.315
 -12.741  129.459
 -24.174  135.782
 -19.145  128.193
 -10.130  116.357
 -14.430  130.945
 -26.182  121.388
  -4.380  120.082
  -7.724  126.440
  -1.599  132.799
 -14.624  131.914
 -20.269  119.124
 -21.325  130.713
 -22.822  135.732
 -18.578  129.388
 -23.879  134.920
 -22.298  118.327
 -23.625  128.174
 -10.664  139.657
  -7.326  144.427
  -4.216  119.848
  -6.162  137.650
 -27.027  135.883
 -19.448  131.554
 -14.151  115.276
 -24.690  135.802
 -15.904  136.730
 -29.389  138.661
 -12.142  127.157
 -21.222  128.711
 -14.745  126.176
 -21.115  133.114
 -27.661  131.400
 -16.022  134.840
 -18.847  129.123
 -25.738  126.744
 -20.174  130.371
 -27.866  125.320
 -26.961  122.644
 -25.279  141.401
 -30.372  128.211
 -13.935  135.796
 -13.611  137.093
  -9.544  117.745
 -13.731  126.520
 -17.510  130.953
 -16.341  128.994
 -16.222  134.568
 -10.912  137.439
 -25.461  134.560
 -13.063  119.304
  -9.428  114.554
 -25.932  116.449
 -25.638  135.122
 -16.661  131.351
  -5.312  114.417
 -12.649  117.943
 -24.963  127.208
 -19.012  127.268
 -32.428  119.859
 -21.109  127.005
 -27.023  133.433
  -5.635  131.151
 -23.280  145.731
 -26.788  123.548
 -21.847  126.724
 -27.832  139.856
 -31.280  127.204
 -31.856  143.299
 -21.567  138.048
  -5.072  129.748
 -17.781  135.200
 -22.122  146.412
 -24.488  139.850
 -25.381  133.310
 -22.259  131.509
 -16.111  130.997
 -15.877  126.409
 -21.893  126.613
  -6.497  120.952
 -15.579  129.211
 -24.473  125.505
 -16.578  135.279
 -18.365  134.482
 -34.009  120.557
 -19.832  129.509
  -1.831  123.069
 -16.803  148.446
  -1.556  115.139
  -6.230  131.227
 -11.213  126.197
  -7.940  127.422
 -18.762  121.464
  -5.493  113.004
   2.966  139.266
 -20.690  127.474
 -19.051  146.245
 -25.534  129.249
 -16.220  131.685
 -12.871  138.657
  -8.888  113.559
  -0.063  123.137
 -11.361  129.222
 -13.982  127.766
 -36.143  136.454
 -27.059  136.244
 -31.857  131.420
 -11.496  125.140
 -22.844  135.140
 -20.486  121.736
 -16.958  131.538
 -17.535  135.171
 -29.212  137.518
 -20.610  131.878
 -31.517  137.145
 -24.889  121.313
 -36.943  135.647
 -28.706  131.969
 -22.823  129.964
 -16.183  125.747
 -10.518  117.782
 -24.654  135.407
  -5.282  124.370
 -19.778  126.227
 -20.032  130.431
 -30.224  126.257
 -24.136  137.571
  -9.705  127.640
 -21.038  130.911
 -29.098  123.678
 -30.980  125.543
 -20.623  126.397
 -16.811  132.739
 -28.424  143.596
 -10.050  125.689
 -16.830  132.093
 -20.012  135.718
 -20.769  138.600
 -13.104  119.479
 -27.284  133.226
 -33.184  128.179
 -10.336  143.513
  -3.573  134.353
 -21.345  123.481
 -15.003  138.745
 -13.516  123.981
  -1.274  125.156
 -14.140  132.721
 -13.897  112.297
 -21.168  133.257
 -16.049  147.355
 -23.773  132.770
 -23.736  129.322
 -14.655  132.071
 -27.130  137.921
 -13.885  140.356
  -8.121  124.457
 -12.281  133.643
 -22.506  129.316
 -18.597  132.638
 -17.423  134.246
 -17.534  130.291
 -32.009  129.156
 -23.329  141.454
 -11.259  129.470
 -11.769  130.117
 -29.334  131.903
 -29.829  125.623
 -14.566  120.785
 -14.714  119.825
 -23.296  131.891
 -14.446  135.117
 -21.613  120.408
 -17.781  129.597
 -16.530  119.563
 -27.235  130.339
 -23.509  137.637
 -25.094  139.273
 -11.442  120.395
 -21.812  116.815
 -13.333  127.534
 -17.565  121.858
 -30.459  137.276
 -11.157  117.579
  -9.586  133.425
  -3.553  130.350
  10.831  122.781
 -23.550  118.556
 -18.988  122.407
 -10.887  132.967
 -13.447  135.592
 -26.546  128.941
  -6.362  120.929
 -23.248  141.301
  -9.733  130.154
 -19.211  124.323
 -16.173  142.968
  -1.898  115.450
 -20.820  132.185
 -26.148  120.591
  -7.967  145.768
 -16.946  127.535
 -14.294  126.768
 -16.879  126.320
 -27.166  130.081
 -19.369  126.606
  -7.346  114.656
 -19.235  120.192
 -23.276  134.692
 -25.138  140.100
 -20.375  138.870
 -13.079  122.826
  -7.027  128.049
  -7.911  124.675
  -7.241  120.172
  -9.956  132.555
  -9.878  122.071
 -11.352  126.285
 -35.312  138.147
 -13.191  141.687
  -3.989  127.248
 -15.615  126.624
 -13.729  131.237
  -8.269  125.170
 -26.074  149.981
 -22.076  135.934
 -25.258  120.044
 -18.039  127.029
  -6.223  139.075
   0.056  124.216
 -17.764  131.772
 -11.892  123.904
 -17.418  141.295
 -21.088  129.245
 -14.262  119.180
 -26.460  131.438
 -21.440  119.541
  -0.628  125.040
 -11.944  137.327
 -13.532  124.065
 -19.185  130.738
  -9.409  116.067
 -13.603  126.025
 -12.198  111.350
  -9.528  114.595
 -26.369  135.773
 -26.594  130.143
 -15.428  144.459
 -10.416  129.464
 -22.896  131.319
 -19.595  133.578
 -19.178  118.942
 -11.111  131.854
 -11.071  121.545
 -21.393  127.199
  -6.326  122.532
   2.077  119.333
 -18.533  120.762
 -12.921  133.932
 -22.815  138.487
 -31.317  131.805
 -13.245  121.576
 -19.173  137.178
 -26.594  142.547
 -24.350  130.395
 -16.931  118.261
 -15.247  130.144
 -25.223  134.129
 -22.846  132.510
 -24.773  140.366
  -8.846  121.987
 -19.581  122.890
 -22.586  135.685
 -18.628  117.440
 -24.069  136.436
 -17.945  130.440
 -17.721  127.227
 -32.575  131.710
  -8.472  118.342
 -26.697  130.915
  -9.359  124.190
 -21.678  127.401
 -14.167  140.457
 -20.484  136.325
 -21.461  127.093
 -29.030  130.802
 -37.425  133.923
 -16.463  124.094
 -13.976  128.214
 -18.720  128.931
 -19.781  140.987
 -17.811  132.460
 -25.608  150.163
 -11.738  145.402
 -28.894  133.143
 -16.488  127.638
 -29.128  135.375
 -21.945  125.499
 -24.989  132.645
  -2.228  131.498
   4.137  111.394
  -9.406  134.750
 -20.226  131.539
 -16.997  126.806
  -9.118  111.313
 -21.484  138.069
  -9.363  126.553
 -20.279  121.834
 -29.379  133.845
 -28.939  136.753
 -21.845  119.195
 -13.507  131.757
 -16.747  121.431
 -18.581  138.367
 -18.218  146.532
 -24.331  137.452
  -7.226  131.135
 -16.634  131.215
 -18.478  130.604
 -18.334  127.071
 -19.741  136.085
 -14.878  118.583
 -34.182  144.193
 -17.339  136.700
  -7.986  135.415
 -27.208  124.897
 -18.845  143.551
 -18.250  134.495
 -26.360  132.782
 -28.063  121.224
  -8.601  112.683
 -12.603  117.716
  10.127  115.454
 -23.884  141.029
 -22.304  136.047
   6.863  111.519
 -22.621  134.761
 -23.959  137.099
 -12.942  135.939
  -5.194  127.476
 -38.443  130.282
  -9.599  126.824
 -24.801  123.252
 -18.358  137.465
 -15.798  120.467
 -24.668  128.663
  -9.144  132.479
 -10.395  129.496
 -19.485  148.276
 -12.444  125.332
 -21.792  133.089
 -20.064  128.677
 -21.183  119.918
 -13.177  132.586
