  78.715  146.370
  86.650  146.537
  65.686  146.563
  79.896  151.628
  78.192  139.818
  91.783  142.751
  77.125  155.692
  84.395  152.081
  76.851  151.378
  84.874  142.408
  72.319  159.142
  80.645  147.237
  79.163  150.303
  73.947  145.883
  82.721  139.087
  81.219  155.178
  80.686  150.865
  65.396  145.864
  73.032  154.076
  73.238  158.944
  74.502  146.239
  80.465  140.369
  83.306  168.185
  84.831  156.802
  82.986  154.955
  80.621  150.038
  68.982  150.461
  78.593  160.340
  81.619  142.090
  81.739  153.206
  81.006  149.272
  74.917  161.365
  82.092  162.825
  79.818  151.276
  82.498  142.452
  91.493  162.938
  91.663  151.548
  82.294  148.098
  80.959  151.696
  85.624  160.058
  76.393  153.069
  62.533  151.196
  83.788  147.900
  82.126  160.691
  77.795  150.873
  66.933  149.337
  77.067  145.067
  81.413  148.272
  76.479  156.382
  58.163  151.162
  85.428  147.445
  69.640  155.575
  85.773  143.170
  82.106  154.202
  82.096  151.758
  76.378  152.010
  78.198  157.476
  78.926  161.267
  74.518  138.532
  84.333  149.078
  77.185  149.472
  88.014  142.922
  62.641  152.870
  69.698  150.424
  82.992  148.750
  74.802  153.292
  77.264  149.949
  78.802  152.482
  65.748  150.582
  83.719  145.918
  82.864  147.542
  79.340  148.669
  74.377  144.954
  77.301  142.136
  80.557  153.833
  77.364  154.168
  82.022  144.161
  76.916  139.670
  72.278  160.955
  84.072  149.720
  81.386  141.721
  68.750  155.285
  65.958  161.737
  73.980  152.508
  79.512  152.117
  85.001  159.256
  87.390  147.971
  71.156  153.369
  77.195  146.312
  73.999  145.574
  77.404  141.825
  87.119  148.243
  74.628  139.853
  74.356  154.446
  82.228  153.263
  79.566  152.223
  78.074  154.601
  83.091  142.123
  78.981  143.299
  81.084  153.741
  80.528  136.018
  70.907  147.141
  86.353  144.514
  82.594  158.850
  83.717  148.087
  79.666  156.203
  70.279  155.694
  73.808  150.775
  77.671  157.983
  88.408  148.668
  75.667  149.947
  80.254  158.117
  71.449  154.759
  72.628  140.187
  57.986  160.539
  75.325  148.404
  84.882  149.507
  83.272  147.229
  86.830  149.556
  79.194  159.992
  65.484  161.138
  79.654  149.536
  85.618  143.701
  76.810  149.091
  76.604  146.085
  77.815  158.275
  87.468  157.688
  82.450  136.010
  77.125  149.883
  81.680  144.458
  83.670  143.544
  81.678  158.707
  78.787  147.442
  80.478  146.134
  76.818  152.846
  78.254  153.220
  78.125  152.640
  81.712  154.600
  76.477  148.459
  68.695  155.634
  75.221  160.079
  71.334  154.517
  81.106  145.334
  92.743  146.247
  79.999  147.949
  84.295  146.763
  78.977  162.090
  76.801  155.246
  86.122  141.527
  65.067  147.307
  64.945  138.787
  79.102  150.070
  79.730  152.297
  82.318  151.695
  85.000  150.951
  76.226  160.805
  70.102  154.005
  73.343  146.591
  80.603  141.316
  85.119  151.831
  66.856  157.956
  75.230  155.300
  70.212  132.081
  67.221  150.556
  77.745  157.103
  63.060  145.526
  78.439  163.032
  59.600  153.890
  78.584  154.162
  82.457  145.469
  79.844  158.384
  76.885  140.449
  78.191  151.819
  85.664  144.656
  82.648  156.846
  78.356  161.718
  65.333  153.539
  82.389  159.325
  81.762  148.064
  87.998  143.861
  82.988  161.210
  68.889  136.122
  69.958  149.912
  88.685  142.854
  76.032  148.899
  79.465  164.523
  69.693  150.518
  74.430  140.847
  78.523  148.417
  90.693  146.062
  81.249  156.586
  79.173  153.776
  86.852  140.969
  91.945  143.834
  83.398  147.468
  83.025  148.150
  77.002  160.499
  92.431  155.847
  78.418  147.541
  75.653  151.921
  79.382  147.642
  87.649  151.133
  72.865  150.240
  93.171  162.426
  68.168  157.338
  73.532  148.061
  68.450  155.327
  70.786  165.281
  77.912  160.182
  66.017  163.344
  83.534  155.759
  66.118  153.432
  83.956  145.452
  78.004  144.103
  74.027  150.695
  74.228  145.002
  77.617  158.339
  78.211  161.619
  79.170  151.634
  76.242  153.207
  80.496  138.587
  82.131  136.531
  76.332  166.746
  85.490  149.157
  69.758  157.080
  82.293  136.232
  81.041  150.842
  75.044  140.994
  82.731  146.481
  78.894  146.179
  85.093  153.895
  79.131  156.299
  76.253  154.315
  69.913  151.651
  77.364  152.726
  73.155  146.087
  83.573  147.105
  66.657  150.145
  85.179  146.294
  74.883  144.147
  76.328  151.770
  76.105  153.447
  81.909  154.196
  84.277  141.256
  83.877  144.575
  76.519  137.866
  79.539  154.881
  90.826  144.499
  83.253  151.288
  88.488  161.461
  78.716  156.761
  76.706  151.696
  71.457  144.349
  81.326  141.634
  77.658  146.363
  72.345  143.950
  82.634  164.456
  71.018  154.928
  75.793  150.832
  78.119  145.953
  86.433  145.628
  77.364  161.327
  72.307  152.188
  80.102  151.705
  74.032  145.589
  80.191  151.704
  78.762  144.272
  73.739  150.634
  77.357  152.495
  85.531  154.589
  79.798  149.511
  76.000  159.870
  81.519  154.593
  87.434  147.047
  73.917  144.382
  73.975  158.059
  89.645  139.619
  75.943  146.774
  84.269  150.400
  68.848  143.269
  74.881  148.921
  83.882  144.509
  69.878  155.842
  81.290  155.543
  89.954  153.095
  89.424  143.430
  88.651  137.138
  63.582  152.773
  73.408  146.414
  78.932  151.343
  72.503  160.433
  70.022  152.779
  79.789  153.180
  81.172  150.068
  88.484  157.863
  78.249  163.114
  87.119  146.290
  78.762  142.405
  78.833  150.763
  76.518  140.855
  87.923  140.258
  75.854  151.471
  80.466  131.374
  83.285  138.020
  77.439  154.066
  83.093  146.338
  85.755  149.333
  81.170  155.474
  90.513  141.205
  79.345  143.408
  84.247  147.320
  76.894  149.932
  78.027  164.654
  83.110  150.226
  72.732  162.607
  79.811  142.060
  83.168  148.057
  79.730  155.807
  84.806  143.898
  78.874  145.615
  82.168  146.813
  71.722  155.716
  80.287  160.831
  78.408  145.196
  78.595  140.116
  83.200  139.629
  72.981  151.870
  70.387  147.163
  84.580  152.434
  74.338  149.853
  77.854  150.691
  80.362  154.372
  78.819  142.292
  78.783  153.340
  67.287  152.424
  92.317  150.603
  74.932  150.236
  84.404  154.056
  73.177  149.772
  74.250  148.318
  79.721  161.705
  74.946  136.803
  79.031  148.599
  78.385  159.671
  72.674  156.806
  87.764  156.465
  77.020  163.880
  76.535  144.502
  71.670  154.095
  76.432  144.425
  79.457  155.016
  70.168  147.764
  84.790  154.036
  72.953  154.698
  75.855  140.435
  85.508  140.934
  75.055  164.869
  79.594  138.996
  82.452  144.352
  78.858  140.355
  78.613  145.296
  76.379  159.309
  81.202  168.403
  70.691  147.513
  72.156  145.513
  84.576  152.403
  78.488  163.077
  81.891  146.876
  71.819  155.820
  81.439  163.479
  77.389  156.625
  92.131  149.200
  82.709  153.356
  85.549  160.237
  74.962  137.460
  92.350  153.891
  95.592  141.372
  80.791  149.279
  56.561  140.443
  86.430  142.037
  74.589  148.013
  88.724  149.774
  66.531  151.342
  72.766  154.025
  84.164  137.105
  81.058  133.316
  75.207  144.233
  72.857  158.644
  75.103  155.841
  68.345  152.112
  83.229  142.857
  73.468  143.954
  79.746  167.965
  76.902  163.819
  87.916  154.372
  72.412  140.920
  85.113  134.205
  68.370  153.303
  69.786  144.788
  71.154  157.415
  72.965  138.270
  77.040  149.842
  80.595  151.776
  77.019  160.065
  66.969  149.277
  70.488  148.247
  70.398  151.399
  78.536  148.106
  79.090  151.893
  87.144  138.233
  84.519  148.564
  83.905  138.049
  81.535  148.567
  86.397  154.504
  72.179  156.907
  79.709  146.306
  70.765  144.611
  77.669  137.479
  76.354  144.428
  81.576  144.314
  88.765  157.036
  88.644  147.273
  74.791  153.300
  87.124  154.036
  80.501  132.031
  81.702  150.561
  81.660  147.997
  70.625  134.685
  75.456  148.580
  77.088  146.751
  84.487  153.775
  83.899  158.291
  76.207  151.006
  75.205  156.817
  90.185  144.200
  74.546  146.887
  75.776  159.783
  88.943  146.804
  78.571  150.988
  64.562  152.465
  79.618  135.701
  85.528  138.967
  80.709  156.137
  74.862  162.382
  66.002  160.081
  73.447  141.552
  82.901  156.136
  83.178  151.049
  71.952  151.699
  80.712  152.950
  80.865  154.143
  84.281  148.456
  85.581  137.480
  79.052  135.422
  74.265  152.137
  81.356  144.568
  72.027  160.008
  76.436  149.649
  73.302  161.798
  67.988  149.313
  80.450  151.042
  70.538  148.216
  63.604  152.894
  62.711  152.391
  80.878  136.721
  85.326  144.314
  89.756  153.401
  81.707  157.831
  73.373  166.625
  60.386  153.544
  80.570  148.710
  87.758  151.718
  87.700  151.330
  81.127  148.311
  76.870  148.729
  82.370  149.551
  69.782  161.434
  79.663  153.331
  67.700  147.912
  74.951  147.286
  81.649  141.132
  74.585  163.063
  81.494  152.993
  88.343  151.625
  74.428  136.718
  83.420  142.255
  83.388  151.779
  86.910  146.685
  80.986  145.252
  89.398  151.318
  72.917  155.033
  80.628  162.178
  76.204  148.298
  76.368  147.578
  76.893  155.903
  81.381  144.718
  83.114  160.531
  80.390  141.218
  80.479  145.554
  85.444  141.912
  71.604  147.156
  78.925  147.992
  69.679  169.430
  86.193  157.036
  85.400  149.171
  76.265  154.498
  75.552  137.074
  80.057  156.434
  82.304  149.926
  75.559  159.190
  81.205  164.330
  76.741  157.283
  85.364  145.774
  73.906  160.118
  78.450  154.264
  77.201  161.650
  85.673  143.893
  89.232  141.743
  83.792  151.498
  73.090  159.764
  75.012  153.580
  81.531  149.006
  79.804  154.860
  79.992  137.713
  76.556  151.779
  78.757  146.990
  61.377  164.331
  96.402  147.559
  84.526  146.085
  78.338  140.384
  89.937  144.266
  74.453  157.790
  79.496  146.687
  80.980  134.006
  65.207  146.429
  81.010  137.268
  77.860  150.066
  78.412  167.596
  68.391  164.867
  80.019  162.380
  81.334  149.757
  77.705  147.010
  89.637  153.841
  78.421  149.349
  75.777  146.937
  78.232  163.760
  85.116  145.933
  74.135  147.439
  75.734  159.417
  68.821  139.601
  66.369  159.948
  74.347  137.288
  75.632  147.979
  72.377  146.787
  83.268  148.441
  78.881  147.906
  78.313  154.985
  77.405  150.049
  84.783  153.974
  84.713  147.042
  79.503  149.242
  88.092  166.073
  88.415  136.884
  88.892  140.069
  85.006  143.693
  80.324  147.302
  67.903  142.850
  71.503  153.610
  82.489  147.513
  81.827  148.016
  77.848  155.253
  81.173  146.330
  73.841  135.589
  76.417  148.800
  76.224  157.112
  62.162  157.980
  83.772  149.887
  65.928  145.665
  81.757  147.073
  85.020  145.769
  75.988  155.249
  79.088  150.036
  84.122  149.572
  73.192  149.803
  76.957  159.079
  75.407  145.454
  75.843  152.618
  66.702  151.582
  86.602  150.398
  76.220  146.591
  76.394  146.457
  79.316  161.230
  84.094  142.157
  83.525  150.158
  78.150  145.043
  72.376  148.705
  66.376  157.477
  72.442  147.992
  79.396  154.868
  82.751  153.525
  84.231  161.373
  70.941  148.544
  91.155  139.850
  65.790  147.439
  82.627  146.450
  81.265  149.087
  77.933  149.743
  71.137  145.364
  84.941  156.475
  70.958  150.212
  68.584  144.506
  78.549  158.030
  79.668  159.533
  72.606  148.109
  72.140  149.745
  75.512  144.402
  82.774  160.402
  72.374  141.879
  76.306  154.883
  73.726  173.015
  76.173  158.365
  71.606  161.594
  84.848  156.704
  75.210  144.352
  80.292  143.188
  90.422  146.505
  69.417  158.442
  74.384  157.169
  89.367  141.717
  84.782  149.546
  60.707  149.080
  84.252  154.405
  70.267  148.272
  73.180  158.327
  76.307  156.499
  65.319  149.507
  72.992  142.308
  74.987  148.632
  82.271  161.434
  74.738  143.395
  83.329  146.298
  74.099  142.144
  84.797  146.441
  74.561  126.325
  81.632  150.261
  70.277  151.838
  68.493  147.381
  76.504  145.854
  86.475  145.573
  72.286  146.373
  71.850  155.061
  80.081  149.825
  75.127  156.118
  70.933  167.746
  80.683  138.178
  76.567  145.381
  74.215  154.506
  78.584  157.768
  71.769  142.090
  76.536  156.051
  76.231  148.620
  75.196  154.593
  77.343  143.263
  68.735  161.612
  86.446  148.165
  82.345  145.827
  78.421  155.113
  77.698  142.356
  80.703  150.934
  84.321  143.572
  81.201  154.164
  78.802  147.701
  76.902  152.680
  72.526  158.945
  79.249  150.999
  74.570  141.547
  74.361  147.980
  69.421  144.867
  60.762  154.711
  86.110  159.060
  68.980  153.528
  81.098  150.427
  76.837  151.888
  77.203  147.921
  74.875  152.266
  81.664  159.794
  83.324  154.840
  81.733  139.757
  69.456  164.302
  83.346  152.633
  82.057  155.216
  73.372  144.346
  89.398  140.927
  76.835  155.418
  73.233  156.388
  83.500  142.456
  80.120  159.847
  83.314  146.966
  87.363  150.104
  79.017  149.840
  74.206  142.283
  83.820  137.735
  77.735  136.967
  75.415  142.259
  84.399  146.053
  75.143  147.146
  74.562  158.014
  78.119  141.808
  87.777  158.006
  77.926  141.898
  74.078  142.562
  78.146  159.117
  80.516  151.435
  79.808  148.671
  81.778  155.312
  77.656  164.951
  75.593  159.717
  80.829  131.695
  83.149  147.620
  73.774  140.226
  71.590  166.765
  83.724  137.702
  75.275  151.176
  83.263  154.069
  80.562  143.245
  69.387  149.239
  73.024  143.948
  75.856  148.576
  90.150  145.275
  80.861  151.183
  70.832  162.854
  86.520  143.606
  73.590  155.925
  61.188  158.448
  79.217  153.221
  72.282  155.733
  83.539  141.021
  83.208  147.217
  79.811  150.161
  71.259  148.195
  83.924  147.561
  84.981  141.056
  78.550  144.456
  83.068  141.333
  76.462  123.330
  70.327  164.022
  79.047  128.570
  79.290  147.274
  77.469  150.413
  71.544  151.624
  79.220  126.644
  78.401  147.167
  84.685  147.379
  79.286  141.992
  73.527  149.361
  68.480  148.741
  80.452  150.656
  78.464  146.078
  76.357  163.379
  90.367  152.691
  74.668  143.332
  82.639  152.902
  84.480  149.042
  75.485  132.085
  73.769  148.634
  85.312  153.052
  77.945  144.376
  83.012  157.660
  72.038  145.350
  80.110  142.515
  73.524  162.601
  81.875  153.946
  67.709  149.734
  72.189  153.063
  76.281  147.401
  82.389  151.157
  89.822  140.984
  78.248  146.238
  72.163  140.521
  70.093  154.970
  73.707  146.947
  70.024  163.461
  79.803  149.834
  90.568  139.494
  67.772  161.676
  85.264  143.227
  67.519  138.476
  67.409  144.064
  79.688  152.558
  78.577  154.013
  66.626  139.723
  84.181  156.843
  79.878  147.900
  75.725  158.598
  85.301  140.233
  75.980  142.744
  78.384  159.809
  68.082  156.247
  78.129  148.809
  75.219  140.166
  89.616  144.383
  79.217  160.804
  76.288  156.082
  75.740  156.294
  75.420  151.151
  76.448  152.734
  80.382  145.357
  83.507  154.333
  78.733  160.368
  71.749  149.447
  70.531  145.126
  66.375  137.978
  84.964  154.403
  72.626  168.656
  75.600  156.594
  84.531  154.581
  85.092  159.247
  76.888  145.125
  72.306  150.035
  78.705  137.770
  85.549  158.772
  88.772  148.221
  75.542  159.322
  69.086  153.311
  82.558  140.953
  78.633  152.219
  90.122  151.844
  81.741  152.825
  85.701  149.700
  72.946  144.927
  80.551  146.049
  75.632  140.012
  89.326  143.227
  79.437  146.838
  71.652  147.043
  79.641  146.958
  76.286  153.791
  75.115  157.523
  82.299  145.846
  77.242  156.639
  76.337  157.785
  73.847  162.614
  74.873  157.379
  84.819  147.297
  71.662  153.346
  76.773  157.211
  74.939  143.112
  82.387  139.951
  86.765  149.668
  78.638  159.935
  76.946  151.155
  88.186  156.275
  66.711  148.990
  79.464  136.185
  85.362  150.758
  67.043  149.722
  77.946  164.123
  76.157  134.304
  82.265  143.938
  72.940  148.345
  73.833  141.787
  68.730  149.095
  78.093  138.657
  84.098  157.552
  69.818  155.379
  80.001  156.606
  82.047  150.054
  68.635  151.636
  89.619  154.956
  71.157  159.452
  82.276  141.852
  83.252  144.138
  85.431  143.338
  83.170  132.148
  87.889  150.687
  78.417  154.522
  84.883  144.679
  73.050  155.346
  90.612  148.276
  78.629  150.614
  73.434  144.160
  78.607  161.024
  73.766  153.524
  91.053  136.525
  75.240  148.564
  78.779  151.846
  83.785  140.691
  86.830  145.702
  67.033  151.138
  76.865  149.931
  75.388  138.880
  69.287  152.026
  77.753  142.139
  72.440  146.090
  66.267  165.090
  74.515  148.137
  85.693  149.973
  72.143  153.657
  79.179  152.721
  86.166  146.917
  76.147  141.281
  77.157  157.680
  78.530  145.732
  78.490  153.498
  77.850  158.186
  77.875  152.830
  81.179  151.805
  85.578  148.471
  75.011  140.115
  75.687  145.881
  76.768  142.277
  80.773  152.357
  80.483  150.147
  75.092  158.888
  72.800  151.433
  71.923  144.856
  88.977  163.928
  91.995  146.610
  76.224  144.772
  82.728  156.121
  79.965  150.815
  73.688  147.847
  76.611  141.928
  77.629  152.410
  72.745  136.578
  80.330  147.954
  69.181  147.180
  73.947  147.982
  83.806  145.432
  85.702  135.040
  75.879  134.576
  85.827  149.812
  76.284  150.172
  74.530  156.148
  78.499  151.173
  73.818  150.739
  86.467  164.968
  82.126  148.931
  75.856  140.564
  78.504  142.023
  78.392  144.620
  78.338  150.518
  74.233  131.315
  73.205  151.878
  76.216  147.630
  95.389  151.015
  76.981  144.919
  66.922  146.703
  77.599  158.382
  67.119  145.194
  77.832  132.780
  77.213  158.572
  68.844  159.019
  81.902  149.173
  66.691  153.397
  92.078  150.370
  77.551  154.063
  72.267  157.619
  78.555  153.154
  79.588  154.434
  76.211  139.972
  74.567  153.048
  70.514  158.836
  77.436  147.345
  77.316  153.306
  77.627  160.420
  74.818  153.479
  74.401  142.314
  71.424  145.513
  72.373  141.450
  70.761  168.045
  79.612  140.034
  85.950  158.882
  80.191  154.212
  76.728  152.866
  75.587  155.613
  79.669  156.887
  65.411  143.165
  68.924  158.433
  77.218  148.849
  75.289  155.450
  79.751  158.059
  64.026  139.616
  72.228  146.208
  81.414  160.219
  82.110  153.123
  82.601  149.734
  77.308  157.041
  81.224  144.582
  74.384  146.904
  83.722  152.656
  77.585  155.243
  75.988  150.174
  78.950  154.448
  79.203  157.176
  81.107  151.862
  83.125  157.259
  78.333  158.767
  80.721  157.327
  76.112  159.861
