 160.724  151.210
 147.111  138.478
-178.297  158.654
 163.433  151.044
 153.044  151.242
 172.685  168.067
 153.081  150.652
 163.096  156.921
 160.431  137.809
 169.805  140.144
-177.518  141.962
 156.824  154.856
 172.019  160.550
 169.295  159.592
 155.462  154.542
-179.578  142.915
 164.200  156.826
 159.253  143.457
 171.026  157.056
 176.413  142.409
 168.597  156.500
 160.691  156.274
 176.637  151.180
 166.334  150.763
 169.693  142.657
 159.956  148.231
 167.199  144.569
 169.340  160.655
 168.931  144.616
 170.467  144.229
 172.997  152.085
-179.734  153.773
 168.455  143.732
 167.578  146.055
 175.874  149.333
 165.171  136.979
 163.802  145.807
 179.020  157.282
 165.161  155.117
 150.384  147.202
 157.400  133.561
 160.872  138.025
 172.373  155.026
 165.414  148.850
 163.950  162.191
-179.164  147.251
 174.680  148.627
 155.334  147.726
 162.905  150.607
 178.648  151.978
 166.677  150.445
 163.765  143.038
 175.300  161.089
 166.573  137.209
 170.411  162.361
 167.902  150.577
 172.315  161.449
 179.273  154.308
 173.313  142.528
 161.305  151.352
 161.902  153.974
 165.220  155.286
 155.422  152.850
 164.231  150.644
 160.019  154.140
 178.799  161.019
 178.736  162.710
 150.029  153.605
 151.263  146.515
 171.789  154.943
 168.908  145.943
 165.041  151.993
 167.450  152.617
 152.436  140.521
 167.839  162.716
 156.486  153.559
 174.744  148.916
 172.499  144.272
 173.704  148.230
 166.857  144.975
 148.797  154.699
 154.323  155.631
 167.994  135.726
 173.783  129.352
 174.267  151.499
 164.014  148.223
-178.557  156.661
 167.136  143.589
 172.553  161.391
 148.502  143.132
 163.155  132.817
 161.217  143.114
 163.158  138.538
 170.902  142.232
 165.140  146.649
 162.782  152.641
 161.120  149.945
 170.546  147.868
 171.465  150.496
 172.571  150.431
 165.744  146.488
 171.591  149.853
 167.876  143.113
 164.529  150.915
 174.736  149.115
 166.210  163.518
 168.041  153.419
 161.424  158.516
 165.805  151.515
 168.140  152.439
 171.736  153.416
 160.163  153.038
 169.441  140.525
 150.524  150.073
 171.823  141.150
 159.677  152.451
 158.010  154.135
 171.197  149.172
 170.472  145.347
 170.457  150.773
 162.734  138.820
 167.559  155.782
 158.806  154.520
 158.065  152.399
 154.987  153.748
 168.324  138.983
 153.164  153.758
 170.446  154.147
 160.833  148.486
 177.145  169.247
 160.173  145.105
 157.507  154.504
 163.199  141.686
 175.454  154.591
 178.729  159.441
 159.154  155.137
 161.706  159.257
 166.188  158.196
 174.834  152.110
 165.251  145.760
 159.516  157.911
 160.926  141.479
 165.159  156.357
 162.097  160.071
 178.712  146.345
 173.106  157.784
 168.577  146.837
 167.236  157.852
 164.968  148.342
 174.885  150.705
 166.056  153.463
-177.495  156.602
 170.823  152.243
 167.385  156.041
 154.068  141.331
 155.030  151.041
 166.476  147.773
 156.995  158.241
 173.450  165.399
 171.875  158.265
 167.276  149.981
 169.929  154.684
 168.296  148.263
 155.858  143.334
 166.076  150.290
 179.357  149.161
 173.198  149.303
 170.252  150.193
 155.336  151.789
 174.038  157.043
 167.089  151.131
 168.422  134.468
-172.929  146.154
 164.214  159.267
 153.038  144.648
 168.889  147.223
 172.047  161.067
 165.040  144.876
 177.216  148.034
 156.155  145.973
 162.870  133.741
 168.539  141.624
 168.032  141.066
 162.702  153.970
 166.228  147.510
 169.564  161.277
 164.391  141.755
 176.101  150.778
 163.008  161.048
 170.760  147.876
 159.214  160.639
 162.892  155.328
 178.567  142.534
 173.448  156.972
 166.682  156.514
 166.177  148.412
 168.018  162.373
 159.947  142.243
 169.107  151.605
 173.207  152.958
 165.218  133.724
 160.939  157.156
 175.525  153.729
 162.156  151.405
 154.464  156.348
 164.602  147.719
 177.525  151.215
 172.673  154.031
 164.738  154.992
 173.346  156.746
 175.223  143.485
 171.049  156.785
 165.817  150.609
 158.942  147.419
 168.586  148.327
 171.390  147.857
 155.368  157.368
 174.638  151.603
 179.077  139.231
 174.409  149.841
-177.604  152.851
 178.679  137.560
 174.751  159.883
 176.579  144.345
 168.715  141.559
 169.664  154.285
 172.687  152.043
 166.059  139.334
 167.824  148.012
 144.730  146.908
 171.501  136.574
 159.419  155.083
 169.252  156.163
 169.607  151.571
 168.355  157.332
 170.910  145.365
 162.681  149.822
 164.094  148.912
 178.664  154.724
 162.342  154.354
 157.664  156.168
 172.560  146.631
 157.689  147.859
 170.640  162.353
 169.304  158.731
 172.328  151.389
 162.541  137.985
 171.072  146.477
 175.336  140.171
 153.614  147.823
 178.003  154.016
 165.252  155.455
 172.233  156.571
 174.568  160.041
 170.802  159.816
 171.224  145.549
 162.717  150.985
 150.176  154.240
 157.742  162.251
 165.718  147.347
 150.800  149.193
 175.034  156.931
 162.779  147.971
 161.027  150.258
 161.539  152.186
 166.629  151.383
 164.456  145.343
 162.128  138.368
 169.432  161.287
 171.727  157.068
 166.700  162.200
 174.107  161.826
 155.112  141.404
 155.855  138.624
 161.444  145.275
 153.583  146.548
 161.870  137.590
 172.885  130.297
 165.897  152.059
-167.994  146.742
 172.907  147.343
 175.554  158.310
 167.265  158.768
 153.563  157.042
 172.981  151.430
 169.281  155.500
 157.280  152.058
 173.520  163.003
 157.481  148.918
 156.908  162.193
 178.518  152.344
 166.194  137.056
 147.594  159.203
-176.698  148.392
 163.777  152.867
 172.094  160.180
 157.278  146.698
 168.767  155.176
 161.158  154.124
 165.731  148.671
 165.451  149.603
 163.475  160.305
 171.269  149.422
 162.073  152.475
 167.622  157.393
 165.879  155.837
 152.590  133.507
 170.341  145.597
 161.515  154.590
 161.951  156.548
-176.890  151.642
 162.425  148.987
 156.533  153.222
 170.107  147.158
 170.059  144.570
 172.996  151.209
 165.150  141.926
 173.271  152.540
-176.960  149.552
 152.859  140.258
 159.945  149.923
 160.757  163.294
 165.483  156.350
 170.815  152.769
 176.785  154.909
 165.252  154.315
 164.703  152.476
 168.959  156.948
 153.945  150.877
 161.553  139.589
 172.059  160.108
 179.384  150.354
 164.230  149.198
 162.801  147.986
 171.180  146.677
-179.264  153.131
 172.724  148.027
 175.361  149.699
 174.314  146.495
 168.046  153.557
 175.847  156.472
 160.487  154.721
 158.308  149.772
 174.939  141.594
 167.214  146.849
 159.550  163.866
 175.474  143.502
 175.334  134.122
 160.664  150.397
 161.919  149.227
 158.557  148.673
 162.365  149.252
 162.618  146.682
 164.666  160.327
 174.408  156.814
 165.191  146.267
 158.266  161.857
 157.366  142.552
 156.264  154.582
 177.812  149.854
 165.472  158.129
 161.516  145.423
 167.138  149.107
 165.154  144.818
 166.877  162.517
 166.043  142.047
 164.692  140.430
 165.640  149.078
-174.402  154.931
 169.751  153.154
-178.558  138.224
 169.086  152.229
-179.755  137.075
 163.368  142.629
 167.347  141.916
-179.702  156.214
 157.406  163.150
 171.719  144.398
 170.997  142.644
 154.198  151.599
 167.919  158.642
 171.824  152.120
 159.082  142.828
 175.132  154.443
 167.139  150.717
 173.970  155.129
 168.016  149.663
 169.023  144.989
 157.630  150.199
 159.835  150.016
 161.665  149.469
 168.398  152.319
 164.647  158.335
 173.248  155.583
 176.459  163.760
 168.392  146.377
 171.791  155.664
 169.156  146.245
 161.864  151.131
 166.971  158.551
 159.058  165.354
 176.364  153.996
 169.030  137.420
 158.218  151.709
 167.111  140.821
 170.515  156.384
 168.925  153.702
 154.035  153.441
 170.790  151.379
 170.893  152.837
 160.833  160.786
 175.391  157.896
 163.946  153.942
 169.318  149.683
 169.655  163.671
-179.296  142.675
 177.017  141.945
 163.989  143.241
 174.925  150.288
 165.312  162.434
 161.783  151.185
 158.727  142.005
 162.148  153.667
 165.131  152.522
 171.149  149.689
 171.665  149.552
 167.704  149.783
 179.633  139.589
 162.388  154.333
 164.176  135.973
 156.163  150.699
-175.274  138.643
 162.349  143.424
 169.471  150.490
 160.163  154.702
 151.468  155.997
 172.288  149.628
 164.389  141.793
 177.498  159.944
 169.742  143.628
 170.091  137.355
 162.228  147.957
 174.271  147.296
 174.649  150.379
 169.559  155.032
 166.387  147.744
 159.429  157.360
 165.452  131.953
 164.834  154.947
 158.277  148.557
 167.711  148.595
 168.648  150.043
 169.565  146.389
 154.867  153.650
 179.247  152.035
 163.830  144.518
 166.766  144.335
 173.184  155.199
 173.986  142.890
 171.835  146.416
-178.515  154.218
 177.768  157.743
 163.420  159.183
 165.054  152.519
 170.490  162.491
 177.043  158.668
-173.547  147.531
 156.428  146.797
 154.748  155.071
 165.457  158.509
 173.438  154.925
 158.927  136.599
 172.820  139.927
 169.252  146.902
-177.628  144.456
 165.784  156.138
 176.861  141.503
 149.755  147.820
 162.734  146.243
 169.577  158.163
 176.617  153.626
 165.771  165.469
 170.240  160.865
 165.625  151.719
 162.369  160.744
 160.524  158.899
 171.674  144.842
 172.276  149.228
 164.867  142.353
 161.894  134.583
-177.695  158.438
-176.020  142.899
 166.456  156.215
 167.470  145.546
 164.552  148.868
 179.937  145.097
 156.785  151.209
 160.875  151.400
 169.937  143.640
 172.989  143.687
 162.159  141.785
 173.926  150.526
 159.382  143.719
 153.718  137.549
 175.657  147.524
 160.505  152.927
 166.901  149.584
 159.516  152.567
 153.356  160.284
 178.073  146.822
 168.184  159.157
 166.649  134.099
 171.103  138.429
 160.892  153.602
 175.866  157.336
 172.600  159.189
 160.576  153.886
 160.478  161.699
 156.025  159.857
 159.047  158.009
 158.100  160.371
 165.335  150.077
 165.532  150.884
 162.456  162.469
 169.743  140.166
 172.986  123.298
 168.998  150.487
 161.492  148.441
 159.451  157.710
 161.965  146.707
 156.678  144.946
 168.534  157.502
 163.452  143.830
 170.601  145.272
 171.175  143.020
 166.375  140.214
 173.619  161.313
 174.319  148.494
-170.500  153.055
 170.306  153.577
 167.825  148.888
 159.616  150.518
 145.404  153.003
 167.383  159.886
 167.748  142.331
 165.297  154.762
 171.070  150.759
 165.198  145.087
 168.748  157.981
 169.374  151.382
 160.899  145.679
 177.677  154.822
 165.060  158.909
 171.280  155.007
 174.302  151.212
 169.876  141.665
 159.130  155.544
 167.445  152.313
 166.692  151.106
 164.076  149.595
 158.539  142.503
 168.286  146.287
 164.026  147.157
 153.747  154.164
 168.842  149.818
 163.461  143.401
 167.374  145.400
 165.895  153.998
 156.809  156.939
 159.582  151.289
 156.599  143.926
 158.260  155.830
 170.688  164.478
-178.428  152.713
 168.551  153.794
 166.833  146.161
 179.073  149.852
 179.021  139.984
 153.716  151.648
 156.517  152.781
 167.773  159.130
-177.880  141.999
 175.892  149.063
 161.904  147.804
 165.814  149.559
 171.236  135.530
 167.277  146.344
 170.493  149.378
 173.316  158.734
 167.359  143.499
 161.762  154.458
 169.807  156.040
 155.380  165.170
 176.245  159.111
 162.365  155.046
 162.917  150.545
 160.216  141.741
 168.457  153.664
 167.729  153.039
 159.419  152.406
 148.944  149.112
 166.490  140.927
 165.917  157.299
 164.367  155.289
 171.503  149.765
 159.637  148.089
 168.582  145.128
 162.660  154.859
 161.783  146.343
 162.603  141.876
 176.221  146.743
 156.844  150.406
 154.685  151.146
 170.286  153.056
 174.638  154.624
 169.576  158.080
 168.153  160.682
 167.161  148.882
 171.583  137.018
 163.168  152.772
 176.802  155.554
 151.672  154.403
 160.409  153.271
 163.828  132.827
 162.246  150.795
 164.191  146.160
 178.501  159.930
 163.061  153.312
 162.523  139.935
-175.928  147.989
-179.315  159.472
 166.582  139.818
 159.644  155.757
 162.583  149.685
 178.475  146.703
-178.531  147.824
 158.274  140.992
 156.167  162.109
 177.925  153.105
 159.543  159.862
 158.646  156.478
 171.792  153.312
 157.476  147.141
 164.989  140.069
 164.637  154.406
 162.465  160.731
 168.647  154.608
 157.494  152.726
 164.333  156.148
 160.064  150.753
 167.956  153.967
 168.114  140.192
 163.258  156.528
 161.230  141.296
 159.807  155.669
 157.709  151.418
 174.900  143.772
-179.683  144.688
 162.933  149.175
 177.027  150.083
-175.521  157.672
 174.754  143.923
 148.217  150.691
 173.953  160.507
 160.186  147.490
 176.885  140.926
 163.432  153.052
 175.214  145.061
 172.159  146.909
 167.318  150.390
 157.690  151.936
-178.662  154.705
 168.071  155.018
 164.784  136.393
 169.445  147.358
 169.964  144.388
 168.259  145.670
 167.342  151.278
 176.519  145.456
 171.496  146.985
 170.278  156.765
 169.831  155.698
 174.439  156.673
 159.229  151.570
 163.926  143.517
 170.675  151.257
 174.008  145.083
 171.289  160.564
 167.781  164.111
 157.064  149.162
 176.947  153.781
 152.327  156.471
 162.380  155.333
 174.323  158.551
 175.106  147.508
 158.651  153.089
 159.685  144.206
 170.305  152.797
 164.466  155.957
 174.098  147.427
 159.070  146.349
 160.260  151.125
 169.109  153.964
 153.710  142.292
 158.844  152.180
 168.927  136.904
 175.682  151.888
 162.748  153.778
 176.978  147.885
 174.055  160.951
 173.824  168.343
 164.295  155.684
 179.144  148.953
 171.829  151.461
 159.342  156.742
 176.809  158.614
 159.888  143.698
 167.001  152.437
 168.630  144.993
 162.624  155.130
 155.872  151.090
 158.579  153.267
 165.574  151.427
 169.145  148.116
-170.970  148.701
 175.146  159.386
 169.164  151.636
 167.337  143.912
 159.328  164.226
 165.900  154.124
 162.179  154.923
 167.267  145.175
 165.854  152.171
 176.113  147.278
 172.907  147.727
 167.156  145.469
 171.776  144.827
 171.488  148.404
 162.796  159.896
 170.537  148.420
 162.213  148.613
 167.396  149.844
 152.135  151.875
 172.275  154.448
 159.756  154.174
 174.695  144.348
 170.644  159.569
 166.465  145.480
 172.488  156.445
 163.680  151.329
 153.830  146.785
 166.909  146.010
 164.451  160.906
 153.654  159.990
 157.407  150.645
 172.315  155.909
-177.675  147.729
 160.885  161.730
 171.195  164.281
-178.867  147.669
 168.912  142.772
 165.195  152.296
 162.117  142.177
 168.850  154.401
 167.385  139.771
 159.547  156.895
 160.464  149.334
 173.255  159.543
-176.926  165.196
 166.006  150.073
-172.213  139.801
-178.322  144.965
 161.932  150.197
 168.346  150.933
 165.207  163.103
 169.384  142.639
 167.593  163.549
 173.629  154.901
 179.505  145.615
 159.673  142.497
 178.626  156.634
 165.653  157.239
 177.255  155.917
 161.439  160.438
-180.000  156.525
 176.398  143.099
 162.224  146.901
 165.182  147.918
 173.432  152.086
 174.991  148.029
 175.322  148.411
 162.865  140.501
 153.544  153.607
 156.734  155.341
 169.115  162.637
-179.578  141.930
 163.791  163.980
 155.497  162.270
 165.224  149.066
 154.761  142.996
 165.801  139.075
 176.763  150.876
 176.618  142.603
 177.529  143.362
 173.017  157.549
 162.329  154.431
 154.260  151.914
 177.573  151.495
 164.593  147.716
 163.940  171.795
 169.751  156.864
 174.053  151.082
 159.724  151.674
 176.865  159.220
 175.244  159.259
 164.520  147.844
 170.558  162.714
 175.815  157.622
 153.414  149.375
 166.835  156.631
 164.807  160.422
 173.224  156.863
 176.960  148.912
 167.952  147.284
 166.750  148.463
-179.381  149.220
 172.969  150.223
 171.301  148.767
 170.386  157.942
 150.411  139.368
 150.705  161.294
-175.571  145.184
 161.035  161.306
 166.416  149.547
 163.479  155.745
 166.546  151.758
 158.797  138.843
 164.332  155.125
 161.638  156.890
 176.981  157.352
 169.599  153.253
 148.279  149.526
 165.449  150.120
 153.010  160.890
 171.842  145.026
 167.872  156.698
 172.521  152.559
 159.838  151.137
 163.372  150.322
 171.678  156.187
 158.891  164.989
 166.850  145.652
 166.955  158.775
 175.436  152.348
 158.253  162.130
 161.724  137.929
 173.579  151.181
 173.972  156.262
 171.519  142.648
 160.343  139.670
 177.654  152.622
 165.657  160.130
 157.710  148.916
 172.936  144.706
 169.360  140.952
 159.878  154.681
 166.949  148.784
 167.824  142.006
 175.484  160.109
 169.882  149.656
 145.530  158.427
-177.165  144.457
 173.349  153.789
 160.691  162.704
 168.052  137.928
 163.685  147.198
 168.722  154.758
 162.991  152.868
 156.534  151.339
 159.422  148.993
 173.690  157.125
 166.208  141.721
 160.842  148.056
 177.610  164.106
 177.237  148.783
 177.274  151.849
 175.522  150.584
 165.265  134.477
 168.063  148.691
 163.567  144.971
 161.578  157.185
 167.878  141.839
 157.157  146.722
 162.064  151.683
 165.949  147.324
 167.712  146.908
 170.328  158.465
 163.847  149.542
 163.278  141.812
 172.378  155.628
 152.814  156.315
 168.475  147.003
 170.434  153.584
 176.281  158.545
 170.697  149.776
 149.487  136.121
 167.010  146.055
 161.670  152.663
 156.996  139.202
 179.260  142.584
 175.942  151.571
 169.897  158.695
 161.319  148.670
 175.943  150.285
 169.142  144.299
 165.596  148.845
 149.635  148.188
 151.042  145.568
 170.857  140.193
 175.525  157.766
 162.832  152.485
 167.903  158.092
 176.760  144.913
 173.580  154.619
 162.143  149.868
 158.342  150.525
 164.276  152.716
 151.360  151.336
 165.285  157.937
 164.320  154.554
 172.399  150.632
 167.682  143.031
 150.989  152.595
 149.155  152.036
 164.656  152.848
 152.461  145.568
 175.244  142.785
 175.351  148.229
 157.778  157.121
 165.238  158.502
 168.963  150.475
 169.559  145.747
 156.013  138.160
 173.769  146.980
 176.685  150.993
 152.873  158.454
-178.698  154.739
-176.496  160.158
 156.307  145.224
 157.055  146.557
 173.161  159.394
 160.479  150.799
 171.042  142.720
 152.043  154.759
 157.807  157.807
 163.874  162.321
-176.945  160.093
 173.702  168.278
 157.341  156.186
 166.059  159.082
 166.342  145.086
 176.341  160.132
 166.709  150.137
 157.999  145.014
 162.727  151.460
 164.559  148.119
 168.621  143.518
 175.344  150.087
 159.307  149.007
 168.206  132.973
 175.114  148.045
 155.420  156.006
 166.889  144.433
 167.484  143.330
 168.045  150.837
 177.885  153.560
 163.457  138.433
 159.206  167.533
 175.359  152.422
 172.355  164.232
 170.394  146.864
 168.802  147.739
 154.336  152.309
 177.548  145.861
 155.833  156.794
 164.202  158.461
 170.330  143.803
 177.978  147.913
 164.770  153.764
 157.743  156.110
 170.230  149.011
 177.744  142.776
 163.045  153.379
 157.427  169.949
 152.640  142.434
 155.881  159.908
 170.449  146.549
 171.311  151.670
 150.401  158.549
 149.164  135.506
