 -83.405  147.498
 -66.731  124.896
 -74.179  143.540
 -81.154  132.231
 -83.215  141.433
 -83.507  137.304
 -71.184  137.235
 -78.816  140.374
 -81.253  128.642
 -76.246  125.427
 -69.424  131.873
 -76.214  135.794
 -79.840  129.839
 -73.273  132.552
 -69.587  148.419
 -75.868  145.775
 -77.424  138.316
 -82.640  142.589
 -70.117  123.649
 -68.848  125.933
 -72.803  135.928
 -73.181  150.486
 -83.964  140.404
 -80.879  140.431
 -67.747  145.588
 -75.136  135.562
 -81.084  142.186
 -83.546  140.267
 -78.401  119.477
 -78.586  140.884
 -73.993  141.739
 -79.992  122.623
 -72.940  140.524
 -77.322  143.269
 -84.348  136.920
 -79.462  139.814
 -68.499  130.644
 -68.694  127.832
 -84.108  137.604
 -69.194  133.642
 -92.166  144.401
 -79.400  126.441
 -68.223  132.549
 -69.578  131.613
 -75.478  128.750
 -83.719  133.116
 -79.061  129.441
 -64.807  130.065
 -73.432  119.625
 -76.952  143.091
 -76.247  134.313
 -71.835  138.073
 -65.152  126.254
 -86.605  129.105
 -73.230  140.101
 -78.655  126.019
 -78.209  133.786
 -81.241  147.746
 -74.304  148.602
 -84.185  139.771
 -73.458  122.839
 -77.117  139.733
 -66.811  123.248
 -87.143  133.618
 -75.810  118.918
 -78.037  127.614
 -77.635  128.376
 -74.917  120.883
 -66.255  128.673
 -84.392  138.624
 -65.293  131.897
 -88.267  142.116
 -76.786  130.903
 -81.754  126.162
 -81.231  130.787
 -79.083  123.084
 -72.428  143.054
 -63.207  129.609
 -74.948  143.152
 -74.620  131.401
 -93.166  139.609
 -72.233  126.011
 -88.794  122.240
 -77.319  136.040
 -63.827  141.051
 -79.903  125.207
 -88.647  130.245
 -67.278  131.626
 -76.628  141.706
 -78.217  142.245
 -65.132  134.350
 -78.578  136.312
 -80.641  124.163
 -67.260  135.447
 -75.373  118.957
 -70.987  129.623
 -66.432  135.950
 -71.330  133.753
 -89.762  133.505
 -76.151  128.957
 -79.613  123.757
 -80.025  131.743
 -77.742  132.832
 -81.893  136.437
 -57.714  145.324
 -69.708  116.343
 -74.833  150.228
 -76.887  133.753
 -73.661  140.481
 -74.786  139.438
 -72.951  134.446
 -75.264  140.740
 -74.147  136.011
 -63.795  147.290
 -85.293  134.402
 -69.282  130.697
 -69.474  137.695
 -84.346  147.401
 -66.117  125.609
 -77.388  129.144
 -77.638  122.518
 -76.037  148.545
 -67.588  139.002
 -81.108  136.973
 -68.216  144.939
 -73.453  144.052
 -83.289  130.162
 -83.227  121.445
 -66.315  142.935
 -73.458  137.689
 -64.860  141.933
 -65.817  141.195
 -65.387  150.508
 -63.284  130.062
 -71.409  133.118
 -80.043  139.920
 -79.042  140.095
 -80.181  145.156
 -70.696  128.585
 -67.613  145.894
 -73.511  134.125
 -70.151  135.632
 -80.945  131.770
 -67.216  146.412
 -78.771  136.561
 -83.498  129.847
 -81.757  144.965
 -78.211  130.723
 -65.032  134.690
 -59.031  139.760
 -72.424  134.774
 -65.624  129.217
 -78.581  130.810
 -80.844  132.081
 -68.914  137.532
 -71.797  136.029
 -74.312  144.440
 -82.665  138.102
 -72.692  122.652
 -92.113  142.883
 -92.492  138.026
 -91.233  136.417
 -61.359  142.666
 -61.114  145.380
 -78.807  140.212
 -79.097  126.786
 -73.286  121.872
 -78.651  134.072
 -75.215  156.061
 -76.939  140.671
 -72.389  130.068
 -74.702  132.129
 -58.656  134.387
 -70.818  143.854
 -72.851  139.730
 -68.487  126.171
 -72.481  141.728
 -74.362  138.175
 -76.482  136.303
 -72.764  139.586
 -93.671  137.362
 -80.460  128.879
 -67.810  145.850
 -71.078  129.279
 -68.389  128.969
 -79.483  129.818
 -74.325  130.426
 -73.269  129.363
 -81.109  137.302
 -80.036  139.969
 -70.744  132.283
 -66.112  134.143
 -71.049  124.239
 -77.473  141.818
 -83.884  141.188
 -69.414  123.143
 -78.055  125.718
 -87.625  127.333
 -81.087  127.652
 -73.558  132.236
 -70.224  119.688
 -87.416  131.595
 -73.887  156.160
 -74.347  138.832
 -79.051  145.673
 -82.103  121.208
 -66.881  133.618
 -73.128  133.624
 -88.770  137.066
 -87.692  132.962
 -91.395  142.614
 -90.205  118.059
 -77.257  139.137
 -65.929  128.425
 -72.049  142.391
 -65.588  133.577
 -82.224  145.878
 -73.594  123.223
 -69.911  137.170
 -78.287  133.474
 -65.469  132.613
 -86.820  144.298
 -71.795  143.233
 -76.714  136.588
 -80.157  137.050
 -62.127  129.879
 -81.338  141.040
 -78.929  143.881
 -75.599  123.651
 -67.005  125.147
 -62.230  148.216
 -71.807  127.773
 -77.178  126.715
 -62.438  141.109
 -66.910  134.311
 -75.050  127.956
 -75.141  124.253
 -73.079  141.795
 -76.377  132.950
 -79.836  138.065
 -74.639  141.895
 -62.783  128.414
 -62.596  137.595
 -86.122  134.210
 -74.873  140.850
 -79.606  128.349
 -84.282  136.580
 -77.275  119.368
 -71.812  146.481
 -87.882  123.713
 -64.119  149.622
 -87.352  137.519
 -62.600  134.738
 -67.550  149.027
 -80.457  139.287
 -84.983  137.228
 -68.300  130.075
 -78.491  129.806
 -56.867  144.546
 -56.970  127.332
 -78.869  131.526
 -82.361  131.026
 -72.682  132.889
 -72.351  136.298
 -71.534  130.128
 -90.938  134.299
 -82.446  138.039
 -64.855  132.437
 -68.405  138.888
 -77.761  138.039
 -77.508  148.269
 -85.500  131.500
 -79.251  136.946
 -75.034  138.098
 -77.261  132.027
 -67.045  136.132
 -69.809  138.685
 -75.010  117.255
 -67.486  143.747
 -81.407  136.418
 -74.890  135.045
 -74.637  131.866
 -74.984  124.031
 -73.972  134.785
 -64.697  134.786
 -87.036  140.227
 -73.712  136.936
 -60.275  134.393
 -70.391  119.760
 -71.357  129.511
 -82.814  130.661
 -75.699  128.903
 -88.264  134.399
 -77.171  143.529
 -68.952  126.553
 -70.673  127.438
 -75.471  126.579
 -79.424  144.219
 -73.834  151.979
 -73.792  128.952
 -80.412  136.056
 -77.356  145.188
 -70.736  143.963
 -77.768  127.205
 -77.083  121.172
 -72.542  136.020
 -70.131  136.862
 -59.755  125.817
 -72.963  122.465
 -74.026  131.469
 -76.502  134.825
 -66.150  132.272
 -63.153  132.357
 -71.317  136.332
 -63.103  127.330
 -67.628  122.220
 -73.118  122.010
 -69.822  130.559
 -76.576  140.618
 -85.202  134.685
 -69.481  125.569
 -67.671  146.768
 -76.718  144.231
 -74.633  130.803
 -66.201  145.960
 -77.710  136.609
 -76.571  133.738
 -74.852  129.544
 -62.601  117.132
 -77.641  133.182
 -67.083  141.652
 -63.175  122.205
 -66.728  135.715
 -79.430  129.937
 -78.877  131.448
 -72.704  147.304
 -73.446  144.188
 -84.926  137.826
 -85.682  131.481
 -72.533  128.505
 -71.560  141.039
 -75.167  138.976
 -76.221  131.958
 -79.981  134.631
 -86.793  138.288
 -75.522  141.539
 -73.897  129.363
 -79.349  127.957
 -83.995  131.804
 -76.097  146.179
 -76.686  126.716
 -76.929  128.166
 -66.194  134.603
 -83.031  126.685
 -71.510  149.611
 -68.708  136.445
 -78.362  136.091
 -72.654  144.030
 -68.838  132.218
 -80.960  140.783
 -77.882  132.026
 -70.010  130.121
 -70.623  136.156
 -79.169  128.142
 -76.053  135.640
 -64.935  128.358
 -87.088  132.315
 -63.060  140.860
 -81.179  148.498
 -65.357  133.040
 -65.803  133.022
 -73.551  138.767
 -84.700  134.099
 -70.943  126.213
 -78.276  138.156
 -64.203  128.836
 -75.383  137.755
 -82.589  136.790
 -84.825  138.574
 -68.301  134.310
 -62.591  138.464
 -84.410  124.735
 -75.918  136.680
 -72.235  134.149
 -59.363  129.816
 -77.292  132.527
 -70.191  156.040
 -71.646  124.037
 -72.190  129.883
 -64.834  136.503
 -78.547  137.814
 -59.748  129.067
 -69.483  128.614
 -81.987  137.014
 -86.187  130.591
 -70.194  138.765
 -89.954  141.349
 -72.658  132.734
 -77.494  130.738
 -69.436  132.194
 -70.938  149.800
 -72.086  141.069
 -59.589  141.052
 -77.639  137.978
 -72.438  136.161
 -76.956  139.495
 -74.109  129.787
 -60.850  137.895
 -64.178  126.675
 -87.263  142.353
 -76.720  127.917
 -79.530  127.690
 -77.575  132.262
 -76.197  147.384
 -81.897  135.955
 -80.663  136.017
 -66.511  122.469
 -74.727  138.625
 -85.367  125.918
 -79.123  121.202
 -73.787  134.000
 -72.544  148.331
 -77.763  127.059
 -70.142  124.923
 -72.581  130.435
 -53.797  144.835
 -80.044  143.324
 -86.539  142.444
 -77.958  140.614
 -77.410  147.630
 -70.278  134.518
 -91.365  145.467
 -71.134  140.912
 -73.982  128.329
 -75.156  132.402
 -77.695  128.850
 -74.385  129.405
 -80.870  148.065
 -74.280  133.988
 -78.177  148.815
 -75.502  147.983
 -69.682  136.824
 -68.709  134.072
 -79.933  138.284
 -79.290  139.665
 -81.542  129.035
 -78.123  126.273
 -76.123  132.715
 -73.052  133.007
 -66.555  145.293
 -66.610  131.372
 -73.363  154.222
 -69.594  124.860
 -82.283  135.866
 -78.785  140.397
 -81.098  126.108
 -83.473  139.050
 -88.943  137.601
 -69.966  143.770
 -68.766  145.096
 -81.568  141.215
 -74.193  129.268
 -73.099  132.337
 -73.065  127.425
 -66.180  133.721
 -66.135  132.387
 -50.922  134.118
 -79.805  143.649
 -65.637  129.496
 -79.568  141.217
 -80.107  123.268
 -67.673  132.000
 -77.290  144.734
 -78.650  135.314
 -72.541  111.292
 -80.073  138.941
 -75.465  138.848
 -70.110  123.716
 -85.569  138.904
 -81.984  126.461
 -66.484  130.541
 -83.897  132.087
 -70.375  137.446
 -74.898  138.051
 -75.747  143.749
 -76.988  138.011
 -70.923  139.803
 -88.764  137.670
 -62.369  132.812
 -74.768  140.277
 -65.527  135.829
 -67.878  142.996
 -67.306  136.252
 -71.802  132.178
 -76.981  136.413
 -81.121  140.606
 -75.677  136.288
 -77.955  132.824
 -77.433  142.688
 -82.287  132.077
 -55.061  133.387
 -55.637  131.376
 -62.506  135.091
 -78.929  122.855
 -92.620  139.474
 -65.135  150.210
 -57.262  127.332
 -74.070  137.007
 -71.880  132.639
 -78.280  146.754
 -81.145  144.221
 -65.235  128.180
 -72.762  134.863
 -82.186  130.095
 -72.063  140.470
 -76.169  137.709
 -78.728  136.959
 -72.957  127.167
 -77.860  145.440
 -82.924  133.213
 -81.977  141.689
 -68.267  134.703
 -52.566  137.653
 -84.717  140.733
 -84.113  136.915
 -74.181  144.683
 -67.956  129.240
 -73.021  120.549
 -68.444  136.407
 -84.808  140.527
 -74.568  138.466
 -79.340  140.206
 -70.456  142.886
 -72.720  145.585
 -73.411  135.898
 -84.396  131.145
 -75.453  127.356
 -71.547  148.490
 -72.378  141.288
 -84.373  134.645
 -66.219  138.574
 -80.061  135.643
 -72.650  126.892
 -68.456  138.997
 -66.329  139.135
 -58.581  139.693
 -71.857  146.835
 -83.598  129.760
 -66.120  123.898
 -84.689  141.756
 -73.928  149.155
 -59.243  133.466
 -68.129  130.148
 -72.827  128.897
 -71.150  130.868
 -67.796  130.492
 -69.159  149.893
 -65.656  135.865
 -75.150  126.977
 -79.076  135.956
 -68.356  133.949
 -74.010  127.338
 -65.971  136.526
 -78.249  128.368
 -79.360  131.917
 -74.733  116.938
 -73.238  137.851
 -81.267  128.886
 -84.855  120.236
 -77.064  133.335
 -66.131  139.112
 -71.246  138.461
 -68.477  134.920
 -74.585  139.769
 -76.155  143.405
 -68.606  127.633
 -72.728  136.099
 -80.941  139.824
 -80.486  140.889
 -66.307  141.660
 -67.479  131.832
 -72.855  128.073
 -69.547  144.447
 -79.126  140.466
 -73.306  134.987
 -69.301  137.016
 -90.860  127.145
 -72.108  139.812
 -64.605  148.517
 -76.578  127.382
 -65.658  123.083
 -74.390  122.782
 -73.542  146.590
 -83.937  120.367
 -78.347  152.398
 -63.961  155.858
 -77.059  136.904
 -80.877  138.704
 -70.235  130.534
 -63.252  139.053
 -70.005  136.084
 -74.763  133.044
 -74.819  132.878
 -81.248  150.023
 -83.601  141.017
 -79.104  146.195
 -74.916  120.940
 -83.036  145.969
 -74.106  129.100
 -86.012  131.171
 -84.899  130.982
 -80.674  121.772
 -77.378  135.835
 -77.462  137.292
 -72.552  142.554
 -69.775  142.365
 -62.701  140.496
 -77.520  129.434
 -72.359  136.069
 -76.538  136.917
 -77.573  122.167
 -76.973  131.912
 -76.144  142.936
 -63.647  133.454
 -71.086  130.278
 -79.608  134.152
 -74.561  126.790
 -66.384  142.941
 -61.409  138.096
 -75.410  146.735
 -77.593  128.175
 -84.037  134.307
 -82.998  142.695
 -66.288  133.139
 -76.995  143.762
 -67.764  149.077
 -64.749  145.473
 -72.138  140.377
 -62.444  140.497
 -92.753  124.430
 -70.077  133.970
 -76.586  139.017
 -76.538  146.985
 -83.293  129.465
 -76.891  130.784
 -71.087  141.026
 -81.766  143.846
 -61.819  135.532
 -77.100  132.526
 -79.128  127.992
 -72.188  134.300
 -77.146  127.840
 -63.080  135.792
 -82.990  127.976
 -73.389  143.830
 -76.535  121.712
 -81.213  130.937
 -69.496  135.796
 -63.428  141.725
 -67.010  135.409
 -80.075  141.895
 -75.996  140.769
 -75.521  137.771
 -81.113  144.469
 -63.925  148.013
 -65.304  149.862
 -72.827  134.902
 -84.133  125.510
 -78.255  123.715
 -63.527  130.174
 -73.898  132.648
 -77.926  136.109
 -73.316  137.868
 -96.984  132.909
 -83.259  126.806
 -78.401  127.977
 -67.969  125.879
 -72.995  126.492
 -77.299  145.762
 -96.392  138.593
 -75.302  136.478
 -76.854  133.444
 -70.728  146.637
 -73.910  135.710
 -76.691  136.676
 -52.416  128.232
 -84.147  143.487
 -71.240  140.145
 -72.501  136.476
 -80.004  128.274
 -72.851  141.748
 -64.072  139.108
 -78.761  144.216
 -74.865  142.211
 -80.544  134.078
 -69.414  127.810
 -69.620  142.600
 -72.260  146.104
 -85.178  141.630
 -79.312  132.709
 -67.891  132.574
 -80.807  139.305
 -69.595  135.357
 -87.992  133.247
 -73.595  134.707
 -86.358  138.803
 -78.406  137.592
 -73.125  144.127
 -74.346  149.641
 -79.626  137.477
 -59.064  138.447
 -64.007  146.379
 -69.236  145.442
 -90.159  135.307
 -61.746  142.478
 -68.106  137.723
 -88.301  123.203
 -63.886  127.540
 -72.647  130.807
 -83.588  135.542
 -82.725  142.941
 -68.294  142.663
 -87.931  130.373
 -66.977  124.318
 -69.159  130.816
 -80.664  127.526
 -61.086  138.030
 -79.417  143.237
 -79.578  136.772
 -68.332  128.504
 -75.777  121.949
 -89.146  141.153
 -82.257  136.167
 -83.683  130.772
 -70.938  135.134
 -80.753  144.882
 -83.144  133.077
 -80.475  141.543
 -71.065  131.554
 -66.156  134.532
 -68.526  139.370
 -75.514  140.443
 -78.161  143.751
 -68.563  128.332
 -72.154  150.060
 -75.827  133.900
 -81.402  124.677
 -73.281  125.831
 -66.809  129.797
 -80.863  141.257
 -71.214  136.788
 -77.206  139.986
 -67.044  132.215
 -71.175  128.586
 -83.615  139.099
 -74.060  136.855
 -76.428  119.485
 -72.498  138.273
 -76.776  132.941
 -74.644  137.418
 -81.394  133.743
 -80.743  134.221
 -83.738  132.699
 -66.531  132.773
 -83.419  131.705
 -74.350  149.071
 -71.723  129.304
 -75.845  133.838
 -73.639  127.988
 -77.917  143.970
 -74.603  149.134
 -74.163  142.020
 -86.596  153.305
 -72.461  139.750
 -66.022  127.423
 -71.652  123.543
 -80.480  129.690
 -88.056  138.103
 -78.836  126.928
 -67.442  134.525
 -78.014  148.458
 -77.101  140.790
 -71.103  131.116
 -75.244  132.650
 -88.143  130.585
 -82.182  133.420
 -69.561  137.228
 -70.323  132.938
 -77.830  136.107
 -71.344  140.808
 -71.081  137.696
 -64.507  133.581
 -79.892  147.067
 -75.069  134.222
 -84.918  129.347
 -73.064  139.759
 -76.020  138.106
 -73.585  149.114
 -71.516  138.487
 -74.906  138.924
 -68.140  131.814
 -79.352  154.862
 -73.405  124.140
 -80.242  132.527
 -61.591  130.457
 -78.444  128.748
 -73.692  132.908
 -66.697  127.462
 -67.651  129.475
 -79.378  124.804
 -78.991  132.732
 -72.428  132.659
 -84.823  151.099
 -65.594  135.760
 -70.677  133.111
 -72.074  133.520
 -70.839  138.532
 -83.531  132.082
 -64.742  139.267
 -71.351  133.865
 -88.754  145.606
 -82.858  139.387
 -72.435  134.563
 -78.573  123.287
 -80.607  128.780
 -64.603  135.835
 -85.353  144.565
 -70.108  135.029
 -63.848  141.082
 -77.733  131.999
 -61.882  129.990
 -67.310  130.929
 -75.394  138.890
 -71.655  145.675
 -67.757  131.339
 -82.812  139.891
 -77.690  137.090
 -58.056  119.986
 -71.539  137.581
 -71.068  158.957
 -85.404  138.666
 -84.138  135.855
 -72.005  128.841
 -72.152  123.311
 -81.559  138.610
 -71.190  134.942
 -70.346  132.941
 -69.213  134.761
 -72.555  137.870
 -75.506  133.485
 -67.892  139.319
 -80.678  131.136
 -78.058  138.512
 -72.587  141.967
 -71.380  131.689
 -62.877  134.497
 -76.705  122.862
 -69.075  128.236
 -75.427  141.940
 -73.373  141.409
 -74.462  129.770
 -82.796  134.142
 -57.876  129.759
 -79.967  142.262
 -79.972  138.917
 -71.645  127.092
 -78.358  135.997
 -65.973  134.210
 -66.876  131.825
 -82.420  131.416
 -79.896  121.237
 -72.202  138.725
 -73.110  140.793
 -75.680  139.096
 -74.666  128.038
 -72.806  132.828
 -73.213  149.131
 -68.182  134.647
 -74.111  139.183
 -77.072  127.333
 -78.688  133.080
 -78.263  136.766
 -81.021  130.815
 -89.358  141.845
 -68.500  134.646
 -66.727  133.218
 -69.720  129.431
 -70.327  124.200
 -74.368  142.001
 -81.578  142.413
 -81.132  134.900
 -77.269  131.196
 -77.261  129.058
 -82.283  130.632
 -51.846  122.972
 -71.538  128.687
 -70.329  145.743
 -72.572  126.274
 -79.712  131.092
 -75.396  148.600
 -67.701  135.127
 -88.561  133.885
 -68.802  142.991
 -79.555  137.518
 -77.379  138.824
 -56.510  130.607
 -68.738  139.756
 -78.210  128.143
 -58.781  133.878
 -77.165  136.843
 -70.961  142.214
 -72.605  134.257
 -72.300  121.440
 -72.834  133.739
 -79.172  130.109
 -58.489  127.052
 -72.418  135.247
 -74.389  137.358
 -85.778  145.390
 -69.967  137.155
 -82.358  132.910
 -72.346  136.705
 -74.525  139.973
 -84.401  149.504
 -72.261  130.274
 -74.961  137.823
 -83.253  143.166
 -73.537  135.344
 -75.518  131.844
 -67.985  138.826
 -80.943  134.245
 -80.477  133.333
 -86.918  135.923
 -70.058  138.034
 -78.218  125.102
 -84.652  144.364
 -81.936  133.266
 -78.776  132.081
 -77.467  133.585
 -84.509  130.055
 -69.243  135.703
 -73.679  145.557
 -74.082  140.317
 -82.141  138.676
 -63.635  134.979
 -79.171  136.881
 -74.037  141.611
 -82.323  130.226
 -67.884  124.571
 -69.090  141.173
 -79.851  133.555
 -71.686  143.885
 -76.160  123.565
 -88.139  127.951
 -67.627  137.413
 -76.229  131.506
 -74.034  133.756
 -69.504  126.763
 -68.028  137.308
 -73.597  135.997
 -86.868  150.202
 -75.689  124.518
 -69.384  129.915
 -73.738  134.056
 -65.544  147.317
 -72.670  145.887
 -73.201  135.962
 -76.868  136.350
 -82.040  134.087
 -74.468  130.610
 -80.738  145.429
 -82.337  135.538
 -87.589  136.716
 -83.846  142.969
 -67.886  131.467
 -77.898  131.240
 -74.630  130.663
 -84.856  130.338
 -71.235  141.600
 -61.884  139.984
 -69.050  152.236
 -75.141  135.730
 -84.519  137.124
 -62.086  132.442
 -79.458  134.304
 -81.348  142.603
 -66.936  122.965
 -79.547  141.026
 -82.923  133.670
 -81.708  133.383
 -77.125  132.348
 -76.144  153.720
 -85.510  131.115
 -81.808  133.755
 -81.888  123.493
 -72.529  130.615
 -85.296  136.855
 -74.294  138.149
 -71.769  139.435
 -75.675  141.398
