-130.820  146.360
-111.617  152.018
-133.306  127.825
-136.582  144.233
-133.944  149.301
-136.486  137.962
-129.054  134.417
-121.355  122.328
-115.202  139.774
-137.227  141.829
-144.047  127.902
-133.315  136.079
-134.927  150.041
-134.788  131.070
-148.418  146.691
-143.712  132.986
-131.360  152.951
-148.121  145.168
-131.236  139.934
-130.100  134.616
-127.155  135.200
-121.173  136.948
-110.092  145.661
-146.548  152.424
-144.787  128.211
-140.345  139.533
-139.776  142.103
-139.553  126.931
-122.783  118.282
-129.653  131.060
-123.255  120.163
-123.560  138.826
-127.598  124.288
-123.555  135.269
-134.903  136.966
-115.090  134.656
-110.770  132.463
-147.971  119.409
-137.438  134.590
-123.287  136.562
-139.436  146.313
-139.131  132.402
-116.627  125.129
-134.897  140.355
-128.929  146.897
-113.607  125.944
-149.888  142.379
-138.308  142.964
-121.813  134.085
-143.768  140.109
-143.521  126.979
-136.313  121.364
-141.249  138.374
-134.094  139.213
-133.354  130.440
-135.164  143.338
-139.425  155.355
-123.597  129.058
-135.585  128.012
-148.278  129.557
-135.143  135.389
-135.469  133.031
-125.404  124.674
-120.078  145.086
-123.112  128.907
-122.098  146.032
-142.609  142.586
-123.709  142.395
-123.785  144.955
-129.292  146.219
-107.991  135.121
-146.774  134.516
-126.979  134.421
-139.269  138.040
-146.990  144.885
-120.211  134.939
-123.553  131.795
-127.817  149.140
-126.331  130.011
-130.564  123.909
-135.848  136.211
-130.604  141.582
-104.797  126.702
-129.966  139.652
-132.718  143.242
-140.796  134.627
-139.177  141.068
-107.804  130.797
-127.674  152.357
-137.381  132.553
-137.752  138.550
-135.203  132.310
-142.464  147.535
-145.401  133.368
-135.199  133.636
-115.331  141.732
-112.326  143.522
-115.820  136.001
-139.490  138.825
-126.801  137.075
-130.751  136.068
-133.607  144.610
-114.777  125.158
-125.223  147.180
-116.186  135.366
-125.552  140.780
-141.062  138.197
-139.520  140.533
-147.534  140.541
-125.645  151.853
-125.089  130.519
-141.393  128.892
-145.538  135.360
-110.724  147.587
-128.518  130.207
-126.721  132.570
-131.881  134.961
-142.954  126.961
-119.189  136.036
-120.989  132.224
-126.454  128.330
-129.562  121.100
-144.853  140.804
-135.902  128.795
-134.081  124.214
-119.623  140.202
-134.528  137.204
-119.172  131.615
-131.812  125.981
-137.816  124.853
-138.398  139.943
-139.603  130.563
-123.872  137.885
-139.924  137.898
-142.658  141.186
-123.298  115.037
-134.383  137.497
-138.389  133.758
-116.914  133.944
-138.274  131.959
-141.944  143.800
-133.383  137.154
-141.734  141.784
-140.362  135.536
-115.540  141.648
-136.630  146.789
-135.559  142.824
-122.490  133.890
-116.350  134.641
-136.362  132.698
-127.779  129.549
-144.642  142.880
-130.331  142.147
-151.229  129.690
-130.222  132.018
-134.223  154.867
-138.879  134.910
-119.057  132.664
-137.713  122.337
-115.584  139.969
-142.659  142.626
-122.358  132.454
-112.955  135.560
-115.318  141.553
-132.049  129.086
-118.871  133.693
-135.552  135.983
-138.790  145.137
-142.878  135.180
-150.725  151.352
-134.168  139.305
-133.872  139.259
-139.106  138.976
-140.135  149.769
-118.201  140.130
-126.670  128.895
-138.322  131.561
-120.648  138.909
-130.903  145.789
-147.526  136.721
-126.508  142.644
-123.486  137.014
-147.376  129.560
-133.835  121.546
-140.928  139.607
-144.401  133.962
-128.831  131.092
-132.822  137.342
-138.863  125.670
-132.643  138.212
-132.803  147.331
-132.845  138.334
-139.464  137.030
-134.724  146.912
-143.391  139.170
-132.442  139.859
-143.918  145.349
-123.491  137.914
-129.865  145.416
-126.012  127.297
-122.491  131.912
-121.991  133.754
-129.790  135.022
-132.196  142.977
-143.730  140.183
-134.099  149.028
-135.170  128.174
-135.401  148.696
-127.370  158.931
-118.008  130.176
-134.087  135.406
-160.458  150.955
-148.320  144.700
-126.656  123.136
-121.807  129.491
-119.542  130.172
-122.629  131.915
-140.907  136.602
-149.790  124.704
-117.399  140.408
-107.605  133.904
-143.145  151.275
-140.160  131.260
-127.254  161.659
-140.999  148.706
-143.826  144.921
-139.325  147.799
-142.225  125.560
-141.072  139.500
-128.890  116.944
-120.535  137.552
-144.259  144.430
-101.620  132.507
-141.085  142.798
-138.427  145.526
-128.143  139.621
-133.736  142.568
-125.377  118.616
-147.665  134.728
-131.073  143.905
-140.840  136.577
-143.676  145.488
-132.933  138.972
-139.992  120.137
-139.145  134.051
-125.738  124.985
-153.575  133.840
-141.847  122.930
-131.161  133.885
-137.041  147.923
-137.188  123.209
-128.352  126.102
-124.659  130.489
-116.400  141.806
-117.253  135.446
-144.036  136.827
-142.020  133.273
-136.973  128.228
-144.170  143.733
-150.560  124.981
-141.777  123.582
-134.176  125.032
-136.846  138.990
-141.029  144.044
-151.806  138.069
-134.848  136.117
-142.891  148.004
-125.160  130.972
-147.306  132.547
-137.804  110.758
-135.900  126.072
-136.375  138.693
-122.564  129.706
-136.075  135.921
-137.429  129.354
-129.829  132.227
-138.641  143.373
-136.900  136.451
-123.513  138.351
-138.073  150.486
-146.408  146.848
-124.741  132.994
-147.296  137.148
-132.510  136.780
-136.815  120.793
-115.403  137.920
-135.460  132.652
-143.539  136.867
-137.599  143.236
-121.519  134.215
-135.549  142.946
-142.575  145.197
-123.009  141.856
-127.548  141.755
-136.743  139.152
-141.874  145.008
-142.959  139.483
-126.374  134.631
-133.353  144.009
-132.344  133.795
-124.243  136.638
-122.295  136.939
-133.079  132.228
-149.400  139.114
-139.998  122.471
-135.560  137.583
-127.193  146.192
-145.686  154.846
-129.315  134.053
-131.599  144.300
-139.833  145.184
-138.810  137.260
-142.549  142.909
-144.288  119.975
-131.609  135.613
-109.377  130.340
-145.050  139.331
-121.006  125.980
-120.767  137.995
-113.523  140.954
-129.262  132.519
-137.283  133.673
-129.274  124.592
-107.100  137.703
-130.125  137.366
-133.465  130.640
-131.897  146.326
-121.049  129.357
-125.539  131.743
-145.335  149.422
-125.425  133.369
-128.119  129.295
-141.302  148.064
-139.271  145.881
-132.360  149.242
-119.437  136.462
-150.597  133.024
-134.633  141.658
-129.460  125.256
-122.236  131.819
-126.652  131.577
-141.121  115.646
-152.905  137.960
-136.484  148.131
-130.034  140.930
-137.686  128.846
-133.460  135.605
-128.089  136.605
-142.095  115.459
-130.297  141.380
-138.834  139.155
-118.886  127.735
-114.232  136.129
-136.953  129.236
-113.827  143.102
-145.521  139.899
-135.101  132.444
-119.206  125.092
-137.458  133.756
-135.567  148.677
-142.767  144.005
-122.250  135.501
-146.952  137.144
-138.210  140.889
-129.954  142.101
-105.905  132.220
-150.025  144.158
-138.477  122.776
-145.836  132.177
-137.383  147.210
-134.241  146.287
-127.971  131.961
-139.107  134.389
-149.296  149.607
-133.624  150.485
-137.365  143.991
-134.456  141.420
-138.903  133.405
-145.857  144.297
-131.571  128.937
-139.863  137.576
-138.200  123.840
-127.459  125.222
-117.792  135.789
-121.898  135.928
-136.805  138.792
-125.938  130.555
-141.606  151.013
-134.596  144.361
-152.951  140.996
-150.566  132.217
-117.641  154.214
-118.782  140.664
-139.753  116.378
-110.569  141.727
-137.579  122.603
-131.574  131.964
-138.257  146.353
-136.963  150.619
-136.314  136.902
-127.036  127.124
-123.411  121.389
-142.057  140.409
-125.347  140.733
-110.690  147.990
-123.001  122.959
-139.908  132.245
-136.113  137.023
-140.895  137.821
-139.060  147.624
-135.764  126.162
-113.094  133.811
-134.070  137.365
-118.769  136.268
-126.847  127.800
-124.538  123.307
-132.715  129.102
-134.233  124.551
-127.574  129.980
-150.070  144.881
-146.740  135.542
-153.869  136.569
-145.876  130.831
-143.614  129.979
-129.189  111.294
-124.016  109.093
-135.360  129.867
-142.989  150.473
-129.742  146.892
-127.541  149.394
-135.878  137.625
-118.474  127.774
-145.901  136.894
-142.861  145.413
-121.954  144.974
-127.034  134.409
-123.613  125.748
-140.480  140.894
-140.182  138.610
-144.493  124.595
-134.715  130.264
-127.986  135.288
-152.107  136.041
-140.521  135.376
-143.878  131.985
-128.373  133.155
-137.131  143.535
-135.085  133.384
-144.787  156.387
-132.713  144.828
-117.656  144.769
-133.316  129.680
-144.316  148.702
-137.559  136.522
-132.853  140.478
-130.987  137.575
-121.826  121.862
-128.607  126.077
-114.218  135.813
-130.452  130.820
-145.668  139.239
-144.552  144.924
-135.774  129.195
-141.404  138.105
-130.219  130.304
-124.431  145.267
-134.353  139.803
-137.098  137.677
-135.338  141.698
-141.885  120.859
-120.976  126.201
-123.092  153.951
-148.267  139.686
-123.812  144.510
-136.263  128.992
-120.036  130.593
-143.050  146.739
-135.102  125.790
-138.924  146.499
-140.782  129.684
-133.387  144.379
-134.182  136.662
-143.912  140.385
-148.225  130.247
-143.899  131.911
-137.656  130.678
-129.967  145.213
-125.422  137.847
-127.501  153.276
-135.084  149.701
-127.727  122.817
-127.755  126.741
-139.899  121.432
-110.784  124.953
-133.696  146.610
-137.991  148.206
-142.194  133.409
-149.192  135.610
-147.033  126.907
-123.781  151.552
-136.601  131.416
-113.299  133.349
-122.839  124.239
-132.002  133.302
-148.424  140.874
-144.605  135.189
-142.356  137.891
-135.135  123.499
-141.275  119.822
-142.124  143.891
-123.075  129.688
-140.891  131.509
-126.252  146.511
-130.157  154.504
-146.745  135.017
-124.158  143.757
-137.058  142.970
-122.031  134.356
-140.469  132.744
-139.317  136.932
-138.324  144.978
-151.960  132.993
-130.961  137.489
-150.490  138.006
-137.857  127.293
-142.172  133.790
-140.268  140.683
-123.054  139.933
-123.516  125.135
-132.869  130.520
-132.753  131.767
-141.820  141.439
-134.390  147.861
-130.045  130.154
-141.526  139.205
-148.416  128.357
-127.017  127.034
-139.691  145.783
-126.671  122.904
-145.021  132.606
-122.206  135.966
-125.307  123.383
-140.235  149.756
-147.734  134.650
-138.742  122.313
-127.286  139.438
-151.580  119.752
-118.946  139.394
-117.728  125.199
-121.776  135.882
-128.120  125.130
-120.633  120.524
-140.779  138.980
-133.814  134.416
-130.314  141.264
-121.935  131.817
-130.743  131.360
-134.993  137.927
-133.469  143.871
-119.533  135.929
-142.075  129.390
-146.917  153.916
-140.674  135.049
-133.772  123.420
-139.264  128.820
-142.771  139.082
-140.723  147.065
-115.339  127.446
-138.799  137.573
-143.472  140.484
-135.685  148.545
-127.416  136.961
-140.865  146.594
-150.704  140.886
-137.811  141.450
-129.097  137.318
-146.776  136.773
-123.970  136.072
-126.084  114.772
-135.318  131.591
-131.385  133.313
-132.926  136.463
-142.038  132.088
-122.026  134.209
-134.054  139.505
-131.170  134.884
-146.042  135.569
-134.539  137.243
-127.696  133.258
-123.359  146.588
-134.136  128.623
-146.859  133.765
-132.713  129.119
-142.821  132.589
-146.792  142.743
-138.361  148.918
-118.177  146.379
-136.749  139.413
-133.589  124.954
-134.037  134.223
-133.973  139.766
-137.676  138.189
-133.716  144.544
-113.429  139.646
-115.395  132.578
-121.128  136.440
-124.739  142.130
-129.324  143.762
-144.257  135.955
-135.711  125.999
-141.732  139.394
-115.355  129.150
-136.720  142.866
-139.012  139.571
-144.830  131.792
-150.390  147.596
-120.275  143.742
-144.656  140.005
-143.770  121.568
-137.283  143.308
-141.319  148.507
-132.216  140.031
-144.806  136.287
-140.740  125.703
-131.957  147.954
-141.096  129.980
-116.492  145.500
-123.597  130.483
-137.140  125.459
-119.583  140.985
-145.014  133.702
-136.233  123.791
-145.438  152.007
-145.358  141.924
-123.825  140.599
-145.194  143.304
-139.165  136.737
-142.675  132.051
-149.234  140.780
-133.095  140.933
-124.473  140.208
-132.437  141.740
-124.559  128.618
-133.010  119.936
-134.259  123.064
-146.014  137.264
-129.921  137.591
-122.806  132.794
-136.676  143.026
-140.483  122.571
-137.313  142.486
-120.781  130.569
-133.545  120.626
-124.723  130.388
-130.058  143.806
-146.847  149.209
-148.376  119.137
-140.714  152.718
-150.558  143.687
-137.851  131.425
-139.367  145.387
-141.550  158.146
-149.997  131.077
-136.471  147.700
-137.546  125.599
-117.367  141.313
-126.554  129.151
-129.377  137.663
-131.197  128.376
-123.746  137.737
-120.466  134.504
-133.667  136.322
-128.392  120.427
-131.030  141.838
-118.106  140.298
-128.875  122.899
-111.619  112.432
-140.531  110.083
-150.782  132.389
-139.545  145.970
-130.395  149.678
-140.696  143.958
-138.969  139.445
-125.896  125.554
-120.087  133.620
-135.794  126.237
-134.776  134.680
-138.304  144.397
-141.277  127.862
-134.138  149.491
-127.868  138.638
-124.938  141.293
-143.064  131.830
-116.632  128.467
-131.743  142.931
-149.788  135.816
-140.302  129.323
-137.249  138.611
-137.015  120.448
-123.043  130.601
-131.272  139.058
-141.853  150.955
-133.988  148.448
-131.052  123.546
-147.033  139.746
-130.485  130.007
-138.566  140.309
-138.104  130.238
-131.117  124.292
-135.152  134.927
-130.095  130.344
-130.266  133.277
-127.537  148.338
-134.964  145.247
-124.055  129.123
-133.803  136.851
-117.441  122.354
-134.326  147.039
-142.311  117.397
-134.629  151.970
-146.567  136.621
-124.214  125.877
-133.947  133.091
-146.938  138.840
-132.982  131.965
-125.591  126.663
-137.930  125.040
-145.120  121.147
-137.539  137.218
-144.624  134.337
-137.593  118.892
-134.995  154.774
-142.069  117.211
-153.390  142.869
-135.089  133.584
-132.801  141.724
-122.575  128.218
-104.434  138.481
-133.825  121.363
-130.379  129.931
-137.065  142.811
-121.710  136.672
-124.882  145.511
-127.036  145.922
-138.317  137.470
-139.766  139.466
-142.928  131.907
-135.123  132.780
-139.887  125.765
-121.590  138.622
-124.530  143.125
-136.765  140.402
-127.197  131.924
-132.108  143.101
-139.235  131.789
-133.282  130.661
-135.591  126.193
-105.331  126.780
-115.669  132.181
-124.908  131.196
-162.253  144.228
-131.484  153.150
-132.456  145.516
-123.060  129.266
-139.607  141.068
-124.255  131.250
-137.062  145.516
-142.639  137.463
-128.756  128.545
-134.837  131.980
-125.947  133.605
-125.754  143.671
-126.491  134.757
-133.521  145.350
-130.757  134.717
-134.431  129.161
-123.866  146.129
-128.395  144.550
-133.907  125.153
-135.537  149.334
-129.838  132.425
-121.167  139.045
-120.159  124.179
-140.461  128.099
-132.873  133.877
-142.721  137.117
-137.533  121.714
-143.731  139.356
-145.083  135.455
-136.603  137.237
-152.116  140.073
-137.261  144.547
-136.423  134.515
-138.022  127.468
-134.933  138.290
-140.260  142.089
-129.886  134.584
-145.181  144.699
-140.793  128.850
-145.517  132.985
-133.038  132.540
-139.545  128.851
-134.778  129.995
-142.995  135.080
-134.998  126.135
-142.179  148.003
-132.063  141.842
-128.499  130.014
-126.476  134.134
-132.015  154.210
-133.293  153.361
-133.192  121.282
-128.765  144.791
-144.703  129.043
-146.634  147.336
-135.467  137.046
-137.057  143.896
-133.602  128.465
-120.064  133.315
-123.774  127.659
-131.973  135.121
-130.036  133.197
-114.373  135.189
-138.122  118.808
-151.006  124.715
-129.205  140.932
-135.598  119.160
-124.380  125.662
-142.020  133.354
-146.372  122.573
-134.233  124.359
-137.185  131.193
-142.308  128.408
-128.763  132.830
-151.973  147.812
-131.165  137.073
-136.052  131.969
-143.221  123.994
-143.422  127.374
-136.339  135.040
-118.703  137.171
-133.091  145.261
-133.572  110.985
-130.269  122.112
-139.336  148.687
-136.323  133.795
-145.899  137.539
-150.133  129.215
-137.843  150.654
-130.678  139.425
-128.376  139.615
-137.429  145.943
-131.174  133.949
-133.237  133.947
-122.382  135.652
-139.733  162.283
-110.198  135.043
-136.777  141.338
-137.290  137.264
-145.640  119.866
-129.281  122.971
-137.592  131.631
-125.084  140.693
-146.091  137.499
-129.701  138.528
-145.716  128.344
-133.324  148.499
-129.680  128.466
-132.979  138.234
-124.852  138.935
-122.043  132.088
-139.462  141.924
-127.049  132.922
-116.236  132.317
-132.503  132.611
-138.988  138.146
-128.746  124.056
-125.279  125.767
-130.632  126.650
-148.545  147.372
-147.080  140.413
-133.795  126.439
-138.762  146.988
-136.626  138.681
-110.520  137.725
-148.907  133.178
-137.169  115.698
-139.811  141.444
-124.245  151.481
-129.709  147.658
-125.280  144.506
-143.486  137.516
-138.928  135.860
-143.676  132.982
-130.129  136.100
-125.865  123.727
-124.427  135.228
-131.294  136.015
-144.093  134.143
-139.881  144.666
-145.224  126.902
-132.642  133.177
-127.728  144.893
-132.916  150.273
-145.412  136.543
-133.429  138.584
-140.191  147.150
-141.079  143.830
-151.241  137.248
-146.652  137.625
-123.693  127.278
-139.733  144.142
-132.448  139.108
-145.722  131.787
-134.070  138.921
-133.645  148.165
-125.624  140.735
-115.019  117.869
-127.045  144.885
-143.821  140.283
-130.287  125.277
-113.105  129.181
-119.355  145.873
-131.425  136.966
-119.236  136.146
-139.843  129.805
-128.122  143.183
-132.394  132.136
-136.476  135.746
-139.171  142.868
-141.460  114.405
-122.435  143.931
-133.570  141.604
-136.409  146.830
-129.825  137.818
-141.142  145.593
-130.850  127.299
-148.116  132.536
-135.132  144.208
-140.827  137.388
-122.492  128.649
-126.486  137.440
-129.473  136.085
-119.643  144.823
-135.934  149.954
-134.614  127.301
-116.703  115.984
-137.576  135.128
-127.526  143.822
-150.183  147.337
-118.662  153.326
-140.188  131.547
-117.487  138.953
-134.692  120.503
-141.844  129.040
-117.333  125.805
-118.468  140.983
-129.133  120.822
-126.648  131.918
-134.859  115.165
-127.938  125.533
-120.253  122.793
-131.709  129.993
-129.916  127.516
-139.321  135.955
-130.113  127.138
-154.115  144.778
-129.596  110.784
-140.924  150.592
-102.068  125.894
-127.531  132.495
-137.603  136.952
-131.534  145.498
-122.547  135.693
-130.112  138.473
-140.672  123.685
-141.902  128.182
-137.528  131.416
-126.086  129.449
-119.264  121.462
-144.013  140.848
-137.115  136.129
-130.518  123.027
-121.264  147.082
-137.160  124.035
-126.011  135.003
-140.759  126.376
-132.117  130.130
-147.578  137.697
-122.402  129.264
-139.884  132.766
-140.728  131.893
-134.214  137.138
-144.244  136.173
-129.722  132.506
-140.654  133.717
-135.657  135.919
-131.730  135.309
-135.290  138.878
-126.513  145.396
