  99.119  128.329
 121.399  127.668
 127.094  141.267
 140.914  131.044
 148.772  136.963
 155.109  140.764
 154.821  141.941
 164.567  122.097
 158.475  142.276
 147.798  139.034
 173.446  130.211
 145.271  123.801
 161.097  131.117
 157.938  132.855
 151.530  141.450
 149.568  146.094
 156.942  132.366
 145.931  117.266
 143.454  141.209
 148.728  143.432
 158.773  132.634
 152.138  147.742
 153.333  150.446
 155.781  131.299
 127.869  128.383
 145.568  136.717
 145.438  131.001
 139.233  142.915
 159.573  138.814
 146.774  114.318
 134.985  149.587
 159.907  132.827
 146.755  120.556
 134.871  125.133
 130.332  134.576
 131.452  136.976
  98.953  129.040
 112.683  127.630
 112.079  143.873
 153.608  134.215
 152.382  139.103
 107.137  141.729
 101.266  134.605
 134.672  130.275
 133.198  137.410
 139.418  135.595
 150.078  130.487
 125.971  128.864
 145.257  152.528
 140.175  131.393
 155.431  133.187
 138.434  139.751
 153.802  127.904
 146.263  133.837
 144.839  136.469
 117.536  127.319
 118.969  135.332
 100.338  124.874
 104.709  124.331
 136.612  137.879
 140.780  133.241
 144.070  138.992
 127.021  141.801
 106.135  136.529
 166.953  142.334
 163.483  141.571
 151.526  131.751
 144.780  142.787
 152.954  136.646
 146.071  140.973
 108.339  129.602
 136.118  126.421
 105.014  129.742
 136.996  132.977
 155.786  142.065
 140.630  152.599
 140.286  133.919
 159.390  141.908
 135.687  140.668
 117.632  131.041
 116.680  130.416
 103.284  134.729
  98.943  147.799
 123.271  129.252
 102.335  133.417
 107.926  138.743
 115.051  121.299
 118.097  137.070
 103.267  127.917
 112.226  126.457
  97.652  123.856
 148.744  126.066
 147.547  123.010
 140.031  127.321
 104.283  146.063
 107.666  145.811
  93.837  142.745
 124.249  129.948
 104.844  128.666
 109.601  135.468
 116.280  127.747
  97.114  130.442
 123.056  119.686
 109.012  137.659
 116.159  142.059
 136.630  139.048
 155.038  130.110
 116.525  140.952
 101.160  122.985
 142.013  124.848
 139.180  116.429
 137.485  137.470
 151.449  140.614
 154.892  122.403
 144.497  132.540
 151.996  132.495
 156.273  138.293
 142.764  126.038
 139.261  140.207
 154.036  142.808
 157.239  139.742
 136.999  140.632
 109.034  139.992
 108.462  141.873
 158.030  130.187
 138.212  136.452
 144.170  133.562
 160.081  142.149
 157.085  129.175
 119.825  124.549
 146.576  116.686
 171.882  128.624
 144.411  115.262
 105.566  123.242
  95.978  123.456
 141.953  136.963
 159.133  140.681
 105.848  135.157
 135.629  142.449
 156.076  142.955
 147.024  138.322
 155.776  151.142
 158.595  147.223
 159.764  140.679
 148.556  151.107
 149.459  144.398
 149.088  133.747
 151.557  129.117
 156.325  135.018
 151.576  140.418
 153.477  137.117
 163.692  142.377
 149.935  134.822
 166.462  131.505
 151.164  136.381
 151.170  127.414
 149.571  142.881
 128.807  113.558
 157.567  124.864
 162.365  129.787
 105.315  128.783
 126.262  136.487
 134.362  135.792
 148.226  125.157
 141.462  143.703
 154.173  150.529
 154.044  131.969
 150.933  143.844
 109.754  135.759
 105.792  138.370
 127.234  142.294
 143.599  147.822
 150.114  133.660
 158.481  125.599
 127.188  131.615
 141.338  132.626
 145.002  124.590
 167.227  141.481
 151.400  124.698
 147.315  129.454
 159.122  139.166
 156.748  133.313
 141.702  147.339
 155.710  135.277
 152.911  125.044
 143.914  141.421
 154.391  129.958
 150.766  123.980
 161.213  132.497
 142.432  143.286
 158.539  150.026
 149.104  137.234
 131.183  132.009
 154.665  125.895
 141.122  127.729
 141.525  133.134
 119.885  133.618
 145.283  113.361
 153.035  144.967
 146.600  132.466
 160.277  144.159
 135.712  127.670
 141.004  135.085
 165.025  136.701
 140.237  122.609
 140.699  134.271
 147.578  129.141
 111.213  142.547
 104.244  140.103
 152.359  141.780
 137.425  132.495
 154.539  150.001
 155.467  133.763
 140.880  135.561
 120.480  137.990
 150.391  132.418
 129.551  141.576
 133.667  133.205
 109.907  127.345
 144.703  136.137
 158.587  126.866
 149.979  138.035
 145.275  145.058
 149.418  151.628
 141.899  130.159
 155.363  149.162
 150.299  127.636
 141.791  121.444
 147.080  143.744
 145.370  142.443
 171.081  120.023
 116.483  134.083
 121.755  126.251
 105.846  121.089
 103.744  132.953
 102.279  135.606
 103.431  138.979
 111.412  132.521
 108.657  134.674
 119.206  136.192
 157.185  143.753
 153.959  126.371
 150.848  133.784
 134.517  123.328
 138.922  130.518
 150.753  144.154
 158.851  143.701
 141.007  137.987
 151.528  136.991
 149.802  121.536
 140.343  130.586
 136.716  130.308
 154.709  143.042
 156.318  146.424
 143.666  142.306
 154.516  150.714
 151.529  149.043
 165.431  131.862
 148.434  126.533
 150.811  140.451
 140.087  141.630
 159.281  130.485
 159.375  121.374
 151.550  147.016
 147.602  149.439
 151.756  131.065
 140.739  130.302
 151.870  131.799
 132.873  145.414
 161.401  142.667
 119.358  143.988
 117.109  136.466
 103.934  146.134
 123.142  152.042
 111.718  147.394
 113.927  129.496
 107.107  128.945
 106.688  134.086
 158.465  127.778
  97.139  126.829
 133.999  134.179
 166.779  134.417
 149.632  144.988
 145.129  136.252
 105.247  135.351
 117.148  127.118
 154.074  137.595
 157.137  134.711
 151.314  142.176
 152.684  151.125
 151.853  140.593
 160.974  147.332
 149.299  138.957
 106.998  135.346
 112.487  125.297
 109.501  122.756
  99.340  136.183
 110.848  126.960
 110.443  132.682
  96.245  142.635
 115.260  134.156
 105.536  140.238
 108.715  131.454
  96.413  134.902
 103.378  137.955
 116.330  127.616
 139.851  137.913
 155.737  130.382
 152.025  139.518
 139.200  124.855
 162.635  136.600
 161.679  124.501
 152.447  123.430
 156.623  146.426
 147.125  127.262
 139.127  133.356
 146.409  136.213
 142.047  140.768
 128.435  147.237
 137.467  149.524
 146.504  133.508
 145.312  135.869
 137.062  139.103
 141.175  133.935
 150.846  144.651
 155.502  143.711
 118.562  127.146
 113.765  142.358
 105.882  130.847
 137.684  134.102
 144.385  142.211
 115.308  131.630
 108.935  140.501
 122.285  121.111
  97.548  121.797
 104.963  138.806
 135.026  125.755
 107.076  130.521
 120.205  152.754
  99.246  131.116
 107.856  121.515
 165.834  143.756
 165.321  151.756
 144.190  137.900
 139.841  134.297
 144.703  141.462
 159.068  126.377
 144.559  121.889
 135.829  125.267
 148.102  140.316
 157.054  138.573
 147.015  140.727
 158.679  139.450
 141.126  141.086
 103.048  137.839
  99.413  135.077
 149.379  146.659
  95.528  125.785
 111.490  130.987
 104.066  137.592
 110.050  136.815
  99.267  138.689
 121.332  142.082
 125.917  133.515
 138.132  122.316
 140.704  129.127
 143.577  129.861
 153.056  130.117
 131.478  142.036
 153.405  132.155
 144.374  140.175
 135.836  116.591
 121.822  152.029
 105.755  136.641
 100.323  135.708
 144.063  142.193
 139.706  147.632
 124.937  125.051
 100.307  143.296
 106.704  129.934
 111.770  131.337
 153.989  128.662
 156.039  141.948
 141.125  155.479
 146.720  132.205
 154.160  142.610
 133.798  118.043
 137.303  136.312
 145.492  147.065
 136.988  137.235
 135.550  130.139
 115.231  146.807
 100.817  137.950
 102.386  136.138
 111.240  133.029
  99.764  137.605
 104.363  136.973
 108.283  136.536
 115.848  120.943
 111.732  137.930
 103.800  129.545
 153.977  133.993
 141.965  136.782
 137.576  138.084
 142.799  138.784
 159.271  127.490
 148.607  139.000
 158.654  142.343
 157.855  136.078
 142.506  130.752
 130.170  130.800
 138.533  145.431
 130.754  145.637
 132.754  128.826
 168.059  136.132
 162.789  132.567
 142.607  136.858
 116.798  127.329
 143.406  142.169
 138.835  126.443
 103.792  128.061
  93.811  153.044
 116.348  139.356
 108.974  131.240
 128.077  150.573
 129.235  136.701
 103.700  135.178
 110.423  124.793
 106.274  131.619
 103.326  135.676
 107.936  136.694
 128.035  124.278
 116.366  134.608
 104.949  140.882
 109.717  141.275
 146.461  136.981
 152.057  137.708
 125.369  139.827
 145.070  140.730
 110.291  139.924
 115.401  137.224
 100.004  128.953
 126.707  129.962
 127.331  149.859
 152.515  127.109
 143.143  157.203
 145.743  134.809
 162.454  153.994
 147.607  147.343
 152.533  145.626
 151.260  138.827
 134.390  130.614
 153.242  131.557
 159.782  138.307
 150.642  157.744
 140.074  138.302
 152.737  134.108
 124.415  136.521
 145.922  127.477
 156.979  129.298
 153.091  145.622
 151.581  130.269
 147.809  117.902
 109.222  149.873
 105.561  134.221
 115.564  139.280
 129.279  150.356
 146.960  124.802
 157.379  143.612
 163.326  138.770
 150.173  130.545
 159.724  138.942
 141.944  136.116
 168.313  141.089
 131.436  146.932
 164.604  133.513
 138.951  131.461
 149.787  129.117
 150.793  135.129
 143.648  122.876
 155.979  137.212
 152.689  137.414
 155.270  125.239
 143.962  144.685
 156.050  133.579
 132.738  142.515
 115.677  138.804
 116.942  126.196
 122.526  129.307
 138.221  142.999
 153.180  140.587
 144.000  118.419
 159.905  117.476
 160.988  144.159
 145.571  144.862
 154.831  136.151
 147.951  126.989
 150.546  133.262
 145.773  139.175
 146.311  125.073
 146.354  148.042
 156.680  136.353
 170.328  147.056
 146.930  129.437
 156.530  125.489
 158.098  131.532
 145.254  132.673
 150.713  152.028
 144.660  128.258
 138.461  123.310
 153.410  129.924
 119.013  132.686
 112.434  133.960
 108.434  129.815
 121.507  115.381
 114.655  130.247
 100.274  143.660
 132.364  132.417
 159.023  116.825
 154.941  141.250
 151.653  135.412
 149.513  126.744
 169.139  143.360
 134.972  147.936
 109.781  132.687
 102.752  138.577
 103.372  141.891
 116.825  133.099
 119.972  133.460
 111.021  147.154
  93.317  126.109
 138.812  132.345
 124.510  141.117
 133.645  147.045
 116.463  142.522
 110.246  136.915
  98.834  127.035
 112.160  139.147
 102.100  131.255
 157.516  122.740
 147.552  125.051
 143.152  140.179
 154.822  131.859
 150.450  147.344
 160.579  133.824
 159.284  137.555
 153.336  131.793
 141.818  115.566
 153.075  146.070
 149.836  144.755
 144.439  132.594
 161.938  135.085
 107.362  130.168
 108.086  138.428
 109.918  134.774
 119.761  143.543
 111.478  124.887
 108.200  142.219
  95.641  142.917
 114.447  136.119
 112.473  113.652
 103.519  141.684
 121.269  127.760
 119.218  139.011
 132.384  123.822
 148.399  130.704
 155.858  129.542
 151.582  134.757
 118.023  127.097
 106.281  129.610
 104.390  133.184
  97.627  124.041
 111.689  128.399
 136.427  144.675
 160.008  136.930
 142.046  131.300
 152.098  138.964
 153.391  135.892
 144.516  142.592
 159.207  142.182
 157.928  144.573
 149.515  139.096
 139.633  132.756
 165.738  141.115
 144.786  132.972
 149.630  145.029
 148.458  141.779
 152.156  128.443
 119.539  126.524
 143.736  141.667
 141.791  136.308
 146.914  122.139
 148.932  126.248
 136.537  127.454
 143.641  123.050
 137.088  119.487
 148.437  138.637
 144.032  134.252
 145.852  126.147
 152.602  131.225
 151.598  125.012
 147.327  138.604
 127.498  127.991
 130.602  144.714
 159.088  127.219
 120.882  127.155
  96.557  126.643
 120.178  117.128
 106.232  143.267
 162.619  138.720
 155.664  142.014
 141.607  124.481
  97.603  119.614
 106.931  140.381
 131.848  136.313
 150.002  134.057
 161.359  152.190
 157.974  155.934
 139.615  142.127
 151.224  147.079
 159.857  121.978
 159.264  135.685
 148.717  137.226
 147.850  133.569
 125.870  131.019
 156.589  146.336
 151.915  138.352
 144.907  133.067
 152.372  115.594
 164.357  141.276
 140.694  150.274
 120.312  132.470
 111.414  129.533
 115.480  137.948
 113.081  137.165
 134.650  149.529
 133.617  128.519
 125.731  139.292
 117.460  136.921
 115.777  142.864
 121.194  134.749
 105.875  112.842
 122.631  123.363
 113.169  147.884
 144.960  126.134
 130.542  129.548
 135.819  134.544
 126.188  133.411
 150.813  141.212
 154.864  131.380
 157.682  145.233
 152.006  137.916
 141.895  124.112
 152.967  123.183
 139.835  141.170
 139.735  139.466
 146.049  136.072
 161.522  123.287
 148.330  134.232
 102.672  139.827
 143.964  135.872
 140.779  136.342
 158.608  136.708
 141.544  134.197
 158.512  138.948
 134.396  146.110
 138.207  139.788
 141.054  138.151
 123.981  143.535
 142.205  134.696
 118.008  130.715
 114.881  147.133
 138.374  141.718
 156.152  135.605
 137.773  140.609
 144.717  136.509
 139.722  139.733
 149.247  133.420
 112.432  120.726
 144.398  137.496
 158.316  121.390
 135.540  129.417
 152.031  134.837
 109.807  141.569
 115.409  128.877
 133.881  128.648
 174.649  147.916
 151.432  142.090
 152.830  130.437
 137.871  136.869
 153.677  127.486
 137.825  135.070
 133.504  120.871
 158.215  143.950
 141.837  143.828
 151.548  139.777
 149.991  123.868
 108.338  138.532
 122.552  133.112
 102.437  116.424
 112.140  139.339
 154.602  133.230
 152.019  138.767
 118.668  139.955
 141.886  124.386
 132.752  140.355
 150.356  104.467
 144.289  144.713
 162.866  142.515
 158.986  143.991
 124.024  130.037
 161.522  135.973
 141.233  142.081
 116.470  141.608
 123.874  141.239
 113.712  133.684
 107.366  133.640
 149.324  129.222
 110.611  140.588
 108.236  141.548
 112.709  124.955
 106.910  147.425
 115.227  131.418
  97.626  143.467
 125.601  137.508
 122.941  142.603
 139.046  130.626
 105.056  143.016
 101.071  127.040
 167.624  142.617
 145.513  139.246
 165.766  124.624
 151.988  148.006
 159.466  114.250
 156.856  131.643
 174.346  133.384
 161.345  127.416
 154.739  141.817
 138.789  127.706
 140.049  127.296
 128.464  129.511
 148.678  138.052
 155.578  141.725
 164.749  132.970
 125.749  133.738
 129.867  129.786
  99.735  136.834
 100.228  123.861
 105.151  128.111
 141.940  146.365
 139.008  119.353
 114.958  134.356
 100.983  129.951
 150.789  131.843
  97.281  117.208
 127.805  129.687
 141.401  143.505
 154.335  128.113
 148.050  131.579
 141.606  121.561
 159.983  143.677
 116.287  135.803
 100.701  142.099
 109.967  134.951
 117.374  129.909
 127.690  133.063
 129.545  122.587
 106.835  132.617
 106.033  134.329
 109.875  132.634
 111.961  129.779
  93.477  134.029
 119.308  131.755
 105.554  131.091
 102.962  148.958
 100.785  131.289
 107.720  128.474
 111.796  138.958
 112.897  130.137
 109.659  137.371
 161.036  130.819
 160.266  145.726
 135.512  119.621
 142.330  127.804
 147.509  124.821
 149.850  151.801
 147.242  134.316
 142.817  141.621
 140.452  125.987
 113.894  150.073
  96.828  130.974
 134.422  131.226
  98.750  137.113
 135.483  138.295
 109.733  120.504
 102.750  146.896
 104.309  124.341
 103.456  149.166
 115.515  135.624
 132.478  130.434
 151.561  140.020
 140.700  138.690
 148.281  135.131
 134.983  143.368
 125.216  129.488
 111.819  127.291
 105.196  136.391
 105.379  137.098
 115.751  115.042
 100.376  125.388
 141.552  145.013
 136.817  135.751
 138.357  129.989
 133.468  112.051
 139.524  130.538
 134.852  130.751
 156.049  129.325
 161.915  143.764
 123.877  126.663
 101.699  128.461
 159.761  132.788
 146.586  130.585
 153.640  135.185
 163.259  136.561
 150.935  116.139
 160.059  126.029
 156.531  134.783
 155.374  141.102
 150.539  141.979
 157.206  129.902
 151.707  119.335
 155.025  123.201
 141.819  126.494
 135.643  140.774
 147.712  146.604
 160.767  126.800
 147.346  146.991
 154.640  134.177
 152.043  126.136
 115.780  143.637
 112.028  136.929
  96.849  124.142
 109.712  136.693
 110.213  135.511
 100.179  140.967
 101.003  123.366
 148.836  131.346
 113.479  137.149
 105.633  134.712
 106.340  128.080
 113.321  121.028
 108.621  143.251
 102.866  140.725
 115.935  135.688
  98.581  127.374
  95.858  139.871
 119.555  131.969
 136.503  129.105
 159.054  148.523
 146.193  123.747
 158.234  134.109
 170.757  123.619
 137.211  138.332
 136.352  154.369
 139.771  136.371
 149.868  132.613
 145.385  147.192
 163.877  130.968
 144.448  137.069
 152.732  127.784
 159.468  137.554
 147.943  129.368
 151.586  126.271
 153.762  127.970
 151.485  127.710
 102.185  126.045
 140.172  123.562
 160.487  141.993
 146.655  131.727
 153.695  140.442
 156.194  138.098
 155.371  139.526
 136.017  127.990
 156.246  135.063
 150.838  134.457
 133.801  135.946
 141.364  149.741
 163.965  135.576
 154.196  141.219
 170.102  131.509
 149.826  126.742
 147.100  136.611
 141.471  136.131
 156.210  119.182
 147.053  143.407
 144.997  148.245
  99.424  135.136
 132.838  127.904
 139.647  151.935
 112.623  132.344
 142.720  128.956
 154.109  141.679
 119.721  142.955
  95.628  134.202
 109.395  132.834
 104.616  143.710
 107.674  133.952
 111.027  137.293
 104.673  132.402
 100.388  132.243
 104.729  146.656
 115.677  136.442
 116.935  130.843
 144.091  130.356
 157.179  135.838
 139.107  136.308
 155.306  133.193
 149.238  145.013
 147.730  138.156
 127.685  132.364
 166.526  139.934
 149.697  141.862
 145.212  129.204
 160.537  124.639
 156.378  138.068
 149.032  118.201
 142.120  132.763
 143.087  125.206
 161.067  137.198
 144.841  146.243
 133.614  137.551
 105.403  129.535
 154.673  142.008
 144.415  129.751
 140.066  120.605
 140.251  124.280
 138.735  146.205
 151.479  147.409
 128.245  146.964
 157.359  140.177
 159.672  140.915
 152.180  137.636
 144.319  129.646
 151.301  133.883
 149.143  130.722
 130.147  147.959
 144.816  138.515
 144.444  140.090
 144.200  147.892
 161.420  143.870
 149.384  138.333
 141.746  141.841
 165.066  137.231
 139.690  136.568
 140.480  138.690
 138.097  141.210
 154.191  137.728
 143.604  141.606
 142.504  130.375
 157.056  126.090
 151.920  140.907
 160.187  137.699
 165.334  135.000
 144.595  135.994
 140.061  132.366
 139.741  131.882
 153.148  142.098
 104.050  137.692
 101.545  121.196
 137.736  118.184
 146.719  127.996
 152.591  145.724
 159.479  138.319
 169.732  132.760
 167.176  143.954
 157.264  142.548
 141.685  130.993
 154.480  129.669
 151.529  125.722
 128.421  142.583
 155.618  134.286
 119.509  135.544
 148.816  133.686
 153.337  127.282
 153.601  148.931
 160.327  137.987
 135.892  119.561
 165.077  133.867
 144.958  121.302
 135.967  125.477
 140.040  139.250
 149.213  147.371
 115.291  133.990
 144.564  123.250
 124.014  130.154
 147.816  144.900
 155.612  130.569
 107.905  147.253
 110.556  131.471
 104.197  133.115
