-158.685  148.825
-157.914  144.620
-163.822  156.640
-170.528  155.214
-173.725  140.838
-162.428  142.063
-168.356  145.189
-154.278  148.582
-160.156  160.378
-147.949  148.343
-152.684  160.574
-174.035  153.853
-163.480  153.491
-162.908  144.497
-168.682  157.210
-159.859  160.848
-163.246  147.052
-151.613  147.054
-161.604  162.827
-169.228  155.070
-155.939  161.803
-168.534  159.436
-169.753  165.288
-165.680  148.178
-158.306  152.904
-159.387  165.025
-157.462  154.867
-156.686  164.707
-159.021  153.627
-169.496  149.133
-175.687  143.676
-165.680  157.823
-162.279  173.156
-157.595  143.964
-163.894  156.050
-160.683  151.538
-154.963  156.866
-176.560  136.324
-165.602  157.221
-164.547  139.779
-177.568  146.438
 176.382  145.966
-165.150  148.664
-161.401  153.835
-151.631  168.145
-153.634  158.053
-163.037  168.112
-167.108  158.620
-152.382  156.977
-173.079  146.331
-163.558  151.347
-156.828  148.765
-173.355  153.043
-145.853  166.486
-148.849  151.379
-165.671  149.905
-152.869  143.834
-151.154  150.078
-159.656  148.378
-155.699  142.715
-154.261  154.609
-166.311  151.073
-171.088  164.258
-151.092  146.646
-158.127  156.069
-152.485  162.543
-165.688  146.109
-166.072  148.648
-172.770  155.510
-160.812  158.450
-158.996  147.991
-174.182  160.751
-155.807  154.225
-158.146  133.514
-166.599  144.959
-167.040  152.657
-147.184  158.551
-164.275  146.449
-158.918  166.177
-171.827  148.889
-176.101  152.913
-159.688  157.529
-163.362  150.757
-167.492  163.349
-158.454  165.043
-161.169  160.856
-165.991  142.357
-159.294  147.344
-177.750  141.993
-155.857  151.866
-162.584  156.100
-156.556  151.498
-159.451  161.198
-158.435  151.603
-168.790  156.369
-159.347  160.369
-154.964  146.268
-171.404  147.622
-159.879  152.281
-163.475  144.520
-151.143  145.721
-158.819  152.911
-174.517  163.623
-160.004  150.238
-159.458  155.129
-157.080  139.356
-169.522  144.892
-161.107  148.124
-151.379  149.328
-172.325  165.675
-166.838  153.103
-174.743  156.742
-166.855  157.668
-172.267  153.703
-158.683  152.412
-165.020  153.723
-162.674  152.391
-150.497  158.357
-158.897  145.432
-169.873  133.642
-172.441  147.149
-156.025  154.349
-163.488  148.856
-168.896  151.849
-166.949  149.024
-168.666  146.823
-172.876  151.122
-160.589  140.302
-158.919  150.965
-161.259  158.516
-171.319  156.140
-168.650  150.596
-159.056  143.611
-167.158  150.126
-164.153  146.103
-160.072  142.426
-153.279  145.126
-160.901  156.166
-162.380  159.719
-170.532  156.028
-155.657  139.418
-172.427  142.912
-164.739  150.020
-170.430  141.688
-150.574  154.430
-149.270  157.526
-158.600  136.506
-161.037  158.626
-163.272  155.868
-156.958  155.770
-159.808  154.103
-172.372  155.129
-153.973  149.623
-158.556  158.443
-156.187  152.067
-152.849  156.009
-160.833  157.972
-149.960  171.919
-172.357  151.137
-174.425  152.818
-161.151  148.744
-168.782  151.778
-173.966  145.949
-166.001  151.788
-167.001  148.015
-163.514  154.265
-161.210  154.141
-168.887  145.317
-158.524  162.365
-149.165  143.120
-157.348  147.843
-155.726  164.045
-154.112  160.259
-162.326  137.009
-153.376  147.879
-151.165  156.122
-160.651  146.939
-165.077  151.250
-165.021  150.509
-165.718  148.491
-155.570  146.335
-158.481  147.019
-168.581  148.822
-168.058  161.009
-156.925  149.214
-170.263  160.563
-144.277  159.718
-162.854  147.951
-159.408  153.700
-164.413  151.389
-162.324  143.634
-165.109  151.516
-177.403  150.765
-166.926  149.494
-165.693  144.530
-163.451  149.452
-161.473  156.112
-166.780  153.424
-173.065  161.222
-166.722  144.025
-153.766  154.740
-159.822  147.243
-161.410  146.475
-161.697  162.811
-154.518  152.065
-155.040  153.679
-148.873  150.918
-163.663  153.387
-164.279  160.923
-164.994  157.755
-166.843  152.952
-165.472  158.340
-168.055  140.520
-178.716  141.216
-156.918  140.884
-167.760  148.664
-168.413  143.497
-169.507  154.867
-166.565  163.522
-164.655  163.708
-166.249  154.163
-161.560  162.046
-158.514  153.621
-162.465  150.348
-162.851  149.552
-177.592  148.578
-160.566  143.668
-164.375  157.646
-164.908  148.513
-168.261  149.431
-167.742  146.859
-153.060  154.857
-159.325  160.876
-168.713  145.721
-161.045  143.995
-174.825  157.037
 177.523  152.005
-163.705  149.634
-157.871  155.445
-164.239  146.712
-150.564  155.435
-174.750  142.871
-162.541  149.426
-165.374  152.706
-158.335  151.811
-164.147  146.642
-162.279  151.998
-157.160  153.364
-161.426  154.108
-174.031  150.768
-161.077  149.185
-157.836  159.904
-166.811  161.293
-162.942  157.985
 176.638  148.149
-168.051  151.402
-152.128  136.810
-165.879  143.321
-169.494  146.688
-166.384  144.212
-169.026  140.979
-174.147  149.186
-171.854  142.055
-166.025  158.926
-165.006  157.794
-167.488  143.408
-163.634  165.144
-153.628  154.604
-163.749  149.974
-162.916  154.557
-155.322  150.369
-160.399  160.768
-157.884  140.644
-154.634  157.556
-159.457  158.706
-155.501  158.922
-163.751  151.716
-168.352  147.845
-167.970  151.536
-159.750  142.189
-158.867  160.560
-162.249  152.645
-158.815  150.256
-167.766  144.067
-159.679  156.162
-163.063  143.522
-162.124  145.865
-161.259  149.350
-158.216  149.741
-166.847  153.339
-151.598  154.034
-162.806  154.752
-174.099  136.468
-161.860  150.521
-168.603  140.066
-161.426  140.736
-178.248  146.843
-165.514  136.396
-158.245  156.777
-149.609  153.914
-172.008  149.755
-158.797  159.536
-166.684  145.734
-160.803  139.889
-170.651  143.079
-158.214  160.427
-155.921  155.355
-156.389  146.255
-162.843  154.129
-161.185  158.051
-174.809  155.663
-173.508  154.810
-168.687  145.007
-165.413  144.114
-168.603  138.749
-154.226  152.185
-167.251  149.352
-164.092  146.023
-165.096  146.855
-162.087  155.620
-151.047  164.368
-158.566  148.742
-160.422  157.515
-156.950  151.994
-165.755  151.022
-159.838  145.267
-155.567  150.616
-159.400  147.894
-161.266  141.707
-159.715  154.263
-154.747  146.711
-157.039  156.452
-156.858  150.550
-151.880  147.494
-167.281  149.097
-169.325  149.268
-164.114  154.316
-154.849  145.624
-171.165  136.522
-161.627  143.504
-161.447  144.372
-168.956  153.867
-163.426  153.253
-160.175  149.079
-165.897  155.028
-160.964  148.964
-163.705  150.666
-161.549  156.794
-166.310  164.913
-169.042  158.640
-161.803  151.516
-158.039  148.363
-158.599  154.958
-167.268  151.172
-165.448  154.667
-157.966  157.399
-154.045  155.967
-165.222  158.027
-162.624  156.124
-157.353  156.538
-178.882  154.568
-179.773  166.160
-153.767  136.693
-154.071  147.328
-166.678  149.542
-159.560  149.712
-172.249  147.016
-157.064  156.684
-166.298  151.435
-151.835  148.506
-172.206  163.537
-154.523  157.990
-174.469  151.986
-155.176  136.911
-157.708  171.593
-153.236  162.883
-158.446  148.937
-171.476  150.934
-153.837  162.420
-168.218  145.510
-153.888  150.095
-166.455  157.054
-169.441  149.474
-176.118  153.739
-158.029  152.086
-167.356  148.354
-153.833  139.528
-173.044  161.910
-162.742  156.674
-158.108  154.021
-166.648  156.685
-161.504  152.075
-161.925  158.961
-157.928  145.845
-157.913  150.524
-156.046  142.541
-157.850  152.144
-163.204  158.621
-153.823  161.136
-159.666  158.804
-178.100  136.052
-166.140  161.793
-179.410  156.258
-151.061  146.883
-172.376  148.838
-158.968  154.373
-157.271  145.281
-155.699  154.042
-164.279  164.140
-159.693  144.244
-165.990  156.142
-178.606  140.051
-151.964  147.626
-166.966  148.285
-163.750  151.544
-160.417  148.394
-161.504  140.938
-155.810  143.646
-152.096  142.799
-169.251  138.986
 179.321  156.392
-162.754  159.427
-168.968  151.364
-165.503  150.539
-161.816  152.891
-148.797  150.805
-161.691  166.787
-163.742  149.215
-149.586  157.073
-164.633  153.657
-155.198  153.356
-158.665  156.437
-162.524  149.040
-162.294  150.895
-170.784  149.597
-157.159  160.443
-153.750  152.802
-167.977  155.547
-173.003  140.437
-169.593  160.648
-162.277  149.268
-172.027  150.113
-167.152  161.833
-163.133  154.183
-156.788  144.814
-158.266  152.676
-159.281  160.890
-161.854  155.082
-145.995  139.653
-160.042  158.681
-162.483  156.140
-164.781  156.228
-151.556  157.644
-162.295  133.270
-167.567  150.011
-168.830  147.537
-159.110  150.698
-154.529  149.627
-158.916  159.413
-176.429  147.488
-162.761  147.618
-177.767  153.167
-163.640  157.430
-158.130  158.678
-165.301  143.969
-167.310  147.665
-159.813  135.704
-162.677  150.192
-156.491  146.254
-173.183  146.691
-169.806  158.228
-172.453  149.173
-160.388  142.180
-174.625  153.321
-159.823  159.923
-161.909  155.204
-159.659  150.581
-165.127  154.843
-169.881  161.152
-158.492  163.314
-162.636  162.559
-171.452  153.200
-167.275  158.730
-175.069  159.598
-157.173  150.779
-167.397  146.135
-155.331  147.967
-159.069  158.465
-153.375  149.573
-171.696  144.796
-164.990  149.463
-164.045  158.490
-164.490  144.475
-165.022  155.027
-174.342  158.402
-153.122  154.758
-166.913  144.023
-165.180  154.638
-150.199  156.996
-172.195  165.210
-170.840  153.135
-160.536  151.436
-150.627  150.094
-156.761  155.801
-156.216  151.822
-153.340  131.455
-159.580  137.765
-160.102  144.058
-152.352  158.726
-164.363  152.146
-173.702  154.736
-160.748  157.585
-162.252  155.113
-155.794  156.156
-151.537  145.104
-168.411  154.688
-153.102  148.566
-178.459  150.849
-157.629  152.233
-158.335  156.444
-162.684  160.219
-159.993  154.437
-161.936  139.070
-168.782  154.976
-150.981  136.621
-174.425  141.274
-158.768  162.747
-156.819  151.093
-169.882  143.931
-155.692  158.724
-160.784  149.869
-167.659  144.602
-146.774  151.423
-156.839  156.253
-153.604  156.992
-159.575  154.663
-157.624  152.416
-154.224  148.283
-167.125  138.300
-152.289  144.369
-155.254  146.508
-153.758  151.501
-156.011  149.717
-153.518  166.206
-156.460  152.562
-155.258  151.526
-159.019  159.989
-170.584  147.123
-163.911  156.361
 177.699  149.594
-159.784  161.367
-170.114  152.518
-169.780  164.668
-171.710  150.554
-172.028  159.132
-160.199  142.507
-153.101  156.008
-155.235  160.353
-172.974  143.923
-160.386  147.526
-138.252  159.350
-167.892  151.631
-163.003  151.978
-175.104  145.359
-160.368  151.898
-159.627  163.827
-158.571  161.560
-173.683  163.927
-156.274  162.520
-157.385  153.431
-156.440  159.902
-159.160  157.810
-174.492  159.939
-171.682  146.716
-167.610  157.008
-161.143  145.761
-155.488  150.739
-154.977  153.972
-151.730  148.953
-156.287  156.323
-160.094  154.115
-164.439  149.550
-164.498  156.295
-165.775  146.569
-152.266  150.440
-155.489  155.417
-159.030  160.837
-167.207  151.260
-166.179  149.314
-147.825  152.260
-156.957  148.359
-163.907  149.620
-155.472  158.155
-160.922  173.901
-152.353  154.121
-162.979  162.190
-168.278  146.971
-157.084  158.041
-161.069  142.370
-149.730  149.875
-170.153  156.284
-166.045  158.390
-163.791  154.390
-157.024  151.754
-162.811  146.579
-160.561  154.053
-163.051  153.850
-161.611  155.171
-163.235  143.024
-162.644  163.971
-159.992  161.529
-160.533  147.896
-156.459  156.484
-145.275  156.748
-172.561  135.186
-171.510  143.634
-167.655  166.365
-161.392  155.927
-160.155  154.072
-158.549  155.460
-163.850  154.217
-164.439  150.685
-160.941  160.515
-147.979  141.092
-164.375  160.638
-147.850  140.976
-162.127  153.130
-156.771  147.451
-164.362  146.726
-168.023  156.161
-161.244  150.120
-157.329  153.336
-177.423  161.324
-169.909  159.256
-158.633  159.221
-163.925  168.897
-152.210  155.965
-158.345  151.696
-174.812  148.484
-155.129  157.177
-163.994  149.860
-164.046  144.607
-164.598  150.525
-156.359  153.453
-158.601  138.695
-162.082  148.772
-154.952  158.125
-166.095  152.654
-156.911  156.061
-162.600  152.714
-169.717  145.187
-172.339  152.872
-167.402  141.799
-173.093  142.963
-166.605  149.296
-154.729  148.593
-161.337  152.679
-168.526  147.938
-162.039  156.180
-176.190  141.109
-170.233  152.664
-160.240  148.946
-159.860  147.165
-156.824  150.674
-165.555  153.627
-149.291  150.648
-167.552  155.182
-158.826  149.954
-169.640  146.996
-159.406  135.899
-159.343  144.980
-155.514  156.702
-154.872  145.452
-167.491  149.478
-160.360  155.876
-156.554  145.747
-169.864  156.424
-179.447  156.886
-153.879  140.224
-166.725  143.622
-163.387  141.272
-162.677  144.309
-164.658  143.851
-162.511  162.738
-157.446  152.569
-157.554  144.086
-153.406  158.459
-170.296  143.054
-167.279  158.362
-174.268  157.161
-161.359  164.089
-158.470  157.490
-158.880  139.986
-168.138  148.618
-168.717  156.001
-166.345  161.877
-149.811  149.554
-164.655  144.509
-158.566  145.495
-160.243  152.549
-165.471  148.671
-169.463  152.961
-172.308  161.408
-163.133  146.949
-154.610  143.282
-157.189  155.060
-160.042  157.863
-152.320  132.087
-154.719  149.464
-167.700  152.784
-158.543  157.735
-168.751  145.960
-167.459  146.171
-160.858  165.981
-158.118  162.909
-159.029  151.395
-168.038  150.606
-164.120  155.598
-162.776  162.138
-159.164  145.975
-154.834  153.161
-162.607  140.707
-172.711  149.404
-158.987  157.229
-163.211  151.449
-177.877  146.582
-147.351  161.598
-160.417  159.363
-167.622  147.896
-146.837  137.960
-160.195  155.452
-174.848  144.920
-157.631  159.491
-167.588  138.637
-156.816  154.901
-151.146  139.595
-163.891  156.169
-156.493  159.584
-163.142  157.906
-167.509  150.480
-163.196  151.844
-166.297  147.892
-166.977  147.337
-164.994  150.184
-160.792  152.608
-158.032  146.127
-167.486  152.122
-146.584  138.483
-152.389  143.244
-169.325  145.772
-167.094  148.855
-154.168  135.444
-163.359  153.171
-163.983  132.316
-164.279  151.878
-162.287  149.084
-160.805  148.379
-161.501  134.032
-170.107  154.499
-163.062  154.257
-161.815  144.584
-163.797  175.845
-157.815  146.277
-160.676  144.288
-158.926  130.770
-163.680  151.214
-164.488  163.395
-162.968  147.267
-166.745  153.220
-148.087  141.168
-162.991  147.961
-154.101  140.131
-172.586  162.805
 178.262  156.110
-152.577  144.439
-159.368  152.141
-156.639  144.334
-155.163  147.525
-154.885  149.154
-164.625  162.603
-165.723  143.979
-166.322  155.739
-179.952  136.830
-161.274  143.784
-158.227  164.728
-162.030  162.635
-179.690  150.347
-156.376  161.190
-155.300  149.529
-167.170  153.454
-159.448  152.447
-165.391  157.228
-166.933  136.420
-154.132  152.505
-166.362  145.159
-167.032  156.186
-144.753  155.064
-171.394  153.027
-166.000  148.910
-157.921  153.523
-156.171  165.043
-168.726  135.012
-152.758  150.468
-157.980  156.059
-148.422  154.717
-167.156  149.156
-161.095  147.369
-162.722  141.305
-161.859  157.875
-169.112  143.553
-166.065  156.410
-162.617  151.012
-156.372  154.681
-168.373  151.376
-153.782  158.617
-157.567  146.063
-169.389  159.005
-151.454  161.946
 179.488  151.454
 178.593  149.941
-160.240  158.677
-152.931  128.608
-149.052  147.824
-163.990  152.790
-161.797  159.666
-160.465  156.417
-161.946  145.804
-167.570  155.634
-145.589  143.939
-164.673  143.218
-155.807  156.950
-149.528  151.619
-151.700  147.903
-160.123  151.221
-168.908  149.989
-168.846  151.631
-159.253  158.250
-176.093  150.457
-154.106  158.348
-153.028  157.110
-159.550  151.215
-153.077  157.396
-155.524  153.623
-152.866  148.608
-159.952  154.126
-164.276  151.949
-169.523  147.649
-170.379  142.562
-167.503  151.211
-170.278  137.774
-167.017  152.251
 179.267  137.810
-168.275  150.776
-172.427  146.275
-162.315  158.223
-168.124  154.412
-149.704  159.624
 175.017  160.660
-157.360  153.520
-160.223  154.353
-159.985  150.712
-175.710  159.566
-155.753  167.499
-157.212  139.032
-165.979  145.753
-156.369  155.037
-166.992  156.614
-164.135  149.194
-167.672  152.971
-163.842  156.221
-166.303  148.766
-165.475  155.690
-161.447  148.950
-155.703  163.653
-171.073  148.977
-168.490  142.688
-158.895  145.703
-170.405  145.485
-170.792  153.512
-167.841  151.659
-159.063  146.316
-173.199  149.758
-151.014  156.053
-163.881  148.725
-163.931  147.893
-158.709  151.416
-160.250  141.670
-166.598  156.426
-173.340  156.390
-158.337  158.495
-168.799  154.569
-164.922  146.624
-163.177  144.775
-148.435  152.214
-164.910  154.420
-159.076  155.495
-161.986  150.002
-167.926  154.719
-160.848  151.294
-164.459  157.161
-165.201  152.357
-166.919  141.475
-156.431  144.270
-164.029  153.075
-157.144  175.746
-158.014  160.605
-157.891  156.790
-169.272  142.195
-171.637  150.456
-172.902  159.667
-164.480  151.346
-142.201  145.413
-171.693  158.502
-153.126  155.299
-157.178  144.705
-156.141  158.451
-162.140  145.725
-154.262  147.958
-154.541  149.960
-160.666  156.522
-155.324  155.171
-149.750  160.278
-165.039  158.161
-164.826  150.688
-166.704  152.303
-158.601  156.934
-178.202  147.755
-163.856  142.380
-154.847  152.695
-160.357  134.559
-158.526  153.376
-157.102  151.988
-154.920  149.360
-157.773  159.949
-164.453  153.429
-159.919  155.266
-160.271  137.287
-157.075  158.076
-166.968  153.194
-160.730  139.106
-166.979  157.898
 174.086  152.379
-161.578  148.080
-170.156  151.020
-157.815  149.676
-164.474  156.362
-148.251  150.202
-151.535  165.280
-166.669  152.259
-166.038  155.573
-158.760  154.914
-152.646  150.297
-166.379  155.097
-166.159  141.963
-166.810  148.812
-162.562  157.997
-164.502  159.406
-163.424  155.839
-158.510  141.585
-161.750  146.428
-165.386  138.405
-171.626  154.789
-163.811  149.965
-161.855  143.438
-162.209  173.194
-169.954  145.781
-166.490  152.369
-168.869  139.457
-137.104  148.275
-156.603  165.661
-156.043  146.321
-163.530  157.192
-157.551  149.085
-159.091  157.881
-158.485  154.436
-164.938  148.478
-158.541  163.443
-152.521  154.127
-157.491  159.817
-169.471  160.741
-165.974  150.340
-167.813  156.481
-148.499  153.197
-155.899  146.181
-161.137  154.197
-166.574  162.678
-157.103  164.039
-161.291  145.708
-161.499  160.003
-154.904  141.751
-173.298  150.089
-166.380  157.445
-147.202  148.420
-169.937  152.358
-158.270  164.018
-165.639  159.808
-168.952  151.887
-179.148  150.626
-173.279  156.921
-156.328  156.056
