  63.541  150.148
  75.592  146.749
  62.057  149.364
  68.187  152.118
  68.705  149.682
  67.705  151.813
  77.034  154.211
  62.328  158.081
  64.843  153.564
  83.853  156.923
  86.553  153.061
  64.447  151.104
  66.664  153.433
  67.610  153.676
  53.808  165.806
  61.759  156.915
  65.881  151.565
  60.781  145.222
  83.051  147.147
  63.455  151.459
  69.157  155.324
  62.629  155.212
  63.065  159.418
  73.109  156.295
  67.124  147.761
  68.765  147.819
  65.127  149.430
  72.901  145.828
  58.624  142.180
  70.339  139.035
  67.619  143.793
  69.797  141.147
  64.468  155.231
  69.411  145.989
  50.562  165.038
  51.658  150.937
  71.631  149.468
  54.930  159.680
  77.125  150.899
  70.826  142.561
  60.383  158.159
  67.713  145.982
  69.851  163.567
  70.587  152.288
  70.949  148.464
  73.357  149.747
  63.775  164.289
  60.838  147.187
  55.307  157.736
  65.359  152.320
  59.625  151.572
  78.793  153.114
  72.042  149.482
  65.805  158.890
  69.498  146.950
  68.568  155.337
  80.523  161.842
  59.521  150.276
  58.767  158.536
  67.004  155.716
  58.615  155.163
  70.845  149.924
  63.749  150.066
  61.336  144.674
  75.723  154.129
  65.924  148.358
  63.237  135.750
  76.773  144.418
  68.933  153.999
  74.291  161.340
  63.781  153.673
  72.329  145.438
  72.289  153.579
  73.582  151.220
  78.490  139.687
  68.415  147.848
  67.517  149.834
  60.329  165.305
  76.425  142.147
  57.774  158.296
  52.489  157.513
  66.973  144.912
  70.065  154.675
  75.385  146.760
  65.056  145.369
  66.365  141.743
  65.198  138.486
  72.723  150.599
  53.637  143.651
  65.252  154.998
  67.841  150.903
  70.710  166.231
  68.620  162.882
  50.103  143.205
  72.805  141.452
  74.880  150.488
  53.342  152.065
  78.112  158.024
  73.004  150.504
  69.276  148.852
  69.769  145.488
  67.553  153.575
  47.309  146.647
  64.277  166.456
  68.470  165.406
  75.817  158.797
  66.167  153.596
  59.212  153.207
  66.737  168.111
  74.165  156.618
  69.776  138.631
  66.733  162.216
  61.093  168.745
  65.489  150.286
  71.312  157.561
  73.356  155.202
  64.337  154.078
  63.759  144.711
  60.997  147.931
  81.246  148.006
  62.916  156.421
  81.646  147.077
  66.026  160.896
  57.392  149.465
  57.672  152.638
  66.207  150.880
  69.425  136.136
  61.662  166.775
  57.619  153.214
  63.508  163.054
  82.187  153.310
  68.988  141.990
  72.927  154.934
  72.487  153.491
  73.694  152.644
  74.468  174.229
  80.164  152.948
  66.644  167.477
  63.336  162.412
  80.114  159.944
  60.956  148.925
  65.332  147.825
  60.231  154.843
  69.134  140.154
  58.172  159.253
  55.047  142.273
  54.651  150.303
  73.768  145.910
  75.396  160.362
  74.154  158.307
  74.304  157.324
  77.465  141.234
  70.180  151.382
  71.576  156.246
  63.563  136.961
  60.320  150.667
  63.128  150.849
  68.235  160.351
  57.727  150.002
  80.447  145.743
  63.136  150.684
  61.239  138.826
  63.731  118.765
  75.590  146.932
  66.722  158.646
  71.109  159.416
  64.589  147.991
  58.967  152.994
  65.281  147.416
  67.203  146.998
  62.301  156.193
  60.131  153.953
  74.984  139.175
  62.258  159.579
  69.477  159.359
  74.005  143.607
  69.463  156.359
  70.658  147.198
  63.932  157.841
  72.508  158.779
  68.439  149.649
  67.232  153.822
  67.884  159.806
  55.352  143.660
  67.206  144.485
  66.916  155.765
  74.643  156.440
  67.743  148.250
  58.189  166.722
  68.463  157.711
  68.082  148.490
  64.339  147.517
  62.115  156.105
  57.433  146.011
  73.871  150.868
  58.658  158.985
  56.893  136.967
  81.069  150.535
  73.129  159.623
  81.700  150.385
  65.226  155.637
  74.314  154.565
  67.220  148.002
  66.347  162.854
  57.788  148.966
  77.519  154.573
  70.812  145.857
  56.166  152.823
  53.318  144.048
  48.019  144.659
  63.263  140.784
  67.842  159.576
  74.395  140.145
  68.716  165.095
  61.282  142.140
  70.552  145.208
  72.357  151.147
  69.742  156.014
  74.267  152.590
  73.948  149.314
  70.225  156.360
  67.084  154.910
  77.591  143.739
  67.518  147.562
  60.982  158.417
  61.255  145.902
  72.615  153.740
  53.069  156.638
  78.032  141.708
  62.963  157.456
  68.565  150.667
  68.232  143.259
  59.702  139.065
  66.339  147.079
  71.837  144.718
  66.337  156.089
  73.095  130.412
  73.338  162.540
  54.880  150.833
  66.029  154.601
  69.187  147.783
  64.237  154.563
  65.446  146.891
  73.934  151.160
  65.903  155.453
  71.406  150.868
  68.452  164.630
  56.929  165.996
  75.594  160.095
  81.441  148.216
  69.473  152.014
  64.395  150.012
  63.614  159.045
  66.949  159.319
  66.560  166.547
  58.951  163.089
  76.806  144.960
  59.659  151.531
  69.131  155.029
  82.213  150.100
  62.550  125.774
  71.856  156.965
  74.092  149.910
  65.171  148.109
  67.392  144.532
  80.777  164.033
  62.795  132.937
  63.554  148.784
  66.097  148.848
  61.588  158.653
  74.065  140.159
  66.744  135.791
  72.860  158.700
  78.445  155.843
  69.770  164.262
  63.873  157.050
  58.243  144.324
  66.895  151.227
  75.231  147.339
  48.848  150.382
  68.289  149.338
  74.496  153.786
  62.112  155.926
  69.202  150.909
  60.981  152.126
  70.974  148.710
  61.458  165.915
  66.713  142.655
  71.900  151.103
  70.950  157.138
  67.479  157.516
  71.390  146.004
  66.298  141.736
  67.314  171.054
  67.624  152.264
  65.806  152.721
  63.304  147.994
  64.882  147.630
  62.762  163.361
  71.458  150.697
  67.584  144.234
  82.626  149.730
  73.434  146.985
  72.356  162.390
  67.792  154.157
  57.356  155.597
  72.536  139.839
  77.620  148.053
  59.705  160.355
  64.359  152.564
  73.723  150.140
  73.165  158.440
  50.532  150.371
  67.443  148.101
  66.108  154.869
  69.926  148.567
  68.547  147.805
  61.016  145.516
  65.603  143.392
  62.504  149.318
  73.044  154.892
  76.375  156.356
  68.483  147.603
  60.765  154.079
  77.468  155.866
  65.976  156.381
  64.946  155.500
  72.535  165.203
  61.355  162.961
  55.646  153.433
  68.152  161.331
  69.597  153.949
  73.889  159.273
  68.325  157.558
  69.286  158.348
  66.530  152.076
  61.946  152.489
  53.784  161.060
  63.156  150.285
  70.463  157.555
  62.688  136.676
  57.616  136.304
  65.230  152.698
  72.014  149.060
  60.915  160.760
  68.140  152.936
  62.499  156.245
  66.198  162.531
  65.649  169.650
  56.789  162.931
  69.824  149.734
  69.687  147.087
  67.980  163.326
  78.399  150.749
  65.512  156.653
  75.434  153.764
  68.459  148.814
  60.732  154.916
  60.550  154.841
  71.580  154.469
  66.485  148.099
  74.030  147.013
  58.101  135.167
  62.472  148.841
  61.983  152.808
  70.462  146.967
  59.665  133.158
  70.405  146.931
  71.769  145.572
  67.303  153.627
  67.723  148.395
  77.814  161.343
  63.377  150.894
  69.696  163.658
  52.869  138.389
  61.452  139.627
  52.642  150.360
  66.425  165.230
  67.590  158.087
  59.458  158.317
  59.742  155.722
  63.507  156.145
  76.818  163.414
  70.275  152.977
  55.627  155.515
  61.931  166.272
  70.194  139.416
  67.345  161.627
  61.360  144.856
  61.830  142.588
  74.070  152.973
  66.506  155.243
  65.197  153.233
  66.082  148.000
  68.800  144.406
  84.074  144.360
  66.850  160.109
  68.764  165.086
  75.395  155.197
  62.891  149.955
  70.545  139.302
  63.196  125.623
  80.987  154.295
  74.347  153.399
  66.023  146.583
  64.925  157.352
  68.057  147.519
  66.590  140.818
  60.641  151.166
  73.369  153.936
  73.569  144.230
  63.325  151.608
  74.231  151.671
  63.163  175.566
  69.494  137.916
  68.635  158.436
  65.246  138.894
  62.470  149.751
  76.649  155.208
  67.128  152.112
  69.500  146.985
  76.712  147.172
  54.194  159.032
  65.978  142.363
  65.977  158.841
  68.872  156.289
  77.025  159.399
  69.390  152.497
  68.277  145.720
  65.717  141.480
  58.898  157.058
  63.531  144.795
  67.703  150.641
  57.358  145.402
  67.278  147.618
  59.609  163.119
  66.406  158.248
  58.663  158.231
  75.782  142.309
  64.880  148.234
  53.034  153.521
  65.830  146.258
  56.153  151.713
  62.562  159.782
  58.684  157.925
  64.693  152.168
  70.748  148.612
  62.420  168.203
  61.381  148.939
  78.146  138.033
  67.510  150.874
  66.234  158.688
  69.098  156.306
  75.349  142.248
  67.977  156.765
  58.378  153.346
  73.210  150.776
  58.379  159.493
  76.530  140.713
  73.164  140.488
  61.199  147.720
  58.103  150.085
  66.650  151.419
  79.617  144.022
  77.485  152.525
  64.685  142.479
  65.693  149.322
  64.122  157.281
  71.513  138.599
  62.587  157.469
  77.416  152.425
  63.751  154.799
  62.958  156.410
  71.464  158.971
  73.819  154.904
  65.839  156.442
  78.995  148.765
  62.820  152.198
  54.874  153.049
  64.362  147.733
  61.502  154.939
  65.947  149.735
  63.669  158.216
  76.902  159.498
  66.872  151.123
  56.902  143.584
  63.554  150.538
  71.890  145.738
  79.636  149.807
  71.291  152.641
  71.785  151.628
  65.904  163.595
  63.879  141.296
  66.719  140.807
  76.998  138.329
  64.744  142.656
  61.527  162.997
  67.178  157.718
  76.651  156.533
  62.625  152.389
  67.811  156.577
  60.471  143.821
  76.017  165.689
  54.620  157.311
  70.764  150.180
  67.682  151.614
  55.856  154.890
  69.788  143.166
  77.550  155.753
  66.424  163.209
  60.501  154.121
  71.359  153.713
  66.221  146.601
  71.175  144.101
  80.285  139.874
  63.406  154.180
  55.579  141.707
  61.369  155.772
  68.102  152.813
  66.235  146.791
  81.640  154.053
  66.002  139.057
  62.549  160.524
  72.879  150.273
  60.137  154.244
  70.165  165.262
  62.636  156.594
  86.142  152.867
  57.897  155.678
  80.031  149.807
  80.977  153.547
  60.676  156.506
  70.808  155.070
  57.226  152.186
  62.099  158.991
  60.892  168.973
  78.265  145.127
  74.178  140.162
  73.586  159.362
  68.830  138.933
  69.357  153.574
  70.893  159.599
  47.417  152.543
  60.488  149.446
  68.079  152.186
  66.294  152.540
  65.053  156.607
  65.059  144.922
  75.099  157.281
  75.758  151.582
  67.777  147.409
  63.020  141.505
  66.118  149.112
  69.620  156.635
  77.147  159.144
  50.510  152.212
  78.843  149.830
  61.027  150.025
  62.845  145.958
  62.879  138.717
  73.106  163.451
  66.067  157.493
  66.174  162.125
  61.383  147.338
  63.189  159.111
  58.252  155.244
  69.890  140.347
  73.378  141.039
  66.057  166.609
  74.848  148.517
  67.125  150.675
  54.165  142.564
  68.560  156.083
  82.449  161.062
  61.091  141.110
  73.430  155.002
  57.526  148.890
  65.987  155.370
  47.379  154.652
  68.612  143.106
  69.186  141.367
  60.908  162.624
  71.088  155.173
  67.022  154.034
  66.195  153.113
  62.705  151.703
  75.601  159.125
  64.012  160.546
  66.123  140.259
  73.272  152.394
  68.540  168.527
  54.156  149.092
  69.983  138.664
  64.782  160.707
  72.236  161.746
  70.141  148.895
  73.860  146.500
  70.886  144.304
  78.477  146.881
  60.152  146.222
  77.409  159.500
  71.220  135.713
  64.486  150.559
  62.938  159.903
  60.240  145.586
  67.856  133.327
  68.120  144.372
  72.666  148.644
  70.958  140.759
  69.849  135.827
  76.119  144.589
  68.861  147.006
  73.341  148.275
  76.500  137.533
  61.252  140.712
  76.979  169.572
  67.008  154.418
  60.042  170.860
  62.067  156.374
  73.908  149.427
  66.873  158.797
  55.939  152.201
  59.980  156.707
  67.615  155.759
  71.641  148.163
  66.317  147.298
  63.078  159.361
  72.269  154.425
  79.157  156.710
  62.984  160.086
  62.715  149.800
  61.201  136.078
  66.069  148.097
  69.459  140.014
  72.964  150.771
  71.617  167.765
  59.943  149.043
  68.443  159.571
  67.770  156.747
  56.361  163.757
  72.260  157.323
  75.510  155.904
  73.113  156.647
  66.456  151.373
  76.822  151.748
  57.131  156.886
  66.336  163.355
  61.318  154.954
  68.704  148.304
  69.626  136.764
  68.267  149.128
  68.265  152.688
  69.903  151.345
  63.293  142.033
  68.774  149.550
  70.912  153.916
  72.076  144.426
  70.453  156.755
  68.037  155.896
  64.746  158.848
  64.008  154.351
  64.706  142.184
  65.948  151.961
  73.549  164.559
  64.336  154.703
  72.259  136.605
  62.737  146.280
  70.901  145.914
  60.455  158.661
  74.580  159.054
  56.217  153.948
  60.646  147.626
  55.946  153.858
  67.838  155.323
  65.282  147.742
  67.937  136.561
  59.909  154.791
  68.324  152.597
  65.328  163.086
  74.390  142.086
  64.162  151.986
  68.706  145.560
  67.628  155.023
  66.028  162.282
  69.908  159.103
  70.417  151.168
  70.229  152.048
  66.429  151.576
  54.535  152.937
  54.070  145.114
  79.697  141.316
  74.043  147.558
  68.467  144.953
  71.004  139.364
  59.500  153.464
  69.930  148.663
  63.769  153.120
  71.905  159.329
  62.147  153.350
  58.284  160.431
  74.947  144.100
  73.342  149.127
  71.435  140.904
  76.621  162.281
  75.590  152.782
  83.105  147.035
  63.896  155.134
  59.857  141.650
  57.465  147.030
  75.918  154.347
  71.102  158.901
  65.631  153.993
  61.693  150.581
  66.387  159.524
  62.530  150.071
  70.141  145.979
  73.391  156.645
  70.681  143.139
  58.069  158.223
  63.756  172.599
  73.708  149.844
  62.421  153.103
  66.192  148.293
  73.657  151.594
  79.852  149.367
  57.513  147.988
  72.939  150.640
  64.051  143.919
  61.473  154.375
  69.730  153.226
  53.156  153.416
  77.067  154.169
  61.003  149.096
  75.945  151.969
  52.476  140.767
  60.000  159.929
  60.385  134.761
  69.150  148.356
  62.607  156.374
  71.614  137.232
  66.871  162.995
  63.548  159.407
  65.416  137.448
  70.242  153.510
  73.836  147.368
  59.776  147.782
  66.863  155.602
  56.173  160.727
  71.472  139.938
  62.850  153.518
  70.741  144.632
  80.012  167.765
  53.270  152.444
  78.866  141.908
  74.505  155.233
  73.506  151.587
  68.393  144.456
  57.853  148.261
  57.234  143.741
  81.632  155.901
  80.990  154.788
  66.235  160.486
  59.292  160.320
  81.726  151.777
  65.057  160.740
  67.018  157.734
  68.974  155.147
  64.798  153.546
  70.005  145.207
  58.878  156.547
  70.324  156.430
  78.491  144.055
  67.984  152.141
  65.428  147.985
  66.526  143.909
  66.862  145.344
  78.168  162.832
  60.496  144.903
  65.432  154.412
  68.601  153.331
  59.544  154.712
  75.148  131.523
  62.199  152.474
  48.427  160.044
  59.773  151.606
  64.593  145.862
  68.497  140.126
  68.591  143.112
  73.258  148.632
  75.270  154.483
  67.777  157.586
  64.883  154.377
  63.976  139.958
  80.867  151.691
  54.374  156.445
  67.641  159.280
  67.607  154.397
  66.052  156.326
  69.323  175.549
  75.043  152.357
  58.288  153.526
  73.426  148.193
  70.202  148.050
  60.438  152.266
  58.755  148.665
  61.689  154.409
  67.004  152.426
  70.018  158.304
  63.852  154.669
  65.181  142.143
  76.035  140.537
  75.299  153.751
  70.843  160.920
  68.302  149.687
  72.486  160.379
  64.133  167.864
  81.499  156.447
  68.416  157.365
  76.730  151.895
  61.451  147.032
  67.187  154.962
  71.694  144.983
  76.029  150.611
  62.187  148.277
  58.223  151.528
  72.027  165.017
  77.370  150.284
  66.490  144.574
  57.969  149.410
  62.369  153.270
  65.407  152.934
  56.576  150.133
  65.310  158.036
  56.808  146.573
  76.270  152.088
  57.201  164.671
  65.935  156.785
  51.892  141.421
  76.743  155.897
  73.238  161.076
  77.234  137.779
  74.931  168.729
  75.064  136.531
  80.246  146.971
  65.921  163.668
  64.888  152.761
  76.038  151.083
  69.435  157.745
  67.744  144.657
  74.344  145.206
  72.776  147.973
  66.536  167.997
  59.308  151.676
  70.644  151.877
  65.414  164.265
  69.135  149.203
  73.444  143.832
  76.273  157.610
  63.100  146.694
  68.999  151.029
  79.993  157.189
  66.463  156.710
  68.984  159.088
  78.885  142.979
  68.344  163.629
  63.573  150.920
  67.542  153.030
  66.854  155.561
  67.992  168.336
  73.600  139.750
  78.916  148.339
  76.213  146.138
  68.329  145.071
  74.559  148.439
  65.417  147.875
  69.762  144.771
  60.553  150.555
  68.144  165.520
  69.603  164.384
  65.391  142.226
  68.464  145.068
  68.211  156.242
  68.837  165.441
  73.858  158.059
  58.558  146.679
  60.437  155.537
  66.800  150.383
  75.568  141.218
  71.131  149.953
  70.378  153.113
  71.691  152.554
  51.979  152.158
  79.394  139.001
  68.721  161.025
  73.679  152.552
  66.676  159.826
  62.355  157.362
  66.972  148.003
  83.241  151.371
  65.426  133.455
  67.781  146.231
  59.601  136.883
  90.016  148.404
  51.139  165.987
  55.773  136.989
  71.476  150.488
  63.701  148.037
  70.311  143.148
  64.616  145.056
  56.735  150.209
  74.191  157.369
  63.804  139.086
  69.390  151.732
  66.422  165.232
  66.815  152.522
  64.138  161.776
  68.185  157.374
  58.653  154.390
  76.942  152.012
  75.221  149.543
  73.274  142.140
  68.421  148.490
  71.264  144.704
  74.976  156.301
  72.066  164.931
  70.456  168.103
  69.891  147.702
  69.315  144.803
  56.853  154.780
  59.129  148.652
  71.508  153.198
  68.586  149.995
  58.232  146.264
  71.265  145.932
  68.118  158.043
  74.185  147.083
  65.420  140.977
  62.626  142.565
  79.389  151.045
  72.681  154.740
  69.690  154.461
  57.233  152.614
  78.494  139.245
  73.519  158.581
  73.125  155.661
  63.141  153.132
  64.943  151.625
  67.054  145.843
  69.057  155.668
  71.375  154.313
  70.393  164.283
  73.172  153.338
  62.549  165.586
  52.577  153.859
  67.675  160.252
  72.499  149.449
  60.448  130.284
  62.079  166.164
  68.371  148.263
  70.791  148.858
  60.076  155.253
  73.973  139.284
  56.004  152.982
  72.621  151.741
  82.993  150.282
  75.380  160.013
  57.794  149.951
  73.847  152.932
  65.804  149.193
  69.830  156.987
  68.723  163.417
  69.576  148.736
  64.367  148.695
  70.344  149.153
  73.086  155.624
  68.114  152.374
  68.596  144.207
  63.444  163.349
  75.058  149.058
  65.777  154.115
  67.279  140.218
  63.365  144.192
  64.308  146.736
  76.468  155.544
  62.338  150.384
  61.027  140.052
  69.848  154.246
  56.623  159.450
  73.252  148.040
  67.536  142.593
  61.224  156.616
  60.332  151.472
  68.420  149.300
  64.049  137.286
  71.258  149.247
  69.849  139.565
  64.783  152.418
  59.621  152.038
  74.412  162.942
  77.896  156.858
