-104.244  132.779
-107.773  139.907
-109.389  136.977
 -93.800  150.345
 -97.631  138.358
-110.228  135.431
-100.897  130.053
-106.827  128.463
 -93.867  146.952
-107.864  141.413
 -99.795  124.137
 -93.123  134.088
-105.600  121.866
-108.918  126.034
 -98.786  123.658
-103.431  129.716
-101.288  131.867
 -98.152  125.185
 -92.923  118.712
-107.599  140.401
-105.726  119.133
 -93.440  138.044
 -97.105  145.258
-105.256  111.454
 -96.223  144.530
 -99.872  145.291
-108.956  137.839
-112.446  138.580
-117.621  142.386
-120.503  149.124
 -99.180  133.286
-108.198  134.175
-100.244  130.058
-109.982  135.620
 -95.419  128.842
 -92.758  142.075
-109.000  116.449
-104.355  127.471
-116.778  157.011
 -96.910  139.069
-109.014  129.945
-128.866  146.324
-104.212  134.710
-111.469  138.114
-109.222  134.692
-119.656  134.737
-120.407  143.653
 -92.703  132.980
-127.596  145.517
-111.411  138.420
-118.315  130.694
-117.294  137.548
 -92.775  152.268
-108.197  122.726
-117.461  114.079
-127.077  125.651
-103.758  124.063
-121.427  131.703
-115.427  121.412
-103.374  138.881
-117.278  128.719
 -99.179  144.171
-109.117  123.942
-107.986  129.370
-121.156  143.195
-105.542  143.492
-100.966  125.803
-109.712  142.049
 -99.606  137.831
-103.916  136.084
-102.186  142.113
 -97.078  144.017
 -91.476  144.267
-108.360  125.217
-110.781  149.506
-113.005  141.310
-112.349  137.454
-105.279  146.752
-109.874  139.664
 -94.138  148.688
-103.285  140.058
 -90.705  131.354
-116.982  121.113
-100.474  151.429
 -91.352  128.941
-127.484  144.892
-125.604  139.614
 -97.184  143.401
 -96.767  116.732
 -90.466  134.859
 -99.374  131.423
 -93.279  142.654
-109.525  132.886
-110.980  135.135
-105.926  131.924
 -90.596  135.115
-111.037  142.055
 -96.501  133.179
 -88.432  129.728
 -92.416  141.223
 -95.423  118.688
-113.109  132.251
-108.541  143.707
 -91.354  150.641
-107.635  138.520
 -91.389  137.879
 -98.636  136.490
 -94.717  126.191
 -92.629  141.866
-106.243  142.989
 -99.589  126.403
-122.267  140.283
-102.496  143.292
 -93.647  135.328
 -97.675  122.060
-126.548  119.886
-105.538  132.377
 -91.584  139.191
 -95.650  131.906
-107.851  135.348
-103.431  136.399
-110.702  145.582
-107.935  152.242
-102.581  137.314
 -96.122  140.637
-106.324  127.947
-101.978  124.490
-102.688  141.894
-111.756  136.009
 -95.983  126.535
-110.914  127.940
-100.146  139.393
 -99.422  124.689
-127.055  132.733
 -99.298  143.893
 -94.588  126.101
 -95.737  146.818
-117.153  138.853
-117.171  131.757
-101.948  140.986
-108.237  125.810
 -99.491  139.810
-101.215  138.148
-122.151  134.128
 -82.453  140.973
-101.337  128.932
-100.582  127.270
-109.726  133.012
-115.993  133.155
-112.142  132.598
 -97.768  137.151
 -89.576  127.289
-107.091  133.119
-116.776  142.821
-103.487  128.999
 -97.311  129.701
-107.341  136.444
-106.492  135.671
-101.768  143.799
-105.468  126.257
-105.125  133.097
-105.571  126.678
 -99.323  129.349
-103.687  141.922
-119.075  140.287
 -85.006  127.110
-101.479  124.462
-108.006  145.108
 -97.339  134.240
-104.184  148.126
 -94.158  154.352
-101.376  135.480
-100.453  142.102
-103.501  128.443
-111.859  129.140
-111.054  137.389
-102.531  133.443
-109.031  136.904
-110.214  123.657
-106.267  131.387
-118.911  128.972
-107.588  143.790
-120.755  144.055
-118.878  132.463
 -97.799  129.726
-124.991  130.227
-100.074  129.008
-119.159  130.732
 -99.038  125.692
-107.032  146.334
-103.766  143.662
-103.987  131.303
 -99.905  127.847
-103.407  154.742
-127.289  138.755
-111.040  153.233
-100.284  149.623
 -95.927  132.217
-110.144  123.589
-102.801  130.254
-106.511  129.157
 -86.766  140.456
 -95.785  131.696
 -99.684  137.741
-129.109  131.970
 -87.568  134.102
-100.403  128.048
 -97.428  131.654
-108.792  125.231
 -99.305  125.402
-102.905  137.252
 -97.459  133.886
-101.413  136.062
 -95.387  123.231
-108.237  116.129
 -98.436  130.427
-123.536  149.874
-104.182  143.604
-104.929  127.651
-109.477  123.333
-105.795  139.043
 -91.954  130.570
 -89.965  137.968
 -84.269  130.483
-114.506  129.490
-118.028  122.763
 -97.021  125.837
-113.590  139.487
-110.260  145.061
 -93.880  145.220
-114.956  155.308
 -96.105  133.295
-114.012  119.485
 -88.734  137.064
-106.727  143.231
-100.843  128.736
 -97.850  139.237
-109.591  145.464
-103.354  138.143
-109.569  122.828
-128.200  131.384
 -95.868  131.437
 -94.079  139.397
-102.039  146.709
-105.918  123.971
-101.971  124.499
-101.817  132.206
-109.068  127.186
-113.245  121.196
 -93.327  127.475
 -96.690  122.764
-116.635  128.565
-109.960  137.452
 -87.875  151.034
 -91.538  134.800
 -98.008  134.802
 -94.774  145.459
-120.338  143.798
 -97.342  147.157
 -93.964  143.873
 -91.564  125.076
-114.332  125.307
-109.645  132.206
-114.624  139.635
 -87.061  137.681
-129.802  141.145
-109.290  130.725
-123.268  117.977
 -98.739  140.874
-101.525  131.829
-110.827  123.220
-102.241  140.815
-109.368  127.107
-106.265  133.281
-120.733  135.352
-104.431  127.323
-109.236  133.530
-111.198  148.516
-108.908  120.278
-104.570  144.682
-104.362  150.575
 -92.598  125.790
 -98.935  150.629
 -87.908  150.608
-107.640  120.725
-106.200  136.779
-102.809  144.448
 -94.673  128.147
-100.850  149.146
 -86.999  153.072
-104.118  145.819
 -89.160  124.161
-136.870  128.337
-108.587  131.442
-125.543  115.621
-123.991  128.381
-110.949  133.690
-115.932  128.498
-119.175  131.278
 -98.605  131.165
-115.135  140.120
-101.188  127.424
-116.171  148.742
-104.814  148.640
-100.539  142.170
-110.916  133.065
 -98.290  129.159
-105.956  136.841
-116.569  123.785
-103.637  136.068
 -86.569  137.717
-114.354  152.077
-100.362  142.843
-103.643  139.937
 -96.742  128.068
 -85.672  147.165
-100.835  145.741
-111.061  117.284
-107.909  127.866
-107.348  139.844
-113.195  132.316
 -99.449  133.606
-101.254  140.653
 -99.406  134.330
-114.093  133.501
-112.129  138.164
 -98.972  136.802
-110.113  125.688
 -95.301  125.509
-101.251  142.633
-105.218  132.434
 -97.418  150.311
-110.165  140.359
-116.404  134.329
 -95.531  120.945
-117.590  138.764
-104.416  119.440
 -92.546  127.257
-125.459  132.983
 -94.475  148.454
-101.074  133.819
-102.643  138.141
 -99.469  142.586
-110.537  132.289
-121.633  134.535
-106.551  132.781
 -92.034  130.860
-102.962  132.789
-102.574  111.501
-109.640  121.280
-104.392  122.650
-113.110  134.159
 -99.574  131.158
-102.125  133.847
-105.216  148.931
 -97.635  145.081
 -94.853  140.612
-106.252  128.535
 -99.095  138.197
-119.561  122.507
-115.471  135.555
-105.243  139.530
-114.593  144.925
-112.599  128.186
 -89.793  142.404
-101.791  146.528
-126.770  137.237
-102.560  127.988
 -97.096  127.774
-120.757  128.300
 -98.093  136.552
-103.772  134.445
 -95.982  146.571
-104.144  119.731
 -97.409  124.804
-111.101  135.193
-108.497  148.812
-119.245  105.179
-108.730  127.916
-103.064  132.683
 -94.095  122.512
-105.605  133.531
 -93.611  137.410
-104.303  123.820
-101.412  128.075
 -95.460  144.778
-101.066  127.013
 -93.178  133.192
-104.409  136.518
-108.758  122.888
 -88.546  121.067
 -95.474  139.516
-101.502  146.550
 -97.859  137.098
-103.048  138.149
-115.432  143.304
-102.546  135.661
 -99.917  121.603
-121.069  134.357
-110.226  142.906
-100.973  142.481
 -95.661  138.677
-101.328  129.766
 -93.411  132.871
 -98.378  130.467
 -95.721  149.646
 -95.080  147.908
-112.170  153.584
 -94.881  147.110
-117.654  128.429
-105.537  139.561
 -98.804  121.976
-105.493  144.254
-128.636  122.985
 -84.016  136.600
-124.065  129.636
-114.734  145.810
 -89.967  139.076
-100.330  140.799
-110.453  124.912
-120.420  116.362
-103.435  146.197
 -92.970  146.212
 -93.872  136.710
-109.551  124.473
 -95.289  150.986
-111.284  120.733
-106.453  141.737
 -97.807  134.057
 -97.395  127.277
-103.047  134.181
-113.663  148.031
 -90.601  128.532
-107.444  123.281
 -99.964  141.319
 -95.235  135.496
 -97.997  141.311
-109.002  134.487
 -98.247  136.926
-117.855  137.475
-126.877  133.883
-110.037  122.270
 -99.507  142.489
-105.790  133.802
-109.654  119.320
-113.460  145.967
-107.439  127.536
-102.876  141.987
 -98.099  135.310
 -99.900  125.377
 -91.046  140.165
 -85.831  132.004
-105.459  136.117
-106.446  141.422
 -98.289  133.685
-109.698  139.214
-100.936  126.841
-133.265  141.004
-105.599  137.352
-118.307  130.327
 -98.499  122.060
 -97.497  139.095
 -97.142  139.056
-123.744  137.823
-113.314  134.120
 -96.946  141.371
-101.617  133.192
 -98.706  133.725
 -90.601  141.643
 -78.501  146.195
-103.812  140.233
-102.637  130.955
 -83.598  142.317
-107.579  124.829
-115.422  130.633
-103.192  145.907
-105.863  133.244
 -93.624  132.947
 -98.200  135.764
-100.792  138.365
-101.797  145.514
 -97.135  130.701
 -97.495  150.939
 -97.464  128.388
-100.544  152.436
 -99.411  136.648
-126.766  127.872
-130.506  138.421
-105.672  149.044
 -99.822  137.876
-104.039  131.801
-102.506  140.930
-104.832  136.488
-100.408  127.304
-106.074  126.794
-103.982  119.815
-113.839  145.503
 -91.007  129.199
 -98.466  132.095
 -95.048  144.660
 -83.451  137.612
-105.801  132.843
 -99.317  135.101
 -91.383  119.229
 -90.717  130.489
-120.664  143.399
 -93.311  132.072
-102.382  133.968
-109.080  136.511
-103.356  136.198
 -99.956  128.509
-108.552  124.286
-107.656  130.179
-117.554  128.692
 -91.916  129.568
-114.065  116.613
-121.013  136.342
-101.877  127.494
-104.377  145.797
-109.973  125.801
 -93.251  133.138
-107.224  133.987
-102.036  125.239
-117.220  132.020
 -90.636  123.003
-114.849  134.441
-117.028  124.848
 -99.555  131.941
-126.657  146.006
 -98.524  137.851
-110.465  132.877
-109.935  125.741
-126.097  139.644
 -98.850  131.788
-107.282  144.614
-101.831  148.110
-106.476  151.026
-102.643  147.524
-111.169  135.950
-101.478  127.855
 -96.032  135.019
-104.238  131.047
-100.328  122.016
 -97.034  131.585
 -94.029  123.945
-105.993  146.014
-120.325  124.342
-112.961  130.003
-101.500  148.705
 -96.959  146.433
 -93.653  142.786
 -92.608  132.735
-109.537  135.580
-104.914  145.144
-102.423  144.585
 -93.200  149.016
-106.513  131.997
 -87.552  137.957
 -91.086  139.932
-117.266  125.173
-101.300  145.106
 -93.381  134.142
-108.616  137.094
-105.369  139.321
-121.127  123.674
-109.706  129.479
-112.579  127.744
-102.547  142.719
-118.322  116.949
 -88.831  138.592
-101.448  142.356
 -96.796  130.442
-118.574  136.640
-102.720  129.458
-118.693  119.234
 -96.991  128.938
-107.525  134.302
 -94.586  117.957
-102.152  141.231
-113.577  137.538
 -94.060  127.482
 -95.390  141.024
-107.296  142.983
-104.158  128.876
-107.040  145.467
-109.817  125.958
-109.318  116.333
-110.724  138.084
-114.599  126.076
-109.176  126.844
-100.259  125.218
-118.979  126.906
 -93.030  129.222
-105.698  140.853
-102.682  147.083
-114.424  136.534
-102.123  147.445
 -95.512  132.030
-123.806  153.387
-101.215  134.101
-105.648  134.349
 -97.432  132.732
-113.539  131.253
-120.291  126.628
-109.937  136.501
-105.899  143.139
-117.246  139.233
 -97.696  154.111
-112.367  134.291
 -98.348  142.310
 -99.210  126.767
-112.699  132.936
 -96.124  139.878
 -89.219  122.254
-114.583  144.021
-135.401  142.190
 -99.776  131.924
-108.361  130.817
-104.951  131.991
 -87.629  129.692
-110.002  129.299
-112.298  146.900
-125.443  136.186
-107.191  126.599
-100.965  141.340
-106.896  145.366
-108.955  146.641
 -99.468  146.238
-102.659  139.111
-104.636  130.994
-122.119  143.862
 -98.540  136.087
 -92.571  133.173
-106.498  128.667
-102.740  135.785
-104.700  137.244
-101.623  121.992
 -99.170  142.322
-107.866  140.309
-103.164  136.230
 -84.506  131.261
-118.924  141.091
-103.225  143.738
 -98.613  137.607
-113.396  116.289
-112.975  134.050
-108.563  151.799
-100.496  154.359
-105.484  130.547
-104.417  124.223
-111.182  121.962
-112.021  118.125
-110.465  142.150
 -99.306  133.152
-111.163  125.818
-104.807  133.330
-120.438  119.053
-100.492  140.282
-109.967  126.261
 -92.350  127.679
-106.550  135.301
-102.496  139.942
-111.342  130.901
-112.912  139.892
-123.966  116.286
-103.369  128.239
-111.846  127.320
-117.964  130.072
 -98.866  141.191
-101.457  123.974
 -90.189  144.661
-131.293  131.929
-101.379  132.926
-106.269  120.502
-107.577  130.872
-112.463  130.610
 -84.823  131.610
 -93.914  127.653
 -95.481  148.002
-102.895  142.361
 -95.484  133.287
 -91.104  139.479
-108.278  124.054
-113.228  124.663
-109.678  133.479
 -74.122  149.064
-103.910  147.666
-105.922  138.970
-112.433  135.244
-103.359  137.353
 -91.321  127.281
-104.874  130.320
-117.538  145.056
 -94.785  137.585
-109.825  123.983
 -97.853  138.070
-118.909  142.739
-104.350  129.254
-104.391  141.033
-110.291  124.042
 -98.490  138.176
-122.620  122.410
 -96.357  136.763
 -99.624  128.671
 -99.408  143.366
 -94.510  138.014
 -95.285  122.497
-111.909  143.798
-103.936  119.318
-115.383  129.940
 -94.899  145.838
-120.492  142.187
 -97.784  129.267
 -96.442  141.144
-133.000  125.502
 -91.509  127.634
 -98.291  139.084
-105.714  143.013
-111.669  131.555
 -93.514  139.067
 -98.533  135.109
-105.123  132.900
-110.222  143.599
 -90.326  140.880
-103.076  147.813
-104.126  133.493
 -97.164  141.177
 -96.988  137.018
-113.582  126.928
-106.834  135.676
-129.077  132.727
-130.519  144.874
-109.428  134.666
 -87.048  143.402
 -94.188  134.453
-100.130  123.923
 -94.691  141.357
-113.798  150.089
 -97.333  134.437
-106.077  125.595
-101.112  128.699
 -93.185  148.102
-110.094  121.951
-103.508  150.399
 -96.460  139.334
 -98.140  139.258
-108.323  122.657
-106.979  152.649
-105.706  132.331
-109.057  137.219
 -98.119  134.263
-102.225  129.713
 -99.770  121.986
 -96.512  130.953
-119.715  126.864
 -97.786  130.846
-110.466  144.160
-109.995  127.695
-128.082  143.183
-117.713  112.106
-106.839  144.433
-105.356  147.349
-103.479  148.463
 -94.401  124.988
 -92.183  130.970
-108.978  121.109
 -93.290  138.524
 -99.410  135.846
-129.797  142.060
-100.247  127.311
 -95.858  137.417
 -87.056  131.188
-111.197  132.049
 -94.691  134.207
 -95.054  125.323
-102.867  119.426
 -95.855  143.492
 -94.669  119.019
-101.002  132.151
-106.397  140.962
-104.380  129.930
-109.032  136.597
-102.861  132.667
-102.305  122.578
-103.135  118.868
 -93.591  140.058
 -87.393  135.337
 -97.791  131.430
 -97.765  148.014
 -83.771  138.874
 -87.939  139.656
-112.717  139.240
 -95.253  128.517
 -95.663  124.813
 -94.445  120.014
 -98.246  127.757
 -96.521  121.348
-112.826  121.305
 -99.859  138.602
 -95.065  137.480
-101.438  124.990
-105.419  130.080
 -96.310  130.420
 -96.378  136.382
 -91.842  145.339
 -98.069  146.440
-119.562  118.481
-119.418  138.612
-101.395  147.294
-100.328  142.228
-115.591  128.026
-108.470  133.490
-105.100  142.712
 -91.680  131.709
 -84.835  140.433
 -91.519  133.865
-101.230  129.598
-109.191  147.177
 -97.603  127.843
 -99.532  132.663
-100.766  116.762
-107.740  120.255
-110.642  131.321
 -94.693  119.534
-109.858  130.106
-124.055  135.158
-104.880  106.167
 -97.447  140.300
-103.199  145.401
 -99.610  124.124
-100.302  142.150
-100.368  147.044
-110.208  152.157
-108.800  137.569
-118.255  139.422
 -99.652  124.125
-116.662  127.830
-119.031  126.605
-102.111  129.362
-112.904  120.785
-127.730  139.019
-117.364  127.301
-106.984  116.233
-102.244  138.868
-113.077  125.796
-110.793  126.215
-129.542  122.452
 -96.360  128.035
-110.400  147.578
 -96.066  143.022
-102.388  131.082
-108.842  136.752
-101.006  133.708
-112.581  125.824
 -94.992  140.358
-106.330  137.922
-109.557  113.549
 -93.873  127.742
-102.862  144.385
-111.193  127.209
-112.339  140.036
 -94.022  137.037
-110.193  130.795
-108.497  117.008
 -99.254  142.976
-108.512  141.477
-108.940  130.702
-117.349  130.972
-101.605  137.116
-115.417  131.229
-109.842  124.106
-107.968  132.875
-108.823  143.931
-103.878  125.183
 -90.584  133.840
-100.532  140.219
-103.270  132.696
 -96.466  136.625
-102.331  136.437
-105.716  113.285
-111.635  144.061
-103.292  143.088
-112.237  133.426
-114.646  128.282
-100.660  133.522
-108.578  145.627
-104.370  138.657
 -97.930  132.840
-114.655  130.595
 -97.212  139.413
 -88.228  139.374
 -94.856  140.141
 -98.712  134.435
-100.330  135.105
 -94.720  133.280
 -86.215  131.460
 -84.843  139.883
-104.421  132.516
-115.608  130.289
 -99.409  144.403
-102.832  154.370
 -92.247  136.172
-102.389  142.774
-100.149  139.541
-119.977  133.424
-121.274  138.021
-102.166  132.366
-107.721  150.119
-107.997  140.590
-118.119  135.678
 -90.040  143.860
 -91.161  138.641
-105.288  146.328
-109.193  129.702
 -94.624  135.611
-102.785  128.068
 -98.269  134.518
-103.812  121.711
-109.012  142.615
-111.923  122.824
 -95.551  137.693
 -94.323  121.311
 -97.273  145.886
-117.834  142.830
-101.594  135.545
-101.050  146.296
-116.251  131.878
 -99.726  141.311
-112.180  140.013
 -99.247  133.388
-115.914  133.885
 -91.916  141.694
 -97.157  139.758
-102.273  131.033
-101.242  127.046
-109.536  120.569
-105.423  141.067
-107.465  142.336
 -94.393  129.427
 -98.058  136.248
-107.141  136.977
-118.844  137.122
-100.026  119.739
-101.132  136.034
 -98.524  137.415
-112.103  122.251
-108.345  143.659
-109.617  140.825
 -93.998  131.465
 -97.788  132.431
-126.266  137.688
-110.876  122.307
 -94.657  144.887
-101.632  136.476
-103.320  121.525
 -93.833  136.697
 -96.680  128.614
 -94.485  140.401
-106.812  114.200
 -94.014  153.692
-107.418  124.695
 -85.739  136.703
-119.854  133.179
 -94.009  130.945
-115.895  144.139
 -98.115  130.976
 -97.990  142.817
-116.064  119.014
-112.874  147.215
 -97.879  140.289
 -95.930  135.750
 -92.683  138.990
-121.599  136.063
-107.068  140.120
-102.779  151.076
-104.939  137.815
 -94.284  139.790
 -97.277  134.822
 -96.447  145.728
 -81.587  139.112
-106.888  147.152
-105.373  128.529
-106.234  131.127
 -98.148  132.818
-105.880  127.281
 -88.247  136.200
 -95.882  139.288
 -96.360  126.433
-108.018  133.910
 -88.788  138.268
-121.929  131.969
-108.503  140.496
 -99.974  134.821
 -99.646  146.210
 -96.835  125.310
-109.214  136.885
-105.428  146.178
-111.268  136.225
-107.680  122.340
 -99.396  140.160
