 175.017  135.793
-178.840  150.064
-174.112  142.874
 172.248  152.264
-164.139  158.891
-172.743  151.262
-174.728  150.411
 173.383  142.573
-178.844  157.007
 176.054  155.828
 176.331  148.976
-175.864  153.434
-168.427  154.854
-161.078  154.115
-174.484  154.555
-167.086  151.406
-173.624  146.027
-175.001  153.671
-178.161  153.468
-170.713  140.781
 179.780  161.492
-168.038  151.414
-176.426  143.425
-171.549  142.571
-166.616  149.824
-164.259  150.696
-169.949  145.738
-174.245  147.075
 179.200  147.464
 172.969  152.649
 173.151  151.548
 177.643  153.276
 177.295  171.215
-179.445  146.711
 179.907  141.099
 170.254  145.683
-166.212  156.419
-175.356  149.630
-170.384  162.724
 174.653  143.368
 166.856  156.568
 172.800  150.877
-176.661  158.204
-173.504  154.552
-176.285  145.498
-162.822  153.631
-168.840  142.248
-179.135  165.950
-162.501  153.588
-167.269  156.026
-162.254  152.525
 173.285  142.416
 174.538  164.160
-179.956  147.407
-170.023  158.413
 176.883  146.062
-177.840  154.300
-175.454  139.060
 172.988  144.011
-172.261  161.313
 174.446  152.925
-171.140  161.586
-162.070  145.572
-174.200  152.522
-176.885  144.063
-178.613  159.302
-179.836  154.710
-157.768  149.274
-179.594  135.415
-176.015  144.753
-175.005  157.096
-174.888  160.771
-177.204  159.459
-179.712  149.845
-179.480  145.568
-175.914  149.852
 173.227  138.547
 171.992  157.837
-168.781  147.103
-164.576  156.329
 173.935  149.533
 177.826  147.231
-177.484  137.558
-171.737  153.690
 174.616  146.974
-172.086  164.205
 179.886  151.086
-176.019  158.553
-169.336  161.075
-167.204  147.859
-173.968  146.619
 178.167  143.577
-165.264  140.001
 171.977  135.415
 177.772  149.535
-172.177  151.329
-164.081  148.321
 175.722  144.847
-177.326  146.916
-177.111  138.556
 176.913  153.224
-179.220  142.423
 179.914  141.332
 175.843  158.507
 170.160  146.680
 179.484  138.594
-171.864  154.598
 168.844  147.521
-179.484  144.653
 171.896  153.670
-167.890  157.496
 178.180  153.343
-169.362  155.804
-177.183  136.420
-178.699  157.093
-173.031  148.007
 174.425  145.434
-174.416  165.336
 173.205  146.640
-169.963  147.583
-171.066  149.441
-158.490  152.730
 175.807  149.831
 177.029  152.397
-175.069  158.045
 171.355  161.675
-162.419  143.783
 178.895  147.469
 165.084  133.745
 178.356  147.609
-175.030  161.458
 167.594  158.707
 173.980  160.568
-172.195  153.355
-165.707  147.152
-166.202  154.751
-179.602  136.142
-178.295  149.228
 169.982  157.959
-176.907  153.144
-179.084  161.996
-169.830  152.811
-166.365  150.240
-165.741  162.107
 176.102  153.158
 179.055  154.887
 174.403  159.431
-178.606  149.025
-171.457  159.278
-175.617  159.779
 173.772  144.824
 173.410  140.927
-175.282  161.182
-172.671  153.198
 178.727  144.771
-179.405  143.840
 175.575  152.774
 178.087  148.602
-174.130  143.193
-165.261  158.278
-173.177  153.406
 176.932  143.237
 169.613  136.861
-170.819  159.272
 176.393  144.427
-171.301  140.058
 168.483  140.929
 179.642  159.020
 175.513  144.832
-174.740  163.517
 173.301  163.373
 175.473  144.189
 175.355  141.987
 176.973  157.979
-157.579  148.582
-178.567  161.915
-170.095  145.654
-174.182  161.468
-154.094  151.927
-178.621  152.847
-173.691  148.892
-175.544  143.116
-176.852  140.795
 162.401  146.918
-177.095  146.486
 172.975  149.940
-179.552  156.782
-172.687  155.465
 177.305  168.685
 179.282  155.008
 160.615  154.874
 179.883  144.770
-178.550  147.911
-179.692  158.933
-175.184  141.655
-173.348  154.235
-159.581  139.052
 174.871  155.142
 176.393  145.403
-166.248  159.370
-173.897  152.896
-174.038  149.056
-166.176  151.098
 167.959  151.702
-153.975  144.234
 169.819  146.203
 179.779  149.180
 172.963  154.669
 175.075  147.802
-170.005  151.476
-173.742  150.792
-175.860  138.594
 176.281  150.237
-176.063  146.631
-177.507  146.271
-176.467  159.610
-178.543  151.103
-159.663  146.811
-179.021  157.461
-173.193  147.354
-176.208  149.699
 179.784  152.207
-175.767  143.820
 179.067  133.532
-165.183  150.525
-178.031  149.874
-171.210  148.374
 177.665  154.772
-178.576  147.027
-170.484  157.677
 169.302  152.356
-168.720  145.628
 179.461  156.438
 179.481  155.075
-172.882  149.297
-177.274  157.866
 174.407  153.954
-173.604  159.222
-165.699  146.071
 170.855  153.072
-175.874  165.920
-175.577  147.458
 169.868  160.841
-165.431  155.183
 178.589  146.179
-170.304  141.357
 179.675  149.659
-177.544  149.720
-174.473  166.045
-176.645  146.059
-161.755  160.550
 170.482  153.550
-170.634  153.423
 179.477  145.460
-176.202  144.948
-165.504  160.314
 169.924  134.294
-172.549  139.599
 174.841  164.591
-167.673  152.511
 168.026  149.074
-170.580  157.127
-178.466  141.053
-168.443  146.553
 167.290  149.050
-179.888  151.313
 177.838  148.312
-177.720  155.282
-174.779  160.057
-175.601  157.568
 168.583  156.530
-179.966  150.425
-172.506  149.303
 179.532  149.908
-176.707  154.089
-169.367  152.135
 178.342  140.710
-171.173  152.038
 178.114  150.986
 169.842  155.346
 177.214  141.509
-173.465  147.565
-176.206  153.101
 174.615  146.857
 176.658  160.933
-175.964  145.643
-167.713  153.821
 178.419  159.260
 168.943  136.510
 173.326  142.443
-171.401  151.797
-176.040  141.521
-170.965  144.798
 170.093  156.067
-175.071  140.990
-156.829  148.645
-174.928  159.880
-176.560  133.396
-172.664  150.030
-172.242  155.095
-176.777  148.335
-176.601  158.319
 177.934  152.579
 175.702  153.439
 166.692  159.305
-175.700  160.192
-167.381  148.809
-170.478  157.055
 176.704  148.656
 174.804  144.125
 175.171  143.850
 173.855  152.085
-178.900  154.991
-175.762  159.173
-174.919  134.799
-177.166  151.824
-175.632  152.022
 178.739  151.496
-172.641  148.130
-171.223  144.456
-172.737  149.677
-178.250  142.104
-173.388  147.387
 175.943  151.592
 177.835  144.793
-171.029  141.697
 178.711  139.007
-170.056  152.900
-173.389  148.765
-178.916  144.809
 177.025  142.355
-159.890  137.344
-175.928  140.951
-177.273  147.910
-165.911  150.289
-176.655  158.480
-177.395  148.475
-170.667  154.200
-179.065  143.379
-168.620  147.550
-171.380  158.880
 174.533  143.554
-175.292  160.790
 174.544  147.059
-170.129  149.055
 175.410  148.599
-167.654  158.678
-174.943  145.835
-173.382  156.158
-178.534  146.518
-166.068  160.939
-177.682  154.655
-170.788  153.290
 179.009  157.371
 176.364  150.057
 179.804  147.241
-170.991  155.727
 173.018  144.145
-165.807  146.876
-163.417  151.205
-170.370  151.203
-177.336  154.171
-170.524  150.884
-170.923  149.189
 172.927  143.155
-174.434  172.249
-178.405  150.496
 168.637  145.667
 176.841  151.693
 174.079  155.116
-170.405  144.892
-165.054  149.338
-177.035  150.848
-169.237  152.528
-165.448  157.991
-166.948  145.838
-176.081  147.745
 173.685  140.415
-173.844  130.475
-178.415  158.281
-179.406  155.614
-173.133  153.836
-169.203  151.519
 171.292  149.262
-179.708  137.958
-176.470  141.228
 178.276  149.881
-171.342  147.084
 178.364  154.151
-162.431  150.934
-176.382  155.070
-174.330  148.745
-169.541  154.190
-178.992  149.557
-170.423  154.364
 164.724  144.699
-170.166  146.116
-179.926  142.907
-155.850  154.232
-171.318  146.742
 174.555  135.203
-164.022  155.407
-166.914  149.751
-171.643  153.720
 173.487  151.065
 174.312  152.048
-162.420  142.357
 166.734  144.563
-177.483  160.112
-161.670  151.910
 176.741  152.054
 174.124  151.474
-166.747  160.845
 176.352  149.029
 178.714  146.219
 163.835  157.655
-170.575  150.188
-178.964  150.320
 178.190  151.686
-164.784  150.505
-158.861  153.818
 165.958  152.887
-173.179  147.522
-169.714  151.904
-171.960  151.419
 177.444  134.756
-173.842  151.045
-178.385  157.368
-176.204  144.014
 176.845  149.302
 173.033  152.327
-176.762  154.882
-172.263  150.851
 171.943  147.624
-165.137  151.091
 178.292  145.317
-171.888  151.795
 177.441  147.140
-170.771  152.686
-179.358  143.752
 172.930  157.958
-173.293  144.218
 176.147  146.622
 170.465  158.727
-157.742  161.100
-169.366  158.851
-178.003  155.195
-170.895  148.433
-178.454  149.185
 177.676  148.740
-172.175  148.702
-166.508  163.801
 175.523  148.640
-166.776  144.700
 176.346  158.404
-178.143  155.150
 174.249  140.842
-170.308  156.688
-179.952  144.447
-176.414  144.272
-178.784  140.321
 179.980  144.797
-162.156  164.232
 179.599  151.142
 173.692  142.407
-162.988  155.461
 178.963  134.707
 172.497  157.168
-169.091  145.193
-172.694  144.657
-175.719  144.713
-176.594  145.876
-168.347  140.386
-175.089  160.683
-166.113  157.104
-165.497  141.835
-178.298  152.748
 176.923  152.300
-166.965  158.124
 161.569  157.810
-174.843  157.125
-179.199  149.141
-168.065  150.580
-168.962  156.133
 168.785  145.904
-162.877  150.944
-173.965  155.348
-177.253  147.554
-178.226  155.897
-179.445  150.927
 169.411  147.148
 176.337  157.458
 177.951  141.989
-171.889  145.658
 170.885  162.475
-173.141  137.787
 176.085  160.705
-179.633  139.326
 177.534  155.432
 175.540  145.101
 179.793  147.414
 174.909  149.131
-176.222  146.469
 178.274  142.973
 171.238  158.277
-171.887  153.221
 179.842  154.074
-172.324  146.885
-178.890  138.508
-178.826  156.580
 169.826  146.234
 178.545  150.925
 177.404  136.220
-167.180  166.518
-170.356  152.541
-164.168  159.200
-165.710  152.452
-167.003  159.488
-163.809  147.450
 176.185  149.454
 172.958  153.438
 174.624  150.988
 177.755  153.084
 171.920  153.689
 179.203  160.758
-174.814  155.603
-176.254  145.028
 179.428  154.124
-174.090  146.197
 173.196  155.790
-179.188  149.909
 179.436  142.613
-175.046  162.152
-178.215  148.676
-173.414  141.477
 178.701  145.672
-175.996  157.346
-170.915  157.808
 175.216  161.375
-163.057  142.957
-170.119  158.945
-171.674  148.754
 171.313  149.790
-173.506  145.346
 179.864  162.140
-175.196  156.657
-173.158  140.754
-173.974  139.457
 179.270  148.310
-171.420  144.776
-177.337  154.219
 179.104  156.115
-172.703  159.774
-173.834  147.772
-171.059  159.812
 172.408  160.313
 162.168  147.574
 169.135  145.778
-179.540  131.796
-174.355  155.405
 177.241  150.223
-178.880  147.238
 179.045  153.192
 179.555  146.881
-173.277  147.033
-174.532  158.446
 167.587  138.133
-178.213  151.393
-179.230  156.718
 165.788  152.639
-178.937  163.239
 169.577  162.445
 176.896  152.989
-170.939  160.605
 176.890  138.460
 176.267  153.347
-166.602  142.538
-177.490  139.630
-167.504  153.029
 173.538  158.359
 177.895  155.566
-165.879  146.828
-174.629  154.418
 167.954  139.460
-177.584  137.305
-164.788  138.440
 175.298  152.745
-175.197  162.134
-175.396  148.159
-177.146  147.189
 169.116  148.848
-179.169  142.181
-173.835  150.055
-163.491  165.015
 178.523  155.644
-172.492  158.673
-164.774  147.385
-155.818  158.473
 173.266  154.153
 179.334  160.038
 178.780  162.917
-175.800  160.745
-176.717  149.473
-173.098  156.082
-179.929  151.833
 175.146  154.573
-179.115  145.462
-169.304  139.610
 175.686  145.261
 175.417  151.934
 177.566  143.190
-170.831  154.694
 178.660  146.054
-170.997  161.795
-170.890  154.488
-168.588  150.272
-172.412  167.048
-170.526  148.205
 179.445  161.403
-166.263  160.618
-175.071  160.695
-171.001  158.909
-178.717  147.318
-172.115  152.232
 177.934  149.279
-173.723  158.330
 176.725  160.643
 176.606  155.059
-176.512  149.699
-169.554  158.129
-173.007  157.993
-163.834  150.948
 175.155  144.044
-169.083  156.665
-172.242  149.210
-172.566  147.857
 176.631  151.054
 178.062  162.546
-170.602  162.235
 173.970  153.398
 177.295  141.315
-178.879  132.276
-170.192  157.168
 172.396  148.685
-168.787  153.761
-164.419  158.508
-174.387  161.921
-161.176  158.746
 177.601  141.624
-176.758  147.643
 177.853  155.561
-175.194  151.774
-177.854  152.927
-178.984  154.036
-174.331  139.124
 177.924  150.675
-178.954  165.093
-170.104  159.994
 177.643  146.190
-170.363  149.087
 166.049  139.471
-172.226  159.582
-167.627  153.732
 175.543  158.994
-166.899  149.911
-178.130  160.585
-176.891  148.152
-175.500  151.442
-177.776  140.029
-177.390  137.274
-175.157  148.546
-178.619  155.279
 171.908  143.975
-173.904  144.704
 179.356  145.472
-173.778  146.554
-171.432  150.513
 174.240  147.075
-169.272  157.661
 172.887  155.103
-163.174  156.922
-174.889  153.665
 173.997  143.388
 179.173  161.626
-177.099  163.630
-174.375  156.785
-177.201  157.667
-173.503  149.176
-177.408  153.470
 176.840  149.001
-176.982  149.089
 177.752  152.051
-176.174  152.238
-177.382  143.667
 175.675  153.896
-170.197  146.573
 175.709  155.061
-159.356  151.064
-159.980  157.722
-175.231  147.946
 178.659  138.886
-176.292  154.088
 163.619  153.858
-170.119  146.806
 173.880  158.755
-168.374  144.429
-171.804  151.218
-178.215  157.799
-175.000  154.864
-174.471  152.763
 173.168  150.008
-160.024  151.151
-179.605  158.753
 176.645  147.530
-166.583  147.375
 177.665  157.171
-165.255  140.636
 173.411  158.243
 172.656  155.088
-170.412  153.819
-173.381  164.758
-167.689  145.841
-173.637  156.674
 175.264  143.451
-176.226  146.727
 178.006  138.187
 177.965  143.625
 177.857  150.296
-165.042  153.635
-167.792  134.213
 173.600  155.488
-172.201  156.443
 179.952  161.113
 176.594  157.964
 178.132  150.841
-169.655  147.672
-178.880  156.392
-170.875  156.898
-179.608  159.093
 167.150  151.113
-173.635  145.179
-178.429  154.107
-173.440  163.886
-173.147  164.277
 168.174  150.954
-167.480  140.795
 174.094  154.857
-171.695  152.784
-177.123  160.736
 175.879  150.226
-172.723  163.981
 172.911  153.508
 169.401  140.502
-175.074  145.044
-177.580  161.777
 177.781  157.143
 172.724  157.522
 178.014  155.762
-173.895  141.650
-168.184  148.947
 170.193  147.532
-165.348  152.846
-175.132  153.009
 176.140  155.022
-171.675  148.440
-169.362  153.487
-164.159  156.779
 169.746  154.361
-170.707  150.484
-173.158  149.644
-173.592  149.706
-179.213  148.786
-162.484  161.303
-172.584  154.092
-175.398  142.883
 161.091  158.547
-172.743  158.125
-174.164  146.347
-169.536  145.682
 175.012  131.311
-169.851  153.711
-175.585  159.374
-174.228  146.809
 170.717  144.721
 179.914  140.171
-178.481  145.094
 171.509  154.475
-175.058  151.219
-176.235  135.797
-172.773  154.290
 167.575  149.379
-166.998  144.382
 174.823  135.219
-168.885  163.432
 169.751  154.049
-175.507  146.349
 176.537  154.069
-175.943  144.837
-164.112  149.127
-176.662  138.022
-172.911  151.378
-176.403  145.393
 168.608  151.429
 174.785  155.461
-162.625  169.269
 176.623  152.789
-160.900  144.361
-173.733  138.521
-172.633  140.908
-160.568  151.521
-175.528  155.496
-172.386  160.419
 170.131  144.911
-178.205  156.254
 165.237  149.577
-163.201  150.267
-175.853  159.531
-176.211  149.755
 172.931  157.647
-163.014  142.318
-163.526  148.396
-166.794  162.625
-168.151  153.366
 173.760  144.780
-161.050  143.874
 179.077  156.550
 163.372  144.453
-167.301  145.911
 179.074  160.758
 171.392  149.803
-173.503  150.918
-168.053  143.670
-173.226  146.560
 178.289  162.642
-176.353  151.691
-174.940  147.577
-173.554  159.598
 170.370  148.058
-174.259  141.629
-164.357  140.705
 175.523  155.095
-171.495  158.788
-172.852  147.135
 175.793  152.410
-173.200  157.647
-179.892  154.992
-175.034  143.583
-175.851  165.043
 177.227  156.111
 179.980  152.883
-173.880  156.655
-173.234  156.665
-166.980  160.467
 178.976  159.779
-163.293  154.639
-163.231  152.253
-179.227  148.937
-169.540  149.282
 176.289  144.641
-171.489  157.491
-177.235  168.482
-159.589  156.964
-171.867  147.839
-166.845  148.159
-171.362  143.829
 166.570  146.928
-176.926  139.407
 175.127  141.306
 174.261  147.319
 179.436  147.411
-177.344  143.950
 172.080  144.748
-179.038  145.191
-175.996  149.005
-161.409  162.485
 175.044  160.023
 179.419  150.300
-176.360  158.443
-166.823  148.561
-170.806  147.934
-166.957  146.122
-176.746  156.225
-173.405  148.616
-177.748  151.575
-174.317  138.096
 178.092  147.628
-177.093  168.027
-177.002  155.454
-170.162  152.286
-167.548  161.087
-166.533  151.465
-169.888  140.302
 176.390  144.022
 174.161  147.467
 171.064  145.953
 164.086  146.768
 176.450  148.842
 176.081  148.879
-173.675  131.417
 179.624  161.073
 168.108  150.122
 179.726  152.227
 174.539  145.727
-173.633  149.010
 179.463  154.765
-170.222  139.434
-166.249  149.524
-176.018  143.266
 177.508  152.997
 179.508  143.118
 176.090  142.771
-173.164  155.197
 175.664  156.003
-171.555  140.868
 175.141  158.579
 169.952  154.615
-165.809  152.252
-179.580  148.321
-179.937  149.620
-175.471  146.304
-175.035  154.818
-177.966  163.797
-171.103  149.873
-174.712  146.956
-167.019  143.820
-176.032  150.894
-179.918  155.599
-171.514  155.420
-169.378  155.383
 169.925  153.449
-178.159  166.104
-171.508  156.530
-177.260  147.520
-174.547  159.818
 172.878  154.940
 176.762  137.268
-170.547  159.496
-153.586  139.468
-177.340  142.540
-166.879  151.831
-178.267  154.741
 176.096  160.429
 175.773  152.371
-173.755  143.813
-159.908  148.962
-163.734  143.181
-168.284  155.959
 179.262  148.423
 164.277  158.392
-170.797  152.409
-172.114  152.457
-171.435  151.201
 178.864  153.818
-175.713  156.737
-169.999  145.455
-160.996  158.657
-171.003  151.698
 174.468  151.098
-176.461  148.382
-175.889  143.806
-174.553  149.708
-172.775  148.643
-172.154  158.429
-177.557  160.449
 168.910  143.830
 177.127  147.031
-179.311  151.484
-179.075  153.601
-171.405  154.484
-174.348  158.074
-176.446  154.511
-178.443  170.175
 177.708  153.357
-171.182  160.478
-175.391  131.884
-173.223  140.871
-169.587  145.634
 173.799  144.116
-178.464  147.957
-174.523  158.010
-171.448  157.507
-162.231  137.774
-165.120  146.461
-171.702  145.259
-169.636  147.090
 168.011  147.235
 169.813  161.077
-175.424  147.594
-173.010  151.261
-179.907  137.696
-173.889  156.309
 174.764  147.502
-167.675  152.240
 179.221  159.048
-174.310  160.993
-170.267  160.912
-161.640  150.234
-170.446  139.737
 177.452  148.296
-177.606  143.054
