 -58.202  140.388
 -61.627  147.148
 -68.507  152.749
 -51.058  156.316
 -53.214  152.412
 -57.061  144.311
 -53.068  152.443
 -51.511  130.237
 -63.525  134.480
 -63.781  146.241
 -60.942  149.380
 -57.604  149.783
 -59.895  150.417
 -55.787  142.775
 -53.490  147.940
 -43.000  154.157
 -48.739  140.922
 -58.617  146.384
 -53.386  156.297
 -57.294  146.413
 -62.615  153.759
 -62.787  146.053
 -59.407  146.184
 -77.510  158.747
 -69.691  133.403
 -59.794  149.866
 -53.260  151.699
 -63.254  152.884
 -60.211  150.849
 -66.401  153.342
 -63.301  152.791
 -48.742  154.199
 -66.302  146.581
 -71.548  153.580
 -54.949  147.244
 -66.308  163.322
 -57.359  138.412
 -59.652  153.029
 -61.723  151.962
 -62.036  146.467
 -63.690  146.186
 -36.922  146.983
 -70.343  148.872
 -70.873  141.997
 -67.926  138.821
 -68.570  142.807
 -47.522  150.784
 -62.507  163.267
 -74.865  148.025
 -67.732  144.682
 -60.844  136.670
 -55.750  143.124
 -68.931  157.712
 -63.898  148.504
 -68.478  145.798
 -63.470  150.494
 -59.213  133.080
 -58.089  158.236
 -68.480  138.516
 -54.158  149.824
 -65.353  155.043
 -60.745  140.343
 -57.817  147.779
 -55.545  147.484
 -68.082  148.171
 -58.600  145.049
 -53.057  158.174
 -68.266  150.504
 -57.907  156.252
 -60.218  138.131
 -62.053  151.156
 -64.144  152.191
 -66.462  144.106
 -53.200  145.329
 -62.715  152.702
 -55.599  154.032
 -48.514  157.348
 -64.091  167.131
 -62.210  158.463
 -66.775  159.757
 -57.486  145.658
 -65.038  150.066
 -69.535  145.782
 -57.512  156.522
 -56.174  134.614
 -61.499  150.118
 -44.909  143.475
 -64.601  141.885
 -55.562  141.381
 -58.601  157.259
 -63.619  145.425
 -50.342  145.060
 -60.626  149.654
 -76.372  153.130
 -68.855  139.463
 -63.853  144.450
 -57.129  152.604
 -61.804  154.776
 -52.356  148.705
 -60.091  154.150
 -67.928  151.785
 -55.687  145.429
 -48.502  141.172
 -57.202  154.707
 -58.192  147.553
 -66.402  139.659
 -68.235  151.779
 -57.682  157.101
 -71.746  149.099
 -58.053  157.315
 -64.727  144.316
 -60.719  144.128
 -62.990  136.033
 -73.018  137.768
 -61.565  158.626
 -59.414  151.327
 -69.039  147.418
 -70.505  144.490
 -75.802  153.213
 -53.043  141.795
 -62.797  140.827
 -56.044  160.018
 -45.128  145.463
 -74.962  153.214
 -60.208  144.202
 -65.390  151.889
 -69.946  151.115
 -62.596  158.444
 -61.655  140.673
 -74.748  158.784
 -48.582  143.944
 -63.178  148.112
 -54.138  141.179
 -57.785  152.124
 -65.222  149.257
 -53.776  155.943
 -50.048  154.315
 -61.663  147.800
 -56.629  152.718
 -61.836  136.797
 -63.290  145.857
 -62.557  145.104
 -58.565  150.271
 -61.205  141.742
 -66.436  158.532
 -62.324  153.125
 -60.491  133.982
 -61.402  143.204
 -72.881  146.858
 -57.479  135.307
 -54.506  155.835
 -45.772  146.257
 -64.356  152.861
 -58.722  144.817
 -57.813  149.459
 -55.954  132.480
 -48.668  150.970
 -57.630  144.792
 -47.926  137.288
 -64.894  139.776
 -69.466  153.211
 -63.645  144.560
 -60.244  155.263
 -53.665  149.782
 -52.482  150.984
 -54.380  139.503
 -47.380  148.489
 -64.308  148.527
 -63.725  141.002
 -64.984  138.396
 -55.781  150.635
 -68.960  152.289
 -69.249  143.375
 -57.020  143.046
 -73.865  150.684
 -59.837  139.635
 -67.313  138.635
 -54.605  146.901
 -63.282  160.244
 -64.941  143.325
 -68.099  144.643
 -64.845  149.402
 -59.822  143.748
 -67.027  147.786
 -47.933  147.880
 -69.441  152.003
 -65.943  144.819
 -69.947  149.432
 -71.851  143.832
 -68.107  138.389
 -71.903  144.218
 -66.534  144.210
 -57.458  155.790
 -69.733  147.733
 -59.727  151.952
 -48.946  147.190
 -53.715  146.082
 -53.609  136.247
 -65.798  150.951
 -64.211  151.046
 -64.482  155.391
 -62.852  154.124
 -72.235  155.879
 -54.812  141.927
 -52.938  151.947
 -57.654  144.309
 -72.159  141.878
 -64.090  140.162
 -47.948  155.574
 -62.705  151.031
 -58.470  143.945
 -62.494  138.045
 -52.092  152.364
 -60.325  152.009
 -58.952  136.304
 -69.790  145.087
 -54.123  148.658
 -52.129  141.176
 -69.764  146.849
 -67.092  128.067
 -58.539  149.054
 -57.375  148.228
 -61.281  157.153
 -58.915  147.608
 -58.007  138.489
 -55.225  142.456
 -61.896  146.537
 -68.522  133.087
 -63.026  151.426
 -54.203  141.446
 -72.269  145.016
 -58.890  151.524
 -59.289  149.049
 -58.643  143.515
 -61.730  139.563
 -56.931  145.700
 -69.833  159.499
 -62.101  143.735
 -61.812  150.945
 -59.225  141.288
 -60.624  151.843
 -47.521  147.195
 -61.157  159.310
 -55.623  150.245
 -72.393  143.058
 -67.031  139.398
 -74.390  142.504
 -68.431  149.168
 -63.234  157.704
 -72.594  154.871
 -52.342  152.202
 -51.855  146.979
 -59.849  150.209
 -62.582  161.092
 -63.019  150.447
 -65.202  149.005
 -72.331  151.044
 -77.324  138.611
 -66.950  141.099
 -44.288  149.528
 -52.701  138.670
 -54.825  134.206
 -39.462  148.736
 -55.069  151.380
 -73.519  148.199
 -67.863  150.688
 -59.175  144.110
 -61.098  146.466
 -67.301  148.276
 -64.179  154.806
 -62.156  144.163
 -71.572  149.978
 -80.956  149.915
 -61.705  146.191
 -63.676  147.439
 -58.543  151.574
 -63.312  137.297
 -54.872  151.810
 -62.726  147.895
 -58.885  144.503
 -64.506  148.539
 -69.467  144.021
 -72.673  143.786
 -44.887  145.948
 -61.565  142.737
 -63.856  146.682
 -57.944  145.622
 -66.286  140.701
 -67.542  150.599
 -76.319  145.690
 -59.260  137.729
 -75.305  155.636
 -70.801  151.580
 -60.807  157.114
 -52.594  140.776
 -63.461  154.728
 -72.925  151.768
 -72.398  137.760
 -65.220  140.991
 -64.743  141.216
 -60.756  137.863
 -58.074  165.841
 -58.916  145.269
 -75.663  150.847
 -68.417  147.241
 -59.036  140.868
 -66.021  154.100
 -63.330  148.022
 -68.644  151.230
 -61.112  157.169
 -67.007  152.113
 -55.359  141.912
 -60.227  143.665
 -66.626  148.903
 -57.607  151.534
 -53.710  144.588
 -63.374  153.110
 -64.461  148.610
 -72.263  158.587
 -68.205  155.219
 -59.223  140.709
 -70.056  152.954
 -59.075  148.299
 -64.324  155.629
 -55.084  149.048
 -57.144  142.405
 -63.225  144.809
 -56.005  140.612
 -49.035  147.860
 -69.043  150.962
 -52.444  145.419
 -52.245  142.392
 -64.346  154.951
 -64.931  139.476
 -66.676  145.555
 -59.021  145.730
 -61.141  142.822
 -61.207  152.230
 -50.437  143.222
 -53.008  155.509
 -53.457  147.531
 -60.380  152.281
 -59.152  153.999
 -63.602  140.774
 -58.511  165.243
 -68.542  145.618
 -55.661  146.833
 -63.932  145.605
 -57.729  142.346
 -63.161  139.416
 -51.318  140.730
 -72.851  158.548
 -53.635  148.332
 -49.921  146.694
 -58.213  154.320
 -60.004  159.853
 -73.167  139.506
 -73.147  151.322
 -54.121  153.139
 -65.896  147.628
 -60.773  151.628
 -63.794  147.044
 -49.969  130.386
 -54.028  156.955
 -59.172  141.519
 -53.508  129.602
 -70.859  154.236
 -58.853  143.908
 -70.333  139.976
 -62.518  148.438
 -63.954  140.507
 -72.399  148.797
 -67.367  155.042
 -57.117  165.581
 -65.564  135.460
 -62.493  151.661
 -64.627  146.948
 -56.191  150.286
 -62.297  145.907
 -62.498  130.342
 -70.204  151.796
 -76.310  143.935
 -76.957  153.165
 -57.837  152.609
 -70.809  154.141
 -57.982  143.804
 -62.323  151.830
 -58.711  149.010
 -66.990  144.068
 -58.730  153.989
 -64.910  137.323
 -58.045  158.016
 -60.892  144.248
 -56.322  149.441
 -52.134  161.006
 -71.325  154.300
 -54.100  157.602
 -69.317  162.192
 -55.510  156.287
 -62.068  143.856
 -50.293  141.741
 -63.090  162.642
 -83.983  157.035
 -64.382  157.796
 -44.715  132.483
 -51.753  148.709
 -61.745  142.146
 -73.309  162.057
 -62.258  152.536
 -75.792  145.909
 -70.680  137.903
 -57.360  156.524
 -62.787  140.401
 -58.514  143.008
 -55.673  149.786
 -69.261  154.456
 -68.204  144.160
 -59.375  151.901
 -61.982  143.086
 -42.386  147.230
 -64.947  153.937
 -56.979  141.586
 -63.252  132.920
 -55.339  157.117
 -50.383  153.268
 -43.801  146.649
 -56.930  147.714
 -58.843  151.093
 -65.625  143.923
 -66.906  146.033
 -73.824  154.587
 -55.287  147.956
 -69.029  140.283
 -56.432  153.142
 -63.209  151.401
 -57.362  166.177
 -57.573  146.049
 -68.042  158.268
 -67.609  139.790
 -54.825  147.959
 -59.745  145.847
 -67.336  162.635
 -55.829  142.461
 -51.174  155.096
 -51.395  151.963
 -56.073  149.829
 -65.770  154.347
 -55.674  153.375
 -63.204  144.969
 -69.803  149.512
 -68.626  148.535
 -56.869  157.374
 -61.147  144.895
 -60.578  151.647
 -60.686  151.388
 -51.261  153.877
 -64.227  146.786
 -55.349  147.870
 -55.360  147.287
 -62.147  151.624
 -56.737  153.688
 -65.286  154.112
 -64.117  155.264
 -66.147  141.813
 -62.625  160.473
 -59.781  148.324
 -71.261  148.748
 -54.913  145.531
 -73.748  143.198
 -67.848  144.976
 -62.504  146.898
 -49.756  138.650
 -58.595  144.055
 -69.562  160.908
 -55.209  161.286
 -64.395  146.572
 -67.970  152.012
 -68.149  151.907
 -50.633  137.316
 -49.580  146.272
 -64.450  151.504
 -59.997  151.079
 -64.288  150.183
 -51.197  143.258
 -50.746  154.655
 -73.632  151.376
 -53.493  145.584
 -70.596  147.858
 -61.204  148.989
 -64.893  151.041
 -58.732  154.387
 -50.983  156.055
 -62.227  146.843
 -61.050  137.544
 -82.974  134.254
 -51.438  160.750
 -52.623  144.380
 -60.051  160.100
 -61.896  156.229
 -49.665  156.660
 -60.133  140.893
 -63.747  159.982
 -60.396  149.477
 -54.012  146.369
 -48.085  134.824
 -59.241  155.026
 -73.408  156.724
 -79.644  148.115
 -72.564  152.786
 -62.471  160.123
 -62.741  148.065
 -62.953  140.426
 -60.084  133.875
 -56.142  138.021
 -56.330  147.450
 -56.587  148.943
 -64.743  149.485
 -64.215  156.664
 -70.880  148.514
 -60.410  146.518
 -68.104  155.142
 -58.042  142.671
 -70.095  134.620
 -58.326  142.614
 -50.222  147.213
 -62.535  158.541
 -59.802  143.003
 -78.134  155.521
 -57.994  160.127
 -63.610  147.684
 -60.647  154.860
 -61.688  158.640
 -59.233  149.669
 -69.102  155.156
 -62.282  142.897
 -57.554  150.098
 -60.590  147.536
 -60.066  148.469
 -41.938  155.088
 -72.727  159.830
 -63.061  148.505
 -62.643  148.824
 -72.933  136.669
 -63.840  139.211
 -60.364  151.064
 -52.847  147.271
 -67.413  143.303
 -59.428  144.125
 -56.367  150.361
 -73.423  140.363
 -61.151  150.480
 -51.302  164.118
 -70.796  153.611
 -75.276  155.087
 -75.283  140.642
 -57.906  145.734
 -49.872  137.044
 -56.970  160.804
 -76.271  148.105
 -67.974  141.889
 -56.294  157.275
 -61.814  146.505
 -60.231  151.676
 -67.964  135.845
 -61.573  145.592
 -73.590  144.471
 -63.227  144.820
 -51.045  137.568
 -56.734  151.911
 -65.229  137.648
 -64.454  157.685
 -61.003  149.079
 -57.509  150.217
 -55.418  143.366
 -62.306  147.212
 -67.679  140.832
 -55.592  138.166
 -55.353  153.989
 -68.774  148.254
 -48.892  151.053
 -54.130  151.516
 -73.258  142.367
 -66.023  163.753
 -54.641  153.137
 -62.394  147.534
 -55.459  150.382
 -60.820  137.307
 -65.431  145.096
 -63.284  147.728
 -41.914  150.654
 -75.426  144.486
 -51.740  145.131
 -48.435  151.728
 -67.149  151.221
 -64.536  150.974
 -58.185  141.866
 -44.593  144.385
 -67.656  142.060
 -62.265  144.762
 -59.512  132.957
 -61.684  151.550
 -58.594  148.600
 -71.736  151.185
 -62.187  143.176
 -75.115  143.889
 -52.630  151.170
 -60.192  139.471
 -54.198  142.360
 -59.374  148.079
 -59.559  150.558
 -54.723  145.001
 -62.272  152.280
 -48.345  148.152
 -63.074  152.564
 -47.240  141.715
 -65.993  139.403
 -56.060  151.526
 -49.761  148.695
 -53.992  143.188
 -35.866  152.922
 -53.798  148.138
 -58.269  129.141
 -68.847  143.409
 -68.241  147.036
 -58.181  133.506
 -51.090  144.257
 -62.880  141.711
 -65.928  154.457
 -61.323  151.671
 -65.545  148.007
 -58.575  157.807
 -65.825  145.333
 -61.928  140.311
 -64.972  154.714
 -57.566  145.650
 -55.719  153.162
 -49.081  149.812
 -69.728  147.886
 -53.442  153.209
 -60.940  150.459
 -58.971  143.683
 -61.771  155.947
 -52.073  154.274
 -71.726  152.522
 -67.582  146.863
 -68.529  153.019
 -58.009  158.519
 -55.144  149.141
 -49.805  142.758
 -52.173  146.983
 -65.669  147.047
 -68.531  151.033
 -53.159  149.314
 -54.739  150.970
 -56.539  143.239
 -78.250  157.817
 -61.563  152.460
 -59.407  149.640
 -68.192  155.623
 -47.049  155.941
 -71.867  158.393
 -60.529  145.120
 -73.378  153.119
 -63.614  159.208
 -63.853  144.303
 -69.981  159.846
 -59.420  143.432
 -62.396  152.960
 -80.181  152.246
 -66.825  143.442
 -66.398  144.304
 -60.282  153.888
 -67.390  158.266
 -60.869  135.650
 -62.880  150.331
 -55.800  154.967
 -47.469  152.800
 -70.410  149.853
 -59.526  151.299
 -53.329  166.942
 -50.105  154.522
 -64.032  149.057
 -49.625  144.943
 -61.717  141.616
 -60.515  150.087
 -79.512  148.970
 -56.903  148.344
 -65.808  150.984
 -63.036  151.851
 -52.541  151.089
 -61.535  139.317
 -51.332  134.105
 -41.945  138.384
 -66.760  145.194
 -70.460  140.223
 -58.770  147.406
 -70.175  149.278
 -64.552  144.532
 -65.048  150.653
 -54.075  148.687
 -43.608  153.008
 -67.247  140.869
 -69.259  157.303
 -49.022  147.711
 -62.884  140.666
 -61.832  149.677
 -52.552  149.082
 -59.378  147.269
 -56.029  161.178
 -55.725  153.308
 -60.252  149.705
 -78.482  158.652
 -63.508  154.958
 -60.247  143.652
 -55.665  146.481
 -75.956  146.035
 -60.428  145.299
 -70.856  142.466
 -56.426  139.798
 -65.503  151.100
 -65.944  152.685
 -70.793  155.728
 -65.158  153.409
 -52.646  142.003
 -61.125  144.167
 -59.279  157.256
 -59.379  142.235
 -62.866  147.149
 -50.010  142.113
 -72.487  167.959
 -63.007  140.953
 -46.487  152.813
 -54.983  152.697
 -70.989  160.996
 -63.530  157.577
 -77.302  142.140
 -44.254  153.784
 -74.929  154.411
 -58.531  148.933
 -48.461  149.311
 -69.478  145.845
 -59.927  146.973
 -60.823  141.228
 -55.118  128.849
 -69.290  153.345
 -64.753  149.548
 -59.329  148.829
 -53.495  147.283
 -62.965  140.869
 -67.711  147.984
 -70.310  138.760
 -65.537  131.135
 -54.956  127.637
 -58.146  158.836
 -35.851  144.815
 -55.545  164.515
 -58.876  136.437
 -62.490  146.350
 -51.714  150.526
 -76.217  140.770
 -49.101  138.337
 -65.087  141.735
 -55.674  152.690
 -68.454  141.263
 -66.373  155.237
 -59.697  155.562
 -61.576  142.050
 -60.368  159.563
 -59.164  146.367
 -52.410  149.807
 -64.620  142.166
 -50.375  153.882
 -78.015  149.892
 -50.655  147.723
 -77.479  156.189
 -58.723  133.577
 -49.379  158.113
 -59.355  152.474
 -57.031  156.488
 -54.540  156.090
 -63.450  159.377
 -71.192  150.371
 -55.109  155.254
 -50.638  137.563
 -58.247  142.459
 -50.208  145.527
 -57.618  149.570
 -53.199  154.771
 -60.028  136.311
 -50.571  150.728
 -65.947  146.820
 -78.335  151.887
 -57.929  154.201
 -61.064  143.011
 -51.614  148.376
 -65.321  153.964
 -69.824  144.403
 -66.870  141.489
 -71.572  150.567
 -73.147  142.258
 -71.131  136.209
 -65.623  152.429
 -47.555  153.027
 -67.261  144.340
 -67.607  149.870
 -61.384  154.769
 -58.266  145.511
 -53.777  144.688
 -50.559  148.367
 -66.245  148.339
 -52.768  154.454
 -59.052  149.789
 -65.129  143.463
 -71.695  147.441
 -67.288  144.088
 -80.378  146.895
 -66.332  150.276
 -67.117  155.527
 -64.078  149.957
 -49.252  144.790
 -52.707  154.579
 -59.083  143.891
 -55.222  146.997
 -53.690  145.416
 -73.083  150.960
 -56.388  145.198
 -51.546  156.073
 -64.855  143.957
 -58.194  133.504
 -75.036  147.602
 -56.441  139.032
 -71.489  143.708
 -62.672  157.170
 -66.147  146.038
 -54.022  157.429
 -70.827  153.539
 -61.739  143.490
 -57.739  152.971
 -59.481  159.742
 -57.620  140.524
 -79.952  150.430
 -59.751  144.768
 -65.810  148.588
 -54.706  144.678
 -53.329  138.441
 -64.724  145.454
 -69.649  150.863
 -62.641  156.224
 -56.785  148.767
 -56.091  149.943
 -57.829  139.256
 -63.308  140.837
 -58.929  160.065
 -62.157  153.891
 -69.437  143.457
 -58.113  164.215
 -63.723  158.931
 -55.360  154.904
 -58.751  145.105
 -64.546  155.602
 -57.304  146.772
 -83.253  159.122
 -61.397  146.543
 -62.850  158.293
 -60.809  140.800
 -65.447  161.478
 -62.538  154.943
 -59.581  148.941
 -64.316  157.928
 -58.514  162.860
 -57.385  141.391
 -61.532  145.550
 -61.863  159.255
 -67.939  134.014
 -62.264  149.447
 -60.229  152.066
 -62.205  154.350
 -65.825  144.230
 -67.006  142.173
 -56.130  151.234
 -59.044  148.337
 -53.261  153.431
 -73.753  162.573
 -66.361  152.099
 -57.585  159.952
 -56.984  165.868
 -64.857  151.896
 -67.805  148.852
 -67.942  148.137
 -61.400  138.871
 -69.755  144.113
 -71.027  149.487
 -63.398  144.173
 -51.372  155.599
 -62.990  140.748
 -75.731  153.621
 -59.530  140.788
 -70.297  138.819
 -67.056  158.269
 -51.526  134.699
 -57.308  163.524
 -58.703  163.303
 -67.432  150.262
 -58.701  151.196
 -71.139  158.171
 -60.595  146.744
 -61.471  148.651
 -65.774  148.440
 -59.364  146.949
 -58.791  141.269
 -69.794  147.113
 -63.702  156.077
 -56.617  145.295
 -58.237  149.132
 -57.621  145.543
 -49.505  150.889
 -66.045  160.478
 -53.902  149.231
 -63.508  150.882
 -59.029  146.683
 -54.523  146.836
 -57.749  151.578
 -63.614  155.639
 -61.244  151.090
 -48.882  142.055
 -68.776  157.757
 -70.749  161.219
 -64.518  153.357
 -63.939  147.920
 -66.527  154.362
 -67.423  147.812
 -54.186  159.629
 -48.539  142.847
 -60.977  153.569
 -77.169  151.737
 -64.105  160.367
 -48.739  143.821
 -70.398  137.141
 -66.257  149.771
 -64.855  150.892
 -52.086  154.586
 -51.031  163.853
 -63.506  151.273
 -59.070  141.112
 -63.484  146.573
 -70.444  151.848
 -72.782  133.092
 -54.254  147.264
 -55.600  153.638
 -70.621  149.858
 -64.739  152.182
 -70.631  153.887
 -59.830  149.828
 -58.622  156.756
 -65.400  138.410
 -58.616  144.193
 -49.857  147.517
 -66.751  135.581
 -65.971  142.508
 -59.347  159.710
 -53.888  149.826
 -50.330  150.230
 -51.239  149.828
 -65.391  149.379
 -54.106  152.555
 -58.062  148.825
 -67.985  142.859
 -50.206  144.276
 -50.974  148.299
 -64.133  151.150
 -62.419  145.085
 -59.246  145.707
 -55.586  135.501
 -57.959  153.804
 -58.699  165.203
 -57.995  151.414
 -60.771  155.264
 -58.120  150.672
 -55.174  151.275
 -62.944  142.877
 -69.311  147.530
 -71.346  145.464
 -66.560  141.892
 -49.676  146.839
 -64.776  142.743
 -55.339  159.684
 -61.364  156.035
 -50.386  151.856
 -55.344  151.422
 -59.908  154.158
 -59.247  147.436
 -63.281  136.648
 -59.888  140.134
 -50.521  149.639
 -51.054  147.048
 -63.093  153.347
 -63.565  146.512
 -49.032  146.230
 -64.486  137.335
 -61.919  156.644
