 -34.093  149.855
 -36.427  146.120
 -36.666  146.741
 -34.011  163.565
 -36.881  140.043
 -47.093  157.031
 -29.465  129.347
 -18.005  150.750
 -38.491  146.728
 -44.610  149.334
 -31.388  151.479
 -47.601  146.780
 -34.392  149.972
 -28.541  145.715
 -35.696  150.183
 -32.508  151.332
 -25.198  132.391
 -26.192  131.211
 -21.876  140.724
 -39.231  140.759
 -30.874  132.548
 -36.669  155.566
 -36.497  153.822
 -52.454  142.102
 -40.431  144.485
 -31.591  129.487
 -44.614  139.268
 -28.215  145.124
 -36.032  143.235
 -25.408  150.526
 -22.573  137.260
 -39.080  143.060
 -25.703  146.244
 -33.077  145.748
 -34.000  136.135
 -30.234  156.445
 -32.286  145.780
 -39.408  151.984
 -36.826  153.086
 -28.664  148.951
 -47.118  145.605
 -35.713  137.720
 -40.828  152.996
 -41.587  153.515
 -26.559  143.964
 -30.641  151.308
 -29.349  147.194
 -29.498  145.693
 -39.166  138.975
 -25.309  143.335
 -23.878  146.353
 -32.414  150.320
 -42.307  143.957
 -22.325  144.200
 -28.374  141.412
 -37.417  146.784
 -16.948  131.750
 -27.789  139.888
 -28.618  148.926
 -19.279  143.150
 -28.497  134.820
 -33.472  145.378
 -33.372  146.999
 -34.182  147.204
 -29.650  141.311
 -30.196  149.129
 -34.695  143.069
 -26.255  134.953
 -37.786  149.725
 -49.940  146.351
 -39.588  143.962
 -33.517  135.949
 -22.553  145.335
 -39.831  153.930
 -41.243  155.520
 -33.038  142.961
 -29.206  131.298
 -38.751  157.024
 -37.020  142.237
 -35.381  150.226
 -23.392  140.131
 -33.047  131.604
 -32.383  153.916
 -26.135  150.098
 -30.414  141.153
 -26.101  135.181
 -26.294  140.738
 -29.312  149.798
 -51.803  148.731
 -30.349  144.636
 -26.390  150.981
 -43.065  151.296
 -41.439  139.303
 -30.501  141.154
 -41.379  145.351
 -22.579  147.904
 -37.751  142.385
 -34.337  145.149
 -37.802  146.684
 -38.878  142.399
 -30.167  148.697
 -25.911  143.455
 -29.413  145.746
 -29.160  147.831
 -18.844  133.390
 -44.191  140.041
 -30.408  150.549
 -38.513  147.749
 -26.107  132.852
 -37.126  145.663
 -24.149  152.547
 -37.258  159.280
 -34.660  151.229
 -18.531  137.400
 -47.524  151.755
 -35.671  138.424
 -32.411  130.529
 -34.103  149.621
 -34.412  145.944
 -43.650  134.578
 -18.000  147.155
 -33.619  149.871
 -47.399  149.116
 -36.222  138.526
 -29.967  137.560
 -41.802  146.833
 -41.465  150.904
 -35.683  143.567
 -37.660  135.917
 -44.925  150.805
 -46.447  148.134
 -36.821  140.094
 -38.875  143.734
 -37.027  152.618
 -48.523  161.320
 -42.996  147.914
 -36.426  153.454
 -29.755  142.544
 -38.714  145.433
 -30.931  135.523
 -36.993  142.568
 -32.367  149.688
 -42.635  155.743
 -36.340  142.322
 -30.613  147.474
 -34.553  140.139
 -48.787  141.102
 -36.416  133.599
 -32.445  141.765
 -39.674  144.415
 -46.015  150.700
 -41.859  136.804
 -26.609  139.647
 -30.872  138.420
 -36.444  152.333
 -41.908  151.559
 -49.120  142.081
 -26.609  141.562
 -27.488  147.648
 -48.264  157.896
 -37.813  150.012
 -41.210  134.092
 -39.609  144.020
 -35.097  129.564
 -34.004  146.503
 -36.824  153.402
 -40.031  147.419
 -33.159  149.734
 -26.140  152.339
 -46.977  143.429
 -21.183  145.311
 -35.831  145.662
 -36.417  141.460
 -41.379  153.924
 -36.689  144.252
 -25.863  141.425
 -24.584  144.364
 -19.840  150.412
 -36.331  148.921
 -31.732  141.523
 -22.829  148.205
 -40.485  140.317
 -30.081  121.256
 -24.819  141.907
 -45.491  155.880
 -35.366  151.733
 -42.582  150.108
 -34.193  134.962
 -37.383  142.947
 -46.355  141.459
 -29.264  145.338
 -37.534  147.658
 -15.266  136.903
 -33.263  143.089
 -28.599  146.574
 -43.486  145.057
 -32.499  143.857
 -39.134  149.342
 -36.990  142.517
 -35.085  153.764
 -34.868  153.197
 -32.991  143.954
 -34.212  147.303
 -33.994  151.879
 -31.999  154.164
 -27.080  140.569
 -26.589  146.511
 -35.365  136.944
 -39.546  156.491
 -30.015  144.718
 -30.934  140.366
 -34.725  144.571
 -31.822  143.042
 -34.329  145.059
 -26.307  151.903
 -37.007  136.847
 -25.430  141.912
 -38.735  161.035
 -29.191  144.488
 -26.581  143.101
 -46.384  146.640
 -41.596  140.186
 -20.391  143.700
 -38.331  142.274
 -35.469  150.474
 -32.357  159.652
 -27.402  135.953
 -36.265  133.912
 -19.526  150.896
 -27.306  160.094
 -36.712  147.158
 -32.412  139.339
 -31.057  147.266
 -49.522  143.742
 -37.815  138.187
 -37.713  143.912
 -20.774  134.695
 -32.811  147.348
 -48.002  145.691
 -28.158  150.900
 -37.794  140.850
 -35.513  138.815
 -31.266  146.858
 -27.567  137.937
 -23.463  144.170
 -28.885  153.165
 -32.692  149.095
 -32.633  143.729
 -38.757  150.427
 -37.377  146.118
 -46.575  138.105
 -28.898  148.442
 -20.719  139.329
 -37.091  143.992
 -25.716  156.947
 -34.509  136.304
 -45.966  152.493
 -21.281  144.311
 -30.781  139.766
 -36.205  144.061
 -36.570  133.224
 -38.762  159.560
 -26.667  149.075
 -36.384  137.663
 -39.311  152.502
 -39.079  138.685
 -28.990  154.880
 -48.203  145.903
 -32.292  123.004
 -34.818  149.200
 -34.639  136.317
 -41.514  155.959
 -42.944  145.165
 -32.075  147.762
 -36.805  153.480
 -32.813  145.242
 -37.683  155.312
 -41.714  148.379
 -29.283  131.410
 -36.789  137.220
 -41.594  149.138
 -42.935  145.769
 -33.764  155.259
 -34.961  150.366
 -26.116  153.936
 -36.424  150.001
 -23.158  153.742
 -34.379  143.004
 -31.100  154.855
 -32.611  146.687
 -30.974  136.036
 -28.036  152.241
 -35.249  151.262
 -47.110  152.858
 -33.673  140.636
 -42.526  139.851
 -44.983  142.503
 -41.527  154.481
 -41.151  146.390
 -39.964  153.040
 -37.533  159.516
 -43.389  148.269
 -49.960  150.580
 -34.759  150.060
 -41.327  151.875
 -33.246  144.484
 -43.100  156.834
 -31.638  133.140
 -41.429  146.104
 -32.096  135.761
 -33.344  145.490
 -23.030  141.401
 -36.083  151.893
 -37.754  155.637
 -49.911  154.322
 -36.716  153.673
 -26.109  146.259
 -37.816  141.523
 -55.283  138.547
 -26.249  152.351
 -12.507  143.124
 -27.945  131.019
 -25.872  149.691
 -25.736  142.966
 -29.873  148.876
 -20.587  131.896
 -35.560  147.770
 -20.140  136.484
 -30.181  157.348
 -32.334  135.986
 -23.190  147.393
 -27.446  143.275
 -34.690  136.362
 -40.747  145.026
 -22.542  152.773
 -29.842  138.804
 -38.093  138.335
 -41.906  152.448
 -46.452  146.977
 -37.540  159.939
 -33.794  144.420
 -33.489  136.695
 -31.560  139.297
 -38.891  139.199
 -28.076  149.362
 -37.409  153.132
 -36.006  155.004
 -34.794  139.468
 -30.766  148.045
 -35.668  137.703
 -36.849  156.122
 -29.748  148.477
 -37.881  141.490
 -15.579  150.421
 -31.064  146.270
 -29.326  144.413
 -45.979  136.415
 -29.962  142.505
 -33.873  142.499
 -41.756  150.609
 -47.088  159.167
 -35.852  150.355
 -42.311  144.667
 -25.083  142.070
 -33.909  152.835
 -37.306  139.652
 -29.569  147.618
 -23.139  141.798
 -34.357  151.046
 -32.569  144.190
 -36.270  141.585
 -29.482  150.663
 -34.395  144.061
 -37.368  146.767
 -39.823  146.252
 -27.111  139.247
 -37.142  154.068
 -29.767  148.337
 -36.787  140.704
 -35.594  145.659
 -39.570  137.057
 -40.812  150.880
 -38.493  156.596
 -44.360  145.682
 -34.012  156.336
 -33.505  137.893
 -42.692  148.321
 -26.619  154.094
 -39.670  140.996
 -35.798  146.200
 -16.407  150.168
 -32.104  135.254
 -27.871  153.338
 -42.727  147.883
 -39.042  158.421
 -24.710  137.312
 -29.655  135.809
 -26.952  140.053
 -33.019  144.762
 -24.334  144.106
 -38.802  141.107
 -37.074  148.892
 -35.056  156.617
 -20.669  145.267
 -17.191  149.662
 -36.347  146.563
 -19.852  154.212
 -23.515  131.312
 -41.596  155.147
 -33.432  150.726
 -38.643  146.362
 -32.189  146.555
 -31.841  150.790
 -40.772  143.255
 -32.162  149.876
 -36.257  152.442
 -46.288  141.507
 -32.646  133.613
 -34.498  153.249
 -28.571  146.466
 -28.802  145.582
 -22.726  141.544
 -26.785  143.401
 -39.475  140.127
 -31.528  158.630
 -35.019  146.120
 -33.580  131.379
 -41.182  143.239
 -37.474  147.608
 -41.435  145.463
 -45.456  147.609
 -59.224  142.875
 -30.253  145.181
 -31.734  154.444
 -33.045  145.184
 -35.895  146.172
 -36.883  145.625
 -32.839  146.865
 -35.567  145.398
 -40.994  144.974
 -17.723  136.888
 -30.115  142.145
 -25.619  150.829
 -25.006  158.249
 -33.152  140.823
 -32.031  148.538
 -30.193  158.453
 -23.870  133.601
 -17.846  142.452
 -25.587  144.528
 -25.246  147.956
 -26.193  136.656
 -37.037  149.152
 -45.186  152.195
 -46.031  154.101
 -28.856  141.790
 -26.732  145.604
 -30.700  150.740
 -27.316  148.817
 -24.408  144.130
 -29.732  133.718
 -33.596  136.616
 -32.275  149.709
 -37.179  137.865
 -22.000  151.882
 -30.802  140.374
 -27.965  154.956
 -46.176  152.467
 -34.978  152.533
 -39.744  143.275
 -38.309  148.118
 -22.304  146.926
 -34.341  150.028
 -34.184  131.384
 -39.783  140.150
 -43.408  146.041
 -40.099  147.547
 -29.396  154.013
 -43.131  133.535
 -36.679  141.940
 -30.121  152.311
 -27.340  135.334
 -30.320  137.097
 -35.602  144.124
 -40.526  155.415
 -36.249  154.844
 -35.013  156.179
 -42.570  143.697
 -36.485  138.493
 -21.598  146.826
 -20.209  141.824
 -26.487  148.197
 -40.967  159.914
 -38.736  155.474
 -34.694  144.315
 -46.306  146.638
 -37.192  156.069
 -34.267  138.044
 -44.765  140.956
 -45.525  146.687
 -39.014  153.703
 -37.646  143.227
 -29.363  143.439
 -28.735  147.615
 -23.702  131.914
 -27.393  143.143
 -32.236  147.879
 -32.819  152.541
 -32.536  141.311
 -25.277  153.212
 -34.736  150.761
 -27.807  154.183
 -31.948  141.791
 -46.009  147.278
 -23.333  145.364
 -26.054  154.531
 -48.417  137.565
 -33.889  133.866
 -33.256  142.335
 -21.277  138.573
 -32.379  146.644
 -37.889  150.260
 -38.906  151.213
 -30.122  147.077
 -25.713  144.721
 -40.190  147.951
 -25.340  151.015
 -14.789  136.344
 -29.813  143.387
 -37.619  148.896
 -41.877  151.768
 -39.579  144.700
 -18.796  151.581
 -26.147  145.000
 -30.483  158.204
 -18.164  132.385
 -47.200  150.893
 -45.161  149.405
 -30.647  134.975
 -45.474  140.639
 -46.086  151.586
 -33.048  142.666
 -40.725  134.150
 -15.783  143.015
 -37.194  157.608
 -40.595  134.927
 -42.918  132.728
 -21.381  136.265
 -34.910  146.584
 -42.277  148.657
 -40.417  146.675
 -34.973  141.744
 -50.920  155.462
 -32.992  145.815
 -30.737  140.301
 -33.106  154.330
 -39.277  143.998
 -29.556  139.050
 -35.110  130.553
 -34.048  139.821
 -33.588  149.466
 -40.796  139.915
 -29.185  139.737
 -33.027  141.415
 -35.048  139.269
 -33.397  148.732
 -32.317  146.075
 -33.394  151.706
 -20.862  142.918
 -39.329  142.562
 -39.290  151.024
 -34.610  143.060
 -36.951  151.642
 -38.103  140.995
 -29.466  129.761
 -45.407  135.536
 -32.026  138.788
 -34.280  153.284
 -37.667  134.604
 -44.902  153.920
 -31.140  141.895
 -31.727  132.603
 -36.041  150.955
 -32.597  148.268
 -27.652  143.268
 -45.367  153.455
 -29.233  150.998
 -38.965  154.523
 -25.036  135.446
 -27.209  135.274
 -32.119  137.755
 -27.380  134.346
 -28.089  138.204
 -43.484  157.145
 -32.947  149.905
 -25.291  140.232
 -41.839  136.596
 -50.822  148.010
 -30.762  152.226
 -37.878  153.884
 -41.324  146.206
 -23.181  149.857
 -22.352  156.962
 -32.817  145.053
 -32.593  150.115
 -34.041  148.972
 -42.306  148.748
 -29.379  132.561
 -35.074  146.463
 -32.233  142.459
 -20.884  146.857
 -41.299  153.933
 -25.182  137.585
 -31.353  139.680
 -44.708  136.909
 -38.699  137.430
 -35.292  147.111
 -27.712  145.685
 -26.929  148.203
 -48.333  149.946
 -31.557  142.056
 -36.773  148.740
 -33.517  143.768
 -22.709  145.143
 -39.076  148.153
 -24.510  148.725
 -40.834  151.751
 -44.720  144.334
 -24.388  143.408
 -43.864  144.854
 -20.767  144.804
 -27.778  143.938
 -35.325  143.453
 -39.469  150.938
 -40.634  154.616
 -32.078  133.147
 -30.176  149.770
 -34.248  140.878
 -43.513  147.885
 -32.073  139.623
 -32.002  143.417
 -36.214  139.999
 -31.708  144.028
 -46.721  145.217
 -35.852  147.309
 -32.148  145.232
 -35.241  145.516
 -39.571  145.622
 -42.482  144.449
 -39.263  146.225
 -37.436  140.511
 -35.564  142.285
 -27.747  130.585
 -37.620  140.851
 -33.702  142.642
 -32.675  144.596
 -35.734  150.921
 -33.394  140.021
 -30.996  145.193
 -28.971  136.973
 -40.438  153.778
 -32.771  141.173
 -37.441  132.516
 -35.387  142.382
 -34.321  140.217
 -25.363  147.244
 -34.324  149.952
 -32.998  136.384
 -28.406  141.655
 -34.389  147.315
 -35.275  146.833
 -52.452  147.193
 -37.871  158.243
 -35.920  137.785
 -44.249  148.664
 -34.172  139.672
 -25.985  143.407
 -34.537  144.965
 -34.334  153.405
 -42.522  141.713
 -37.846  151.448
 -38.217  128.040
 -27.971  132.568
 -44.383  159.784
 -41.939  160.306
 -33.610  139.421
 -35.061  144.711
 -39.991  147.386
 -30.360  140.927
 -26.498  138.966
 -34.074  146.096
 -30.999  142.631
 -50.769  151.078
 -32.208  143.812
 -55.894  142.903
 -20.021  142.238
 -25.631  132.313
 -23.563  148.601
 -29.022  143.766
 -33.586  150.254
 -36.446  152.730
 -44.964  141.445
 -37.261  142.800
 -39.059  157.332
 -35.070  128.399
 -32.077  146.228
 -34.335  152.757
 -39.671  152.361
 -30.784  148.003
 -29.913  140.702
 -42.114  144.686
 -43.951  138.798
 -35.964  152.022
 -28.228  149.839
 -26.114  144.670
 -38.491  153.424
 -44.917  152.497
 -46.176  149.971
 -20.997  138.275
 -27.252  139.323
 -41.616  140.382
 -31.464  148.780
 -29.828  142.720
 -43.016  147.602
 -35.034  136.919
 -30.948  153.770
 -39.050  158.043
 -33.913  152.940
 -38.155  138.666
 -38.291  151.534
 -31.267  148.860
 -37.250  148.712
 -33.051  141.328
 -33.423  138.243
 -28.658  146.695
 -45.043  148.074
 -49.702  147.286
 -29.609  142.146
 -48.899  154.817
 -33.104  147.196
 -39.066  149.381
 -39.402  135.695
 -25.037  157.597
 -33.280  144.564
 -41.016  133.435
 -28.824  155.455
 -41.334  151.706
 -32.592  144.974
 -40.622  141.749
 -35.391  143.823
 -35.144  147.887
 -37.542  154.552
 -37.299  145.461
 -41.416  142.219
 -33.042  143.122
 -29.991  144.138
 -29.791  137.891
 -48.854  149.496
 -41.897  147.212
 -38.722  134.338
 -37.035  152.464
 -31.879  144.414
 -33.773  152.537
 -28.724  139.031
 -34.696  140.516
 -30.326  126.615
 -43.399  140.759
 -38.555  146.341
 -34.452  154.491
 -30.375  135.688
 -35.670  143.538
 -44.340  144.769
 -36.843  140.604
 -30.122  137.498
 -23.420  139.839
 -33.892  148.532
 -50.460  146.453
 -33.700  150.171
 -38.463  149.116
 -44.829  150.052
 -24.946  153.477
 -48.992  143.648
 -37.302  127.230
 -33.641  143.191
 -28.433  154.848
 -32.399  137.944
 -34.980  143.716
 -35.913  143.247
 -39.526  149.036
 -22.303  126.761
 -29.783  140.929
 -38.587  149.229
 -32.670  144.227
 -30.510  127.479
 -29.411  139.892
 -41.520  144.050
 -24.455  146.435
 -27.105  151.345
 -47.190  138.597
 -21.888  147.335
 -39.284  151.138
 -42.537  139.949
 -26.629  152.753
 -19.582  146.528
 -35.947  125.364
 -41.816  150.903
 -36.381  148.207
 -21.229  154.186
 -24.741  142.957
 -37.030  144.487
 -31.789  141.150
 -34.670  134.230
 -23.005  153.656
 -30.511  147.533
 -36.674  165.652
 -26.519  153.281
 -32.185  145.754
 -29.664  154.870
 -34.234  135.552
 -30.224  147.941
 -31.993  141.670
 -32.332  138.544
 -30.148  139.152
 -43.257  145.564
 -28.375  145.527
 -40.151  136.510
 -44.826  152.428
 -39.757  137.518
 -31.067  141.850
 -44.125  156.386
 -21.857  140.898
 -30.669  132.298
 -33.513  140.152
 -30.862  148.116
 -44.180  139.963
 -39.285  147.750
 -36.970  152.935
 -39.780  150.513
 -31.323  142.649
 -34.132  136.029
 -38.050  149.988
 -32.032  152.584
 -33.010  156.293
 -33.519  160.205
 -38.740  154.173
 -32.453  142.298
 -47.066  147.424
 -40.005  144.937
 -41.901  160.647
 -15.650  149.907
 -27.175  142.535
 -37.073  154.554
 -27.116  142.527
 -27.030  146.637
 -32.238  151.155
 -39.589  150.366
 -31.171  143.962
 -20.619  151.607
 -29.392  148.725
 -23.701  145.798
 -31.147  136.507
 -35.250  137.728
 -22.096  137.734
 -23.323  149.497
 -36.241  145.042
 -31.347  132.153
 -39.873  150.695
 -32.441  132.302
 -22.519  139.643
 -41.119  146.189
 -29.019  158.651
 -46.576  141.697
 -41.694  151.761
 -23.943  143.223
 -27.893  147.586
 -28.790  143.506
 -32.340  137.974
 -36.911  147.734
 -30.910  144.948
 -41.677  153.384
 -32.818  159.353
 -36.433  143.758
 -31.518  146.473
 -33.132  143.775
 -31.604  143.956
 -36.912  142.451
 -41.641  155.470
 -40.765  139.640
 -43.557  135.931
 -36.020  150.453
 -33.600  168.131
 -33.089  152.772
 -31.258  136.595
 -25.651  139.662
 -34.398  144.661
 -24.558  143.099
 -36.761  153.825
 -40.651  151.609
 -26.013  156.150
 -28.546  138.052
 -37.477  147.351
 -25.812  138.729
 -36.082  156.087
 -37.585  148.986
 -42.790  147.396
 -32.162  150.374
 -21.737  143.652
 -33.954  156.454
 -29.990  137.660
 -34.398  154.084
 -39.628  141.130
 -38.573  158.944
 -25.310  136.539
 -32.631  140.121
 -32.895  149.235
 -22.617  154.253
 -26.552  137.280
 -26.591  140.210
 -32.032  141.583
 -37.741  146.943
 -51.636  147.945
 -31.620  150.731
 -32.610  142.354
 -37.129  141.656
 -23.217  143.196
 -30.415  146.986
 -32.834  146.232
 -17.907  144.908
 -23.518  155.254
 -33.287  142.592
 -35.316  142.509
 -32.325  145.099
 -37.443  150.313
 -35.853  146.195
 -38.785  157.885
 -34.802  141.659
 -35.292  131.128
 -20.407  137.638
 -35.717  141.064
 -38.335  143.628
 -18.685  154.116
 -40.135  155.715
 -38.904  153.708
 -39.548  139.500
 -42.956  152.528
 -30.873  139.850
 -27.678  138.289
 -19.131  138.543
 -29.110  155.473
 -30.365  149.524
 -25.833  140.332
 -39.370  144.285
 -21.740  154.297
 -32.762  135.954
 -23.694  148.849
 -31.139  135.171
 -27.421  140.160
 -40.013  145.226
 -40.058  155.121
 -50.283  155.234
 -48.505  151.836
 -43.404  160.785
 -43.483  154.839
 -32.896  142.216
 -44.481  146.790
 -28.984  147.581
 -47.948  139.282
 -33.846  144.671
 -29.288  142.662
 -29.712  143.299
 -33.705  139.488
 -24.957  148.504
 -35.263  146.968
 -30.960  152.941
 -35.058  154.736
 -33.726  133.575
 -22.896  155.858
 -33.239  139.603
 -38.761  152.862
 -23.153  139.340
 -29.210  135.772
 -38.513  137.804
 -35.909  148.620
 -47.264  149.015
 -44.855  148.730
 -37.998  140.604
 -30.168  158.469
 -41.559  141.694
 -35.893  153.870
 -31.712  152.545
 -29.525  148.447
 -27.653  146.840
 -29.618  128.071
 -40.074  154.161
 -29.527  144.387
 -32.773  144.715
 -46.450  148.330
 -33.835  137.429
 -22.958  142.028
 -19.040  135.071
