-170.794  138.004
-166.204  136.795
 175.266  133.110
 176.639  113.938
 176.999  140.536
-167.957  128.762
-164.553  140.628
 178.431  135.738
 172.565  131.402
-170.751  126.142
-177.557  127.473
-172.973  153.854
-175.850  140.533
-177.717  140.481
-178.120  138.955
-171.115  137.388
 165.326  139.499
-166.721  129.508
-177.640  142.249
 173.226  135.122
 177.696  151.442
 171.578  129.415
 167.314  148.337
-178.506  143.495
-171.661  130.979
 172.975  150.845
-168.475  136.945
-177.284  136.966
-171.665  135.477
-178.751  130.255
-169.173  130.906
 178.550  154.665
 176.504  129.905
-171.045  132.721
 174.336  134.483
-179.549  137.244
-170.075  138.875
 174.596  138.453
 176.847  135.004
-179.212  134.515
-167.560  138.505
-178.334  136.361
 170.874  132.547
-175.449  122.146
 178.040  138.339
 175.362  138.317
-174.562  141.471
-173.729  145.621
-174.919  146.245
-171.270  141.453
 175.404  144.110
 168.947  136.668
-172.610  141.184
-177.231  135.491
-172.501  140.421
-171.415  135.537
-175.651  144.610
-171.586  138.305
-154.325  132.507
-175.132  137.257
-167.432  125.067
-163.891  140.953
-174.507  133.623
-174.769  131.676
 178.988  151.305
-165.026  127.418
 174.103  142.164
-165.082  156.059
-167.438  141.499
-179.519  129.382
-178.194  121.785
-174.542  126.416
-178.706  135.533
-169.938  143.955
-170.955  123.619
 174.002  142.709
 178.588  123.685
 176.197  130.103
-177.042  129.423
 179.081  146.626
-176.319  130.457
-173.048  135.068
-169.276  136.785
-166.168  148.651
-172.332  116.588
 154.481  120.135
 173.021  148.628
-175.078  125.759
-172.984  139.315
 172.450  120.282
 165.357  133.566
 174.605  145.700
-177.335  136.269
-168.370  131.670
-173.582  128.857
 172.596  135.623
-176.717  138.200
-172.993  132.878
 174.804  114.904
-172.668  124.896
-173.178  136.567
-175.922  146.961
-173.982  141.392
 173.564  135.627
-174.065  139.246
 171.519  147.674
 175.842  142.013
 170.217  139.402
 176.355  148.161
-175.698  155.943
 176.344  128.656
 164.059  126.897
-175.152  129.627
-177.307  142.094
-172.195  140.365
 177.528  126.408
 177.720  129.964
-168.804  134.255
-169.659  131.236
 165.368  129.806
-173.860  136.579
 176.404  143.561
-177.132  140.255
-171.092  141.843
-179.278  152.881
 178.669  140.233
 176.696  142.012
-173.614  124.078
 175.417  147.094
 175.877  130.063
 176.167  124.141
 178.691  142.384
-175.332  137.934
-171.359  134.652
 176.206  139.181
-164.181  129.015
 177.357  138.602
-178.481  138.141
-170.989  142.535
 179.747  135.068
-179.640  127.716
-174.340  133.374
-162.926  129.710
-170.222  130.034
-166.527  135.641
 174.824  140.393
-165.890  133.947
-166.208  139.966
 175.451  132.285
-175.465  137.774
-178.617  139.905
 178.538  126.601
 171.525  128.768
 175.367  146.435
-161.850  126.749
-172.313  138.307
-171.574  133.510
 177.100  122.923
-177.973  135.826
 167.045  147.909
-175.730  136.606
-177.545  132.931
-172.249  139.563
-165.508  144.608
 171.747  145.960
-174.490  141.416
-171.931  149.081
 171.965  123.540
 176.100  137.600
-169.608  128.396
-168.394  141.892
 169.420  139.003
-173.908  143.661
 171.187  137.726
-175.928  146.690
-167.276  149.358
 169.116  153.100
-176.978  131.451
 179.878  145.658
 170.085  139.315
-177.739  145.479
-178.301  142.825
-175.974  147.014
 171.528  139.343
-171.395  132.833
-170.830  142.038
-171.790  128.454
 179.165  139.500
 179.084  137.726
 172.007  121.653
 173.164  140.750
-172.777  141.055
 176.940  137.272
 176.357  132.665
 175.829  136.878
 176.348  143.801
-167.917  145.917
-169.738  141.004
 173.883  137.125
 165.776  122.646
-177.684  129.332
-173.547  131.480
-171.647  141.396
-172.185  130.894
-174.262  137.021
-179.821  115.768
-170.281  138.190
-170.916  137.280
-177.591  132.915
 176.209  134.926
-168.557  139.555
 178.239  144.788
-169.859  139.214
 178.660  139.198
-170.359  144.047
-174.852  141.563
 168.596  141.625
 168.430  133.667
-176.931  136.936
 179.496  144.349
-179.661  136.968
-166.748  140.831
-158.717  139.185
-175.068  140.524
-171.830  142.824
-170.444  144.996
 176.379  142.726
-175.062  136.451
-165.504  149.666
 176.985  147.286
 178.761  136.147
-174.602  141.074
 174.046  145.321
 175.084  144.843
 169.710  145.173
-163.493  142.562
-170.053  136.498
-165.589  133.205
-175.589  142.893
 175.125  133.792
-177.712  148.977
 177.217  136.955
-179.492  148.503
 178.251  138.809
-174.709  134.481
 171.683  140.069
 171.136  125.892
-179.705  149.142
-173.796  143.839
-179.665  130.987
 175.854  136.962
-172.646  128.836
-174.834  129.745
 171.498  134.773
 174.794  146.823
-174.196  134.295
-176.511  120.411
-158.922  138.204
-165.195  137.612
-168.094  137.760
-174.621  122.249
 176.274  145.037
-170.654  132.138
 174.852  135.637
-168.178  128.655
 159.440  136.934
-170.938  125.031
-167.731  147.133
 169.116  135.353
 179.198  134.273
 175.398  135.877
-168.868  136.735
-171.801  143.990
-170.305  143.866
 173.925  136.582
-177.660  138.082
-177.131  137.240
-179.948  135.919
 173.446  135.957
-178.375  140.951
-172.318  147.868
 179.672  140.825
 178.227  136.057
 178.077  129.553
-176.265  133.802
-171.340  146.317
 174.322  132.705
 175.846  136.898
-175.154  136.555
 177.069  132.863
 174.009  125.624
-159.394  128.205
-160.915  134.120
-174.683  153.306
-179.227  141.375
-167.896  136.519
-166.402  138.691
-173.742  129.670
-177.062  126.099
-178.011  142.565
-178.656  144.387
 167.827  149.103
-180.000  132.230
 171.824  154.482
 179.293  154.765
-174.303  134.834
 177.216  135.825
-177.435  132.604
-160.849  130.548
-176.281  134.578
 179.972  119.568
-169.347  128.941
 175.485  133.443
-171.252  143.859
 176.152  138.452
 179.284  144.124
-166.054  132.200
 175.425  131.900
-178.157  136.117
-173.139  141.836
-168.796  141.361
 176.430  140.660
-166.592  128.620
 169.418  137.000
 171.780  143.727
-168.474  131.152
-170.171  125.353
-164.026  146.804
-163.806  132.702
 174.887  152.325
 172.620  140.051
 165.484  143.384
-173.402  149.371
-175.958  129.575
-179.703  136.947
-176.072  132.134
-167.487  143.836
 174.113  133.012
-178.000  133.874
-175.673  123.817
-175.469  118.172
-173.005  140.847
 179.649  137.914
-175.304  135.581
 176.970  139.029
-172.297  145.310
 179.790  131.833
 172.986  137.923
-176.220  137.417
 168.614  129.327
-172.598  142.583
-176.536  143.324
-178.770  132.954
-176.431  133.367
-176.924  150.731
-173.097  134.104
 164.320  135.520
-174.591  141.355
-158.749  138.639
-165.738  141.685
-171.102  124.616
-173.744  136.770
-171.710  134.018
 175.246  149.039
-169.759  151.585
 174.549  148.000
 174.933  143.721
-177.106  133.007
 179.972  123.911
-178.952  128.221
 174.945  137.393
 172.325  144.897
-170.065  136.167
 177.276  141.378
-179.289  116.570
-176.204  141.508
-176.703  141.201
-169.199  144.953
 179.620  149.624
-176.150  131.769
 174.434  132.586
-177.159  124.806
 172.843  128.590
-176.906  129.782
 172.324  127.938
-163.359  145.114
-168.839  142.705
-159.263  117.089
-179.312  133.811
-170.748  141.014
-177.388  129.518
-166.265  134.533
 178.402  145.238
-171.315  145.044
 179.792  131.734
-178.028  134.307
 174.977  139.685
 175.568  136.388
 175.268  143.702
 176.842  142.469
-165.921  129.740
 178.227  138.660
-164.595  142.752
-179.972  145.962
-175.710  145.417
 173.399  144.449
-171.856  147.758
-167.263  132.478
-172.587  138.715
 179.031  145.159
-171.663  139.913
-178.878  139.681
-174.140  138.588
-168.844  129.401
-158.188  125.062
-179.122  136.383
-172.413  133.229
-176.639  134.969
 170.200  121.926
-177.812  139.209
-168.814  144.039
-169.889  145.946
 168.229  137.908
-177.865  140.473
 176.881  138.236
-171.123  135.015
 177.366  141.148
-174.750  146.640
 176.631  139.690
-179.500  135.473
-170.879  133.274
-169.742  126.586
-172.227  120.324
-178.472  130.041
-172.430  124.645
-172.618  130.610
-175.823  136.564
-177.522  144.832
-176.881  124.029
 164.310  147.493
 164.529  133.635
-176.217  131.484
-171.110  127.168
 172.158  127.503
 178.170  136.269
-177.889  134.723
-171.689  145.172
-152.800  143.557
-172.323  142.001
 171.790  148.954
-164.236  135.571
 179.094  130.888
-169.331  142.510
 175.978  138.487
-169.643  134.463
 175.166  140.003
-164.637  132.510
-174.784  134.639
 176.794  123.250
 174.712  127.728
 166.770  140.215
-177.139  137.849
 178.260  125.686
-179.418  132.909
 169.914  125.005
-173.649  129.654
-176.437  137.782
 179.775  140.963
 177.516  142.417
 173.770  118.119
-159.822  115.372
 176.425  144.466
 170.553  138.067
-170.772  146.124
-173.611  138.142
 178.755  120.169
-176.701  138.884
-164.314  141.038
-170.925  143.443
 176.069  127.549
-174.888  123.912
-178.640  133.055
-168.336  142.314
 176.258  127.379
 177.233  131.541
-175.734  138.881
-170.095  128.669
-173.611  144.018
 174.288  158.305
-173.543  130.264
-171.124  140.638
-164.200  129.470
 169.385  116.005
-175.995  125.669
 175.558  149.143
-174.656  129.893
-169.671  129.914
-174.518  131.022
-172.994  127.290
 164.368  142.372
 177.504  138.213
 174.100  137.690
 177.879  134.312
 178.914  125.187
-175.842  133.348
-172.621  134.129
 177.937  140.972
-171.651  143.666
-179.842  120.474
-168.462  147.825
-174.078  127.786
-165.540  141.065
-179.677  147.568
-174.447  131.900
 179.195  149.298
 177.729  136.919
-178.453  145.661
-176.956  148.481
 179.303  142.210
-171.621  126.657
 179.584  128.228
-166.514  135.706
 174.796  133.023
 174.111  119.819
-179.801  141.917
 177.895  149.467
-164.008  125.885
-171.764  147.501
-179.167  128.092
-178.360  128.409
 177.323  131.717
-175.752  148.981
-173.529  136.265
 176.420  118.686
-171.711  141.472
-178.091  126.005
-171.390  143.457
 176.674  138.285
-167.032  144.547
-176.109  136.242
-179.847  146.749
-178.303  121.159
-175.628  115.676
 171.926  139.905
 174.872  140.934
-171.193  143.559
-164.584  129.751
-171.198  123.896
-167.021  130.839
-171.858  147.669
-166.760  141.616
 174.789  130.562
-169.729  149.880
-174.206  132.113
-172.616  135.178
-171.880  135.501
-160.471  147.091
 179.857  129.831
 159.268  152.486
-172.788  128.693
 173.269  128.351
-178.163  123.336
 178.643  131.740
-161.692  137.565
 168.415  136.947
-165.171  137.115
 176.939  148.526
-178.697  139.229
-171.391  147.128
-178.557  118.154
-169.951  136.137
-173.144  139.266
-165.251  140.255
-175.395  143.410
-166.529  127.297
-174.447  124.449
 174.674  130.739
-174.784  142.962
 177.418  136.141
 179.218  140.890
-172.327  137.385
-173.860  139.225
 175.152  144.808
 178.441  126.665
-176.323  132.500
 173.060  149.286
-177.872  143.203
 175.004  132.325
 178.087  134.215
-168.269  127.555
-177.542  136.906
 175.029  146.400
-171.109  140.112
-179.315  138.503
-178.463  125.440
 178.686  134.568
-174.875  143.166
 179.836  141.536
-179.580  130.767
-172.416  138.652
-174.496  129.548
-168.552  128.576
-163.293  131.587
-172.875  145.334
-164.422  146.545
-168.199  140.371
-176.864  132.441
-177.838  121.988
-167.985  151.689
 169.252  127.909
-177.686  133.900
-174.480  133.571
-179.351  139.276
 175.969  137.192
 173.665  130.658
-178.834  135.057
 176.829  138.154
-170.313  131.435
-177.681  141.653
-177.631  135.431
-173.486  128.035
-172.970  142.972
-176.242  136.497
-173.007  135.004
 172.997  127.010
-177.502  125.358
 179.499  135.824
-166.137  145.115
 178.416  131.382
-169.386  146.338
 179.659  138.005
 167.113  145.611
-174.286  138.284
-178.896  129.769
-157.048  137.391
-172.468  141.573
-175.205  129.529
-171.413  135.814
-169.148  138.621
 179.948  141.043
 171.449  134.908
-169.344  131.047
-175.866  138.946
-172.000  144.753
 177.523  113.159
 175.449  122.091
 174.697  125.935
-177.425  148.288
-179.670  132.374
 179.527  139.665
-178.565  133.689
-171.173  122.663
-172.237  133.557
 177.620  138.452
 175.801  139.009
 176.940  141.209
-179.290  143.140
-178.992  119.759
 173.957  129.047
-168.613  127.364
-168.208  133.322
-177.376  134.271
 175.490  138.804
-164.309  128.060
-173.427  144.097
-161.679  147.868
-169.925  132.226
-179.387  127.491
-168.563  131.328
 178.351  126.124
 167.617  144.655
-177.931  146.280
-175.353  144.308
-172.433  135.769
-173.730  143.323
-156.167  129.904
-167.498  141.820
-171.335  133.078
 167.560  139.001
-174.178  132.475
 179.549  125.136
 179.551  147.020
 166.750  137.128
 166.436  142.703
 177.674  122.514
-167.275  154.808
-176.399  142.195
 176.831  141.663
-178.610  134.155
-164.503  135.688
-178.884  139.373
 174.709  132.829
-179.019  138.348
-176.872  134.301
-176.894  139.103
-177.152  146.474
 175.104  132.802
-171.156  106.986
-166.789  143.031
 178.914  146.427
 173.891  120.407
-174.427  149.928
-178.469  136.314
-167.279  148.652
 173.547  151.177
-168.138  132.573
 172.457  135.468
-168.380  142.750
-163.269  127.597
-177.587  142.628
 173.978  125.387
 167.482  130.080
-177.484  110.753
-166.883  115.700
-168.724  128.042
-179.980  133.297
-173.708  132.907
-170.774  128.451
 176.078  124.536
 178.004  135.892
-175.418  140.925
 174.297  139.070
-177.269  135.462
 173.907  126.229
-175.397  121.172
 179.623  139.646
-178.335  135.421
-175.225  117.296
-178.926  147.538
-169.510  130.880
 177.341  132.312
-164.912  141.961
-171.219  147.913
-164.848  121.705
-167.835  136.682
-169.352  136.586
 173.947  141.675
 177.791  147.128
-173.952  124.339
 170.827  135.499
 177.107  136.534
 171.574  139.628
 179.444  127.598
-176.297  132.504
-174.088  139.814
 179.806  143.750
-167.633  131.502
-175.537  129.509
 174.995  136.902
-170.624  131.129
-170.202  150.565
 176.631  138.825
 177.646  121.561
 172.830  135.196
-179.276  135.196
 176.542  133.151
-175.568  131.116
-171.086  134.994
 179.420  139.131
-172.036  133.303
-179.412  150.723
 167.156  130.216
 168.667  128.721
 163.368  151.379
 175.156  128.229
-173.774  143.704
-176.417  144.968
-174.609  136.561
-175.372  137.276
-168.973  132.969
-176.035  119.101
-169.569  133.367
-173.705  141.973
 177.743  142.466
 168.503  138.412
 179.283  126.509
 174.415  136.011
-173.291  138.237
-178.636  149.267
-178.961  132.148
 176.123  138.146
-165.228  135.317
-175.486  138.867
 176.592  136.001
 171.558  130.498
 159.940  137.973
 173.599  150.650
 176.018  139.655
 174.886  123.338
 178.900  141.463
-170.306  132.148
-176.074  141.376
 176.162  146.567
 179.173  130.134
-172.611  135.587
 171.568  128.597
 169.758  131.646
-169.149  123.723
-176.737  137.517
 177.539  147.893
-174.499  150.023
 171.127  140.882
-174.439  133.104
 176.353  139.402
-168.546  149.647
-163.058  138.043
-172.261  146.966
-168.429  138.303
-175.879  143.978
 173.944  132.588
-177.402  133.944
-176.880  130.115
-179.682  129.149
-179.564  138.407
-168.671  113.535
-178.426  146.523
-176.703  141.848
 174.751  137.524
-174.431  134.791
 166.967  141.789
 176.653  131.897
-173.584  133.371
 177.014  138.029
-166.188  133.172
-174.221  143.642
-166.194  125.807
-177.211  139.047
 171.973  129.502
-175.178  137.721
-159.568  140.163
 174.477  134.713
-176.370  125.511
-177.923  124.971
 173.416  119.836
 167.702  136.435
-173.137  147.405
-179.052  132.404
-169.116  138.359
-171.004  135.210
-156.027  122.422
-170.245  139.918
-178.983  140.420
-163.062  136.711
-171.605  130.829
-179.332  135.413
-167.509  136.064
-167.967  141.296
 178.985  142.206
 172.669  129.049
 179.754  128.137
 175.855  134.667
 177.927  132.713
 169.510  125.486
 170.715  113.426
 175.863  132.756
 171.428  130.300
 173.452  132.120
 176.506  145.183
 173.299  145.794
-169.294  129.840
 174.953  136.093
-174.891  129.235
 174.758  127.140
 174.861  150.639
-172.182  130.024
-166.170  127.449
-174.418  130.941
-169.992  137.888
-170.447  149.711
-177.336  140.454
-170.172  144.511
 175.182  125.281
-177.709  131.426
 176.999  146.172
-174.885  138.385
 177.066  150.833
-167.815  147.040
 169.525  133.097
-176.695  134.128
-167.378  142.498
-179.457  138.944
-178.956  137.706
-167.656  151.954
-170.570  149.748
-173.188  133.199
-161.422  137.448
 159.290  113.673
 172.702  115.226
-171.380  145.804
-161.993  136.311
 165.833  140.421
 179.892  136.455
 172.812  125.021
-176.152  126.959
 179.429  133.982
-178.440  142.126
-165.427  127.503
 175.398  139.397
-173.802  130.222
-175.116  141.406
-178.606  138.519
-177.995  140.969
-162.269  138.196
-174.142  143.469
 177.571  136.175
 175.852  123.735
-174.499  131.174
-167.044  133.574
 178.711  130.801
-175.375  131.641
 175.363  144.397
-172.893  152.792
-174.634  135.830
 166.913  123.930
-158.419  132.567
-176.844  134.753
-176.975  145.854
-173.166  146.941
 179.251  150.339
-178.847  128.776
-179.576  135.541
-174.430  135.070
-176.541  155.462
-179.090  141.704
 177.570  142.566
-170.673  145.080
-175.236  130.902
-173.903  125.886
 176.500  146.919
 177.462  128.946
 173.440  115.663
 172.678  137.208
-177.940  131.331
-177.148  140.009
 171.635  129.438
 179.000  147.082
-174.467  140.768
-169.893  145.468
-176.925  140.573
 178.153  142.594
-172.298  118.011
-167.117  132.465
-177.983  131.125
-178.214  134.926
-176.506  136.609
-173.000  137.082
-167.351  144.616
 176.370  131.434
 176.623  139.755
 176.467  124.783
 179.221  143.825
-173.615  138.756
-175.551  142.594
 166.583  138.835
-172.085  140.291
-178.940  140.969
-169.123  142.507
 178.458  138.806
-173.619  130.654
-168.824  124.515
-166.850  139.103
 167.229  148.322
 175.636  131.164
 168.087  130.894
-178.615  143.773
 177.953  137.003
-170.022  124.319
-174.971  136.584
-169.371  124.670
-169.924  158.813
 170.502  135.759
-161.774  148.498
-179.249  146.915
-174.303  133.159
 176.867  135.340
-165.437  134.719
 179.443  134.878
-170.907  129.571
 171.097  128.105
 174.763  129.192
-171.116  139.810
 172.916  144.365
 178.383  146.521
 177.053  138.834
-165.915  136.439
-168.480  136.692
-165.211  137.176
-166.360  136.989
 176.310  140.165
-174.057  135.111
-163.820  144.574
 178.546  134.654
-175.819  128.002
-179.903  144.262
 176.889  138.776
 176.096  145.488
 169.841  131.655
-171.919  133.489
 168.267  135.864
 174.546  132.631
