 163.215  136.883
 142.918  141.090
 145.409  141.458
 177.036  134.118
 165.515  129.895
 166.655  144.794
 175.012  124.786
 171.905  126.906
 155.135  139.276
 155.558  124.254
 155.105  124.673
 164.132  141.282
-176.222  134.779
 168.462  139.960
 164.435  135.961
 150.027  140.274
 159.092  122.258
 157.183  134.770
 157.862  117.907
 171.872  137.781
 161.443  138.724
 159.282  125.810
-175.115  140.698
 173.151  134.225
 167.441  148.895
 169.643  132.885
 167.409  140.465
 179.921  137.893
 173.182  130.651
 167.149  128.054
 149.077  136.822
 162.838  133.514
 170.429  142.657
 168.975  129.120
 158.404  137.895
 161.595  147.209
 151.602  133.457
 161.703  126.557
 166.883  130.367
 137.623  125.498
 174.057  130.867
 156.414  150.587
 175.143  146.259
 173.362  135.645
 171.680  141.356
 149.179  137.651
 159.841  135.490
 156.309  133.295
 162.726  128.864
 172.457  138.717
 164.976  133.152
 162.994  125.642
 172.440  140.320
 165.235  123.841
 147.799  131.953
 162.710  128.881
 171.420  136.690
 167.628  134.370
-176.817  123.791
 168.565  138.780
 152.770  130.114
 169.177  132.177
 165.071  129.243
 157.133  129.266
 159.560  143.044
-173.410  136.074
 167.572  146.810
 167.817  146.964
 171.642  148.856
 179.205  135.497
 170.050  139.475
 162.768  152.956
 163.986  129.159
 169.288  142.071
 152.974  128.098
 159.412  127.931
 170.722  146.872
 170.585  124.633
 172.339  130.688
 167.465  139.824
 167.331  146.951
 161.102  132.743
 160.469  147.070
 162.856  136.340
 158.313  140.680
 156.436  143.786
 160.362  140.630
 158.418  125.404
 156.893  129.969
 159.349  147.104
 169.118  146.283
-179.305  137.283
 164.420  131.928
 177.402  128.971
 173.797  141.341
 164.856  138.537
 161.776  139.136
 166.921  132.552
 179.599  147.534
 167.622  133.666
 156.183  139.419
 168.086  141.894
 163.690  126.607
 162.444  136.582
 164.986  134.608
 177.384  144.592
 177.925  130.211
 156.432  130.025
 168.411  133.231
 171.711  149.511
 168.678  141.474
 160.049  133.123
 159.726  139.012
 167.442  127.775
 158.238  128.114
 162.433  129.546
 164.436  133.816
 177.163  137.821
 164.871  136.350
 169.419  133.073
 168.339  111.789
 176.905  136.501
 166.851  127.230
 152.146  137.793
 167.344  132.585
 158.626  130.917
 156.167  135.690
 167.299  132.710
 173.461  131.446
 175.768  116.648
 158.849  125.969
 171.513  134.781
 172.901  146.386
 173.344  143.523
 160.619  144.261
 157.350  122.018
 172.802  130.711
-174.191  149.195
 177.996  138.528
 163.556  139.997
 169.564  148.311
 159.204  123.267
 158.965  127.622
 172.005  129.827
 171.027  137.180
 168.907  129.955
 170.283  139.390
 150.641  131.313
 153.841  138.292
 168.406  126.185
 171.267  128.334
 156.913  133.840
 154.092  121.651
 158.796  134.291
 156.014  117.487
 178.558  128.760
 159.937  130.556
 178.397  140.915
 170.510  130.280
 177.388  127.083
 168.161  148.528
 162.117  136.409
 176.118  140.406
 169.643  131.134
 150.140  131.481
 163.702  124.520
 170.916  148.107
 169.705  143.659
 168.553  134.796
 176.215  137.547
 176.681  144.815
 168.892  133.230
 156.205  138.472
 172.541  124.139
 164.514  133.802
 166.579  123.172
 161.772  146.240
 166.955  134.479
 174.481  131.957
 157.674  141.532
 147.834  133.739
 159.472  141.053
 172.407  131.712
 152.574  135.262
 165.466  148.714
-175.604  124.760
 168.646  133.420
 170.228  129.981
 157.202  150.201
 172.322  140.656
 158.040  132.707
 165.197  131.269
 164.177  137.968
 178.382  137.600
 163.531  136.692
 150.935  136.843
 175.151  141.542
 172.274  133.026
 153.374  142.768
 168.886  144.041
 163.740  122.607
 170.353  125.615
 170.524  128.895
 157.622  131.171
 155.497  137.141
 163.259  122.964
-178.070  143.687
 168.976  148.821
 163.943  135.841
 158.695  136.645
 170.033  137.998
 152.822  126.131
 165.305  125.713
 153.554  146.400
 175.545  133.290
 164.702  136.631
 165.663  129.867
 175.746  138.380
 156.985  135.430
 166.257  146.239
 161.234  122.602
 158.581  135.185
 171.875  150.017
 167.963  146.798
 160.363  123.506
 160.979  128.675
 178.785  138.989
 165.069  135.830
 154.073  138.868
 164.380  136.469
 164.771  135.055
-179.611  144.020
-176.718  140.052
 169.471  136.393
 155.057  134.333
 166.706  128.211
 165.241  136.885
 151.868  141.786
 168.676  143.507
 168.995  134.458
 152.482  144.366
 168.789  145.441
 162.072  137.079
 158.272  132.750
 171.171  139.597
 168.098  132.180
 160.686  139.972
 168.239  134.422
 172.447  147.593
 163.439  146.444
 161.978  137.309
 159.450  148.186
 173.688  131.893
 164.660  143.693
 156.604  140.263
 177.074  138.026
 165.299  133.383
 161.673  143.545
 162.057  135.694
 170.312  152.514
 174.556  147.657
 162.155  145.303
 153.409  142.633
 157.826  131.020
 166.800  142.935
 162.698  142.199
 175.410  135.719
 173.539  140.126
 169.094  133.068
 152.052  124.171
 176.360  128.659
 169.398  120.464
 158.161  138.587
 168.355  131.149
 162.173  138.851
 173.832  137.384
 169.797  136.992
 166.903  125.033
 163.681  139.871
 156.690  144.617
 172.424  123.137
 168.832  129.205
-176.297  142.250
 162.717  131.774
 156.257  126.725
 167.182  128.636
-176.827  136.558
 172.395  141.873
 170.421  141.855
 168.249  123.624
 174.310  141.854
 161.476  114.250
 170.439  145.887
 170.728  137.632
 162.173  141.252
 165.003  145.779
 173.961  137.755
 157.757  116.404
 164.559  137.960
 157.056  142.065
 159.550  139.058
-164.825  141.815
-178.695  147.029
 146.509  141.113
 153.797  143.686
 163.030  125.029
 164.562  137.621
 166.686  126.933
 173.541  139.570
 160.848  129.554
 177.518  143.682
 173.399  138.709
 174.958  128.924
 153.446  141.854
 169.065  143.140
 161.735  124.039
 162.884  136.629
 163.380  145.694
 163.323  147.811
-174.587  132.076
 173.875  140.432
 164.575  134.746
 172.267  147.532
 158.499  138.161
 163.669  136.911
 173.339  134.014
 171.542  126.715
 165.600  146.213
 159.932  128.738
-178.161  131.608
 165.241  122.294
 176.937  139.146
-173.306  129.113
 160.495  130.580
 174.767  146.682
 177.700  130.704
 171.293  144.845
 163.267  128.251
 163.705  134.297
 174.778  129.550
 154.496  133.013
-173.250  143.497
 155.767  129.808
 178.677  134.513
 156.235  122.366
 163.396  136.570
 166.871  143.792
 171.372  148.582
 157.773  143.904
 168.334  131.340
 160.872  126.177
 170.696  125.862
-177.479  148.607
 174.428  132.468
 167.613  140.311
 166.815  148.816
 178.087  127.814
 152.438  134.039
 174.947  137.133
 159.289  120.076
 165.932  127.245
 156.376  143.698
 150.325  141.384
 156.561  135.955
 163.600  157.172
 164.260  138.911
 168.035  141.383
 167.398  124.092
 165.101  140.215
 163.587  127.991
 162.336  145.271
 164.643  125.573
 158.315  138.248
-175.905  144.783
 161.749  134.556
 169.248  145.494
 173.241  133.578
 158.742  143.731
 155.224  136.359
 169.142  152.874
 173.708  146.239
 176.444  148.004
 165.333  142.267
 165.869  126.853
 176.364  134.043
 159.052  146.025
 176.964  144.719
 164.187  129.158
 158.623  112.631
 167.136  132.395
 162.980  151.301
 175.704  130.391
 168.323  137.931
 154.125  129.514
 172.846  116.908
 156.612  125.430
 162.903  138.583
-172.591  141.537
 179.044  119.428
 162.611  152.250
 150.899  134.068
 155.397  149.469
 162.208  135.558
 177.152  127.716
 166.667  127.466
 171.137  128.285
 173.937  134.618
 168.476  123.705
 165.149  135.211
 167.401  124.536
 151.811  145.308
 167.685  123.471
 164.053  138.326
 163.995  145.199
 178.018  125.519
 158.994  145.282
 171.925  138.310
 174.184  136.091
 170.401  138.798
 161.306  148.926
 152.055  138.651
 169.181  126.174
 155.142  140.555
 173.746  140.872
 172.711  137.619
 160.681  135.269
 159.956  149.486
 170.155  135.061
 161.690  136.953
 160.121  125.702
 164.235  144.855
 166.616  132.611
-179.372  137.603
 156.962  150.379
 166.001  144.240
 161.312  137.360
 162.323  141.013
 165.353  148.860
 169.596  141.240
 161.244  135.034
 168.807  137.540
 148.553  134.240
 166.038  145.770
 165.680  125.014
 165.205  132.528
 166.291  138.479
 175.253  127.459
 166.864  125.694
 160.226  141.811
 170.242  145.827
 160.001  142.739
 172.457  130.501
 166.699  133.725
 168.315  142.396
 170.957  139.272
 164.515  130.796
 156.730  133.274
 166.346  133.116
 156.129  132.351
 172.805  132.060
 177.743  127.101
 164.878  132.180
 165.746  130.555
 169.785  137.032
 166.947  139.857
 156.398  134.684
 169.602  140.725
 161.888  139.884
 158.022  145.645
 161.082  136.132
 167.029  128.518
 156.337  131.005
 160.509  147.801
 165.850  139.873
-176.231  126.818
 165.953  140.930
 158.095  128.012
 170.884  134.261
 179.201  132.046
 171.076  132.054
 172.263  134.925
 166.518  134.979
 172.014  141.794
 164.244  152.356
 151.952  139.619
 161.057  126.809
 179.319  137.817
 161.174  137.642
 172.452  126.408
 161.710  132.297
 153.695  119.803
 162.766  127.840
 166.232  150.626
 170.793  124.368
 163.208  137.619
 176.055  139.965
 171.984  125.787
 165.237  136.927
 178.047  136.471
 164.789  139.526
 167.927  138.173
 172.802  138.315
 170.044  131.472
 163.704  133.137
 169.376  131.270
 153.047  139.957
 164.796  146.428
 169.617  148.756
 160.299  122.425
 164.379  149.607
 165.033  127.793
 168.378  130.573
 158.636  119.659
 162.773  133.453
 165.354  140.158
 153.032  137.961
 168.344  143.263
 174.116  150.937
 163.479  143.044
 171.444  140.057
 171.511  150.190
 168.810  129.976
 176.276  136.784
 163.313  145.976
 170.315  133.714
 157.295  146.341
 162.339  125.877
 161.759  139.280
-174.716  140.027
 173.348  134.678
 156.994  129.389
 153.836  143.132
 174.292  118.259
 176.039  142.744
 158.776  126.975
-177.748  150.378
 171.714  143.467
 152.658  130.892
 164.733  140.656
 170.672  147.982
 164.597  138.046
 162.052  141.605
 163.682  121.745
 172.990  130.095
 176.151  143.116
 155.603  129.684
 168.040  134.736
 159.522  124.904
 170.618  132.032
 166.036  126.896
 166.094  137.655
 164.582  137.014
 162.077  140.589
 151.208  140.673
-179.063  144.225
 172.663  142.635
 157.112  124.990
 159.873  142.945
 161.578  138.089
 163.394  144.861
 165.180  132.243
 176.512  138.334
 163.066  122.029
 171.995  134.529
 163.880  131.075
 170.765  140.240
 156.516  128.760
 170.585  141.762
 157.741  136.580
 162.339  122.579
 176.042  124.484
 161.257  139.698
 160.542  154.298
 178.268  150.580
 174.295  144.883
 163.875  141.005
 158.129  133.536
 161.814  146.840
 176.157  150.751
 167.864  137.351
-177.472  140.692
 162.004  144.254
 170.040  128.466
 170.332  147.430
 159.746  147.193
 173.137  131.197
-178.377  146.986
 171.176  121.749
 163.210  124.709
 164.386  134.481
 153.862  129.325
 152.379  116.021
 155.250  145.321
 157.670  127.971
 157.463  145.303
 167.960  144.965
 159.944  138.805
 165.848  133.695
 173.452  141.646
 166.718  137.204
 174.346  127.073
 161.908  135.109
 167.489  140.054
 168.463  126.089
 151.868  139.027
 175.679  125.358
 172.409  133.432
 153.036  116.986
 168.172  134.445
 154.927  133.679
 173.782  129.372
 166.318  140.022
 161.585  137.059
 162.915  142.461
 167.510  128.428
 164.045  142.824
 156.127  119.841
 172.140  142.416
 156.787  137.713
 163.576  144.427
 164.272  142.792
 167.586  126.302
 166.794  121.323
 164.998  118.289
 166.587  154.283
 169.859  142.917
 164.496  137.895
 169.552  150.867
 172.176  137.509
 155.926  139.503
 162.314  118.575
 177.215  138.371
 168.031  128.328
 169.694  133.890
 162.418  125.975
 152.410  128.137
 155.637  137.668
-165.646  142.209
 167.419  134.863
 174.977  131.276
 161.518  142.078
 172.692  149.711
 165.152  149.299
-178.077  124.371
 164.067  139.367
 171.416  148.661
 171.533  136.545
 158.247  146.081
 161.162  126.760
 165.629  144.206
 164.720  130.872
 158.865  151.380
 152.287  130.198
 170.122  126.157
 170.842  145.428
 157.514  136.526
 162.456  135.590
 169.778  138.153
 168.256  132.591
 165.186  147.681
 177.335  131.254
 172.726  146.604
 178.553  141.019
 167.560  137.569
 174.032  136.753
 163.443  132.375
 172.670  133.255
 167.597  143.359
 171.048  136.088
 177.859  137.228
 151.521  131.625
 170.345  140.355
 173.957  139.280
 168.218  146.528
 165.193  133.829
 169.250  120.441
 163.160  146.891
 163.038  143.012
 150.737  143.656
-179.838  147.836
 160.013  111.790
 163.856  146.034
 176.921  147.330
 159.524  133.458
 160.506  145.188
 157.159  136.488
 164.869  134.210
 169.088  151.039
 162.741  131.695
 173.656  133.164
 173.326  142.043
 159.137  133.338
 160.287  121.741
 160.990  140.600
 174.564  141.596
-179.712  114.932
 173.024  141.713
 163.622  141.920
 172.135  124.012
 167.504  125.934
 178.604  138.785
 150.095  139.064
 164.238  130.827
 167.360  129.341
 172.577  131.879
 160.659  139.053
 171.850  136.686
 155.469  140.962
 166.271  132.732
 170.867  150.363
 165.110  130.662
-179.686  140.383
 179.829  142.723
 156.711  121.732
 168.871  134.716
 157.963  121.899
 169.806  129.457
 168.192  126.848
 157.615  145.827
 165.579  124.575
 163.099  149.409
 158.701  139.338
 162.388  146.419
 166.896  140.341
 157.045  132.350
 171.108  139.129
 159.137  130.938
 178.350  135.503
 170.350  138.332
 177.854  129.331
 162.286  144.354
 165.948  143.457
 170.035  135.171
 165.206  139.953
 170.697  126.773
 166.413  120.976
 169.854  132.650
 164.759  126.478
 165.677  134.687
 170.639  125.041
 168.338  134.521
 164.891  123.375
 166.497  138.177
 167.634  131.435
 156.823  135.006
 164.960  128.969
 164.477  137.586
 161.438  133.552
 160.248  141.163
 151.920  118.720
 177.435  140.304
 156.042  145.227
-175.682  135.697
 156.238  140.039
 176.970  143.225
-178.686  140.187
-179.245  133.021
 169.378  129.302
 153.860  144.732
 169.379  130.353
 167.695  142.276
 168.667  128.862
 173.370  128.273
 169.482  128.944
 168.632  140.162
 171.233  136.909
 167.287  119.791
 153.927  117.749
 154.164  142.091
 174.263  144.397
 171.629  128.447
 150.611  131.793
 155.861  125.564
 164.396  129.719
-173.603  145.566
 162.381  135.301
 168.136  145.483
 164.859  144.657
 163.881  127.268
 167.882  143.645
 168.387  138.527
 157.063  137.003
 163.577  143.707
 154.870  132.054
 162.043  134.454
 165.975  150.982
 172.263  121.785
 169.428  137.350
 163.160  134.792
 162.132  115.129
 160.251  135.078
 170.006  135.276
 171.812  115.627
 157.358  129.026
 160.511  132.924
 172.123  129.096
 169.668  138.560
 155.334  123.778
 146.580  140.640
 178.487  147.261
 154.497  134.267
 173.608  146.850
 168.047  129.356
 168.782  128.101
 174.990  127.908
 165.029  145.549
 177.739  137.829
 169.395  136.244
 168.926  141.488
 173.032  140.330
 171.791  126.585
 158.647  143.019
-179.326  134.976
 170.006  134.471
-174.604  139.988
 159.174  130.349
 167.264  135.082
 165.030  135.537
 171.392  138.820
 166.611  137.605
 149.867  125.267
 170.120  122.895
 164.032  142.594
 171.213  130.759
 143.439  130.842
 172.374  122.625
 168.484  127.552
 172.550  125.159
 156.240  144.836
-175.256  138.583
 168.561  137.642
 161.985  149.114
 157.375  139.523
 159.343  135.337
 175.476  125.954
 168.164  144.367
 168.857  119.403
 167.260  127.386
 163.993  141.930
 169.160  134.293
 172.948  137.056
 173.455  145.026
 163.356  133.673
 165.642  138.410
 169.645  153.036
 154.212  120.715
 163.167  138.958
 167.978  131.298
 165.552  134.516
 161.735  135.448
 159.878  141.684
 160.135  127.199
-178.502  130.850
-177.045  150.975
 177.861  128.466
 169.399  132.783
 165.409  146.660
 160.998  128.620
 153.584  139.172
 176.150  126.404
 173.378  139.421
 157.088  145.383
 164.829  121.190
 163.108  143.213
 161.633  142.894
 157.538  135.030
 165.181  140.239
 172.543  134.744
 156.751  133.141
 156.385  118.744
 164.049  128.478
 174.381  124.072
 154.586  131.361
 165.135  140.255
 168.263  134.908
 165.068  131.509
 164.808  128.180
 175.738  124.526
 157.839  131.710
-179.568  143.458
-179.856  144.361
 168.603  140.919
 154.671  125.537
 164.542  131.712
 151.695  142.958
 157.709  131.032
 158.114  147.771
 168.926  133.783
 155.107  139.844
 157.464  141.534
 166.260  142.168
 167.908  137.289
 172.868  134.766
 178.089  133.143
 169.199  135.858
 165.568  128.627
 158.581  132.607
 153.559  127.905
 165.117  135.729
 168.759  142.461
 160.135  126.859
 154.716  126.131
 161.969  153.379
 162.061  132.879
 164.771  149.581
 155.510  116.135
 173.767  132.846
 153.244  130.372
 176.159  139.556
 164.530  147.832
 165.675  151.103
 169.727  133.584
-174.533  141.507
 157.202  135.451
 158.983  145.970
 166.454  134.767
 173.405  143.191
 165.095  138.310
 162.990  140.410
 173.069  146.697
 157.912  141.385
 153.157  130.414
 167.862  114.402
 153.365  118.332
 156.048  132.956
 175.636  148.904
 166.149  130.663
 164.207  141.925
 166.136  142.431
 164.450  145.240
 177.796  131.231
 143.947  137.418
 148.926  133.346
 169.846  131.686
 159.752  133.756
 165.418  144.023
 167.876  126.739
 158.043  135.018
 144.867  132.563
 174.097  120.367
 173.039  131.201
 160.363  129.039
 151.933  135.148
 175.892  140.823
 172.023  133.140
 177.844  133.175
 161.643  143.659
 165.087  143.193
 167.200  123.827
 152.688  132.898
 147.263  130.198
 150.538  148.911
 163.612  139.636
 176.115  145.136
 171.942  128.584
 165.076  134.342
 156.024  141.727
 167.027  123.674
 160.371  156.489
 161.246  146.382
 163.328  135.188
 175.121  142.650
 161.092  140.488
 163.547  129.730
 160.011  144.712
 166.256  135.995
 178.300  145.626
-175.863  136.860
 173.073  141.543
 162.911  135.865
-179.508  122.836
 173.827  144.433
 160.075  142.377
 163.621  138.779
 169.592  127.179
 162.708  132.182
 163.213  134.070
-177.006  136.172
 172.175  131.279
 167.057  124.873
 172.295  141.437
 172.142  126.399
 159.044  147.184
 171.979  137.411
 156.065  140.392
 165.331  137.159
 151.922  150.781
 174.090  130.480
 164.252  139.676
 170.218  136.426
 159.526  148.000
 168.947  139.069
-175.682  162.363
 164.518  126.340
 169.657  133.837
 162.184  134.334
 158.277  137.165
 169.153  155.629
 154.311  150.190
 160.761  136.127
