 -10.154  126.129
 -16.836  136.927
 -27.971  139.230
 -17.488  152.235
 -16.183  146.027
 -15.621  141.105
 -19.917  154.694
 -25.692  144.914
 -20.140  138.679
 -30.949  147.494
 -10.639  138.585
 -34.823  150.582
 -24.556  153.247
 -30.907  142.003
 -19.672  141.396
 -23.875  152.005
 -27.895  149.768
 -29.138  133.290
 -21.780  142.854
 -18.291  135.136
 -20.953  149.197
 -25.910  141.420
 -35.093  144.169
 -16.327  152.565
 -29.181  139.894
 -30.362  135.569
 -25.337  143.044
 -18.398  146.837
 -26.304  135.608
 -15.084  135.976
 -28.970  145.979
 -15.004  143.741
 -15.731  151.412
 -20.457  142.057
 -25.426  146.556
 -17.333  134.390
 -32.062  160.070
 -18.887  146.846
 -27.030  142.250
 -20.143  149.727
 -20.572  159.052
 -15.793  144.991
 -14.876  142.536
 -10.282  144.966
 -16.218  139.751
 -24.102  142.065
 -25.118  136.897
 -29.109  136.930
 -31.205  138.556
 -22.912  155.817
  -7.265  138.994
 -23.055  155.041
 -23.474  141.344
 -26.322  144.445
  -7.246  144.826
 -16.563  142.619
 -30.381  140.448
 -22.267  141.154
 -25.545  141.962
 -19.610  149.009
  -5.528  134.517
 -21.756  135.725
 -37.344  141.496
 -23.075  142.819
  -8.767  137.057
 -18.799  146.282
 -26.916  150.544
 -24.641  146.599
 -20.446  145.573
 -24.258  149.139
 -25.816  145.415
 -12.050  144.358
 -13.354  131.787
 -21.555  147.029
 -24.946  129.097
 -32.617  148.830
 -18.291  139.922
 -22.162  139.768
 -29.088  142.803
 -17.233  143.741
 -17.661  131.009
 -11.662  138.832
 -25.978  147.059
 -20.601  143.012
 -26.610  145.646
 -17.412  144.468
 -26.077  133.873
 -21.123  150.878
 -20.379  150.753
 -17.639  139.958
 -17.583  133.118
 -24.912  142.337
 -16.378  148.084
 -22.648  154.050
 -21.600  133.004
 -11.059  141.357
 -16.858  141.118
 -21.186  157.328
 -17.495  158.348
 -12.137  136.231
 -18.968  128.063
 -17.349  137.374
 -24.448  142.331
 -17.174  145.842
 -29.101  148.142
 -28.642  134.358
 -23.763  145.978
 -18.067  127.639
 -28.951  141.560
 -27.820  126.874
 -13.724  154.232
 -11.001  135.895
 -26.767  150.031
 -17.563  142.427
 -18.484  144.922
 -14.082  147.187
 -26.902  138.035
 -31.480  160.251
 -22.721  151.362
 -28.604  127.025
 -21.747  132.119
 -24.396  145.030
 -12.918  152.327
 -21.261  149.338
 -13.116  138.053
 -19.377  158.541
 -24.752  140.458
 -10.550  151.784
 -28.261  140.228
 -26.538  153.672
  -3.871  146.504
 -14.816  139.472
 -42.940  147.166
 -25.786  150.739
 -22.681  154.573
 -19.104  143.670
 -26.707  138.947
 -20.940  125.870
 -20.792  140.035
 -22.505  151.491
 -27.936  136.547
 -21.912  138.391
  -3.957  143.711
  -6.388  142.553
 -30.776  135.933
 -21.286  141.840
  -0.549  144.404
 -24.121  146.511
 -29.465  144.533
 -14.698  139.145
 -21.445  132.900
 -23.296  137.113
 -16.009  137.119
 -20.754  137.122
 -26.417  135.468
 -25.744  135.489
 -18.065  146.044
 -11.385  140.922
 -22.477  135.550
 -25.153  138.269
 -23.460  137.689
 -23.188  148.586
 -26.468  143.375
 -17.554  153.824
 -24.412  143.417
 -27.466  149.587
 -21.606  148.333
 -19.940  151.971
 -25.146  143.139
 -28.846  155.383
 -36.701  142.957
 -33.489  155.520
 -18.770  135.571
 -15.270  137.579
 -14.554  148.059
 -26.328  132.753
 -13.622  142.422
 -26.646  147.609
 -20.047  133.103
 -22.872  140.158
 -15.087  113.928
 -27.238  151.152
 -23.060  153.210
 -26.669  151.198
 -32.252  145.823
 -18.172  148.708
 -19.622  150.733
 -21.714  139.677
 -17.968  151.463
 -13.143  148.697
 -20.019  133.901
 -14.366  142.234
 -23.021  142.754
 -14.549  140.450
 -25.453  141.710
  -8.790  135.225
 -17.554  156.240
 -17.666  146.346
 -27.676  140.656
 -27.002  149.725
 -25.612  147.168
 -28.605  146.253
 -32.875  153.798
 -13.635  138.023
   4.795  142.452
 -25.590  161.799
 -26.772  149.721
 -20.410  154.931
 -13.668  139.398
 -18.789  142.092
 -13.561  132.417
 -25.202  139.314
 -30.616  139.402
 -20.920  132.999
 -12.062  138.111
 -17.318  147.248
 -13.717  140.583
  -9.601  136.235
 -19.171  135.899
 -16.230  145.005
 -18.503  136.952
 -24.676  135.221
 -10.202  140.664
 -23.589  133.739
 -23.331  142.705
 -21.597  141.464
 -22.662  144.730
 -15.808  138.543
 -15.357  147.827
 -28.435  139.533
 -25.940  142.752
 -14.888  141.288
 -28.103  141.090
 -18.188  140.338
 -27.742  151.742
 -27.759  139.820
 -17.793  138.684
 -25.060  137.972
 -26.369  145.316
 -15.550  147.181
 -26.976  137.242
 -15.159  143.436
 -27.432  138.638
 -19.207  152.280
 -15.998  131.238
 -14.542  141.224
 -28.046  148.829
 -21.737  156.033
 -11.475  143.167
 -32.711  146.517
 -19.942  135.944
 -10.053  146.101
 -26.441  158.076
 -22.172  136.933
 -30.491  147.114
 -15.412  146.551
 -23.452  139.536
 -16.259  148.761
 -38.416  150.956
 -14.072  141.529
  -9.292  144.468
 -18.349  141.542
  -1.089  135.673
 -18.453  136.860
 -24.212  147.074
 -33.610  151.654
 -15.123  136.072
 -21.551  145.125
 -19.456  147.007
 -31.962  149.419
  -3.511  138.711
 -12.143  136.225
 -17.659  146.791
 -11.222  142.792
 -11.776  144.197
 -19.397  133.291
 -18.919  130.643
 -29.133  132.369
 -14.657  142.518
 -25.037  141.157
 -16.804  150.537
 -25.060  148.249
 -22.240  143.295
 -12.750  142.454
 -16.771  143.854
 -33.372  151.026
 -37.663  128.825
 -16.435  151.137
 -25.230  143.109
 -34.431  146.187
 -36.450  141.981
 -17.041  143.896
 -16.344  144.716
 -12.712  146.584
 -22.928  146.566
 -21.960  159.795
 -23.680  137.647
   0.334  142.764
  -5.590  122.430
 -13.874  143.779
 -31.119  134.661
 -40.555  144.621
 -24.727  150.682
 -13.285  138.378
 -12.527  141.623
 -15.658  142.660
 -22.855  127.328
 -11.278  161.331
 -28.738  150.505
 -29.679  150.012
 -22.463  129.991
 -21.789  144.610
 -19.537  147.947
 -10.381  144.898
 -22.259  142.231
 -23.220  144.191
 -20.694  156.699
 -17.790  136.441
  -8.318  134.509
 -16.728  152.902
 -23.798  138.787
  -7.853  153.304
 -26.624  144.499
 -14.301  139.302
 -14.303  153.691
 -23.981  144.899
 -25.664  143.291
 -17.871  148.790
 -30.564  160.581
 -15.672  131.259
 -22.238  141.693
 -25.718  147.403
 -19.132  139.384
 -24.337  131.269
 -20.397  149.102
 -20.501  145.303
 -23.831  138.183
 -26.903  145.577
 -29.527  143.436
  -2.518  128.567
 -25.165  145.705
 -17.072  148.021
 -24.219  144.714
 -11.730  140.276
 -19.757  146.070
 -22.055  136.723
 -29.121  154.107
 -18.748  140.373
 -24.104  140.895
 -26.900  133.740
 -23.184  136.159
 -18.607  153.496
  -8.347  141.798
 -24.839  145.915
 -19.780  143.663
 -18.879  141.809
 -19.527  151.385
 -14.745  148.282
 -20.644  139.032
 -13.210  151.850
  -4.869  141.869
 -30.159  147.709
 -23.678  142.802
 -16.463  149.399
 -22.645  146.496
 -29.892  146.454
 -15.207  136.355
 -17.824  141.234
 -20.098  148.151
 -36.193  142.377
  -5.176  141.811
 -25.570  141.983
 -10.507  147.790
 -25.406  136.127
 -27.452  145.141
 -27.658  138.101
 -28.036  152.947
 -18.754  147.562
 -17.426  144.386
 -24.389  141.530
 -21.089  136.169
 -10.798  140.039
 -27.720  151.472
 -23.534  142.851
 -16.114  137.733
 -26.594  144.855
 -26.357  141.243
 -16.947  142.804
 -29.099  143.190
  -9.751  150.602
 -18.131  147.554
 -15.544  153.674
 -19.343  138.612
 -23.653  140.231
 -25.828  155.832
 -10.438  146.174
 -26.241  154.528
 -16.480  150.629
 -20.296  141.177
 -27.492  152.910
 -15.920  142.762
 -17.168  143.411
 -16.361  134.328
 -26.375  150.010
 -32.058  148.604
 -18.233  140.180
 -18.242  141.438
 -35.639  150.852
  -8.454  142.880
 -14.506  148.476
 -20.172  130.806
 -26.066  147.772
 -25.503  137.040
   2.329  136.475
  -9.262  135.192
 -23.656  157.305
 -14.474  138.381
  -5.345  133.216
 -20.154  146.852
 -20.123  147.316
 -20.165  146.135
 -23.183  136.311
 -13.561  143.408
 -28.807  128.091
 -27.659  145.594
 -14.816  144.156
 -13.559  135.066
  -8.628  140.519
 -22.412  147.181
 -22.165  144.129
 -26.005  145.128
 -17.327  143.561
 -21.874  136.751
 -24.861  140.909
 -20.071  149.163
 -13.587  139.351
 -19.745  138.752
 -18.291  144.586
 -23.665  145.609
 -19.813  151.053
 -20.015  121.622
 -24.632  124.982
 -12.458  144.928
 -21.713  145.323
 -13.525  159.239
 -10.757  134.910
 -14.150  153.661
 -23.182  145.782
 -16.768  132.450
 -29.010  146.119
 -26.768  162.990
 -15.397  127.967
 -22.838  131.686
 -25.993  149.524
 -13.145  145.889
 -30.814  138.798
 -31.223  148.521
 -28.261  150.128
  -3.751  132.207
 -21.410  144.980
 -10.230  142.329
 -16.007  120.614
 -29.176  145.514
 -29.095  144.719
 -24.773  137.943
 -21.743  141.964
  -9.511  152.089
 -15.696  151.065
 -24.646  132.653
 -34.214  149.183
 -28.230  146.858
 -19.640  141.066
 -29.894  155.423
 -28.335  149.903
 -22.322  139.230
 -20.566  126.899
 -18.405  152.362
 -38.420  137.571
 -31.601  152.882
 -25.789  137.767
 -17.494  151.952
 -28.309  139.971
 -24.450  132.618
 -13.053  150.100
 -16.479  143.393
 -19.085  150.786
 -31.457  137.463
 -18.274  146.519
   3.175  137.761
  44.148  160.546
  35.894  143.449
  40.178  140.669
  39.012  147.160
  41.223  146.325
  43.427  158.422
  27.428  139.357
  44.010  155.252
  37.927  147.369
  53.250  160.323
  47.447  160.817
  42.677  158.232
  30.387  147.379
  38.492  155.134
  33.878  151.355
  21.820  147.106
  38.793  161.368
  33.835  151.389
 -21.626  139.635
 -23.075  149.275
 -22.475  143.699
 -23.436  142.560
 -22.907  152.778
 -23.762  156.518
 -28.920  140.397
 -27.988  150.560
  -7.186  137.412
 -25.870  132.121
 -18.168  130.463
 -28.782  148.548
 -22.301  138.501
 -28.498  143.612
 -41.733  147.780
 -16.964  139.957
 -23.516  155.742
 -17.312  136.606
 -17.325  147.256
 -17.842  154.362
 -21.904  153.510
 -28.393  148.363
 -10.633  150.643
 -19.297  142.852
 -25.062  133.239
 -22.001  151.869
 -19.389  147.325
  -4.735  152.861
 -32.089  147.017
 -16.083  148.722
 -15.408  146.854
 -10.373  148.526
 -12.692  149.511
 -19.745  148.839
 -36.140  141.365
 -30.268  148.363
  -6.693  136.668
  -8.826  148.825
 -27.312  146.671
 -14.903  143.316
 -12.635  136.901
 -17.209  145.023
 -15.609  150.310
 -17.098  145.705
 -16.859  139.438
 -20.033  153.058
 -25.065  146.688
 -22.125  144.886
  -7.754  135.898
 -21.382  145.798
 -22.505  158.523
 -28.814  140.835
 -29.358  141.448
 -25.994  148.706
 -14.410  144.808
 -27.704  145.232
 -20.023  148.086
 -17.724  143.704
 -18.096  136.165
 -10.928  154.737
 -14.396  143.113
 -20.003  142.638
 -21.352  152.941
 -19.458  151.578
  -2.327  141.693
 -15.537  137.007
 -31.804  145.430
 -13.602  134.449
 -23.255  149.252
 -26.449  153.376
 -25.066  148.478
 -21.715  141.664
 -23.430  136.905
 -10.081  134.063
 -25.312  141.693
 -31.103  142.106
 -17.449  141.202
 -15.897  152.240
 -22.886  138.080
  -9.634  135.674
 -32.999  157.579
 -12.197  146.167
 -26.649  139.733
 -11.866  139.823
 -11.292  148.898
 -29.147  140.610
 -19.264  138.850
 -16.573  146.421
 -25.180  139.238
 -13.964  153.501
  -8.810  143.586
  -4.153  131.096
 -37.623  147.596
 -25.801  147.762
  -1.866  138.319
 -15.977  135.338
 -33.512  157.131
 -28.159  141.093
 -15.028  149.218
 -14.170  142.829
 -11.875  148.139
 -27.636  149.177
 -19.808  132.102
 -19.027  144.315
  -3.825  148.070
 -10.574  141.831
 -20.459  151.992
 -10.360  154.167
 -19.205  149.835
 -19.227  146.441
 -17.543  143.762
 -20.841  146.457
  -7.426  151.410
 -21.228  149.514
 -26.872  134.981
 -17.319  153.612
 -19.582  157.633
 -29.149  151.129
 -18.836  148.257
 -28.607  148.362
 -22.487  145.773
 -26.913  142.797
 -11.721  129.573
 -18.925  133.488
 -23.725  142.906
 -17.435  147.630
 -30.529  136.311
 -32.815  150.276
 -13.205  155.135
 -23.133  145.290
 -28.650  147.610
 -17.316  134.425
 -29.927  133.136
 -20.291  152.980
 -27.410  148.821
 -24.171  155.978
 -22.771  157.852
 -14.587  129.254
 -20.990  129.237
 -16.728  141.154
  -4.157  128.726
 -25.176  144.121
 -24.548  129.697
 -16.237  148.918
 -19.610  150.540
 -32.956  158.620
 -37.732  142.416
 -14.833  148.325
 -20.421  140.787
 -20.440  138.195
 -13.513  129.523
 -21.250  140.977
 -19.513  159.178
 -16.112  146.663
 -30.679  140.584
 -24.423  142.766
 -17.471  127.969
 -21.402  138.920
 -21.347  135.416
 -23.629  149.529
 -27.713  149.047
 -30.821  147.705
 -17.139  128.808
 -16.596  132.444
 -18.855  137.000
 -20.657  137.991
 -19.201  142.899
 -17.646  136.620
 -25.674  139.205
 -11.791  147.629
 -30.553  145.414
 -18.600  149.016
  -7.541  136.581
 -27.645  136.311
 -15.613  139.290
 -13.199  140.899
 -27.879  151.620
  -5.564  138.342
  -6.603  147.960
 -12.634  144.353
 -15.766  139.830
 -18.745  133.244
 -20.118  147.338
 -15.628  136.847
 -25.003  142.623
 -13.679  143.346
 -30.075  153.494
 -21.722  146.175
 -13.474  151.058
 -27.847  150.430
  -8.128  153.161
 -33.209  145.437
 -24.562  141.578
 -21.865  140.384
 -22.829  144.172
 -13.851  142.802
 -21.942  150.285
 -14.071  142.259
 -20.611  139.027
 -25.485  134.833
 -30.215  147.436
 -23.975  151.897
 -24.148  141.724
 -18.879  144.176
 -20.142  141.144
  -9.387  148.939
 -15.486  151.926
 -15.079  146.348
 -14.986  150.601
 -13.719  141.681
 -26.211  144.916
 -18.763  132.804
 -29.025  145.069
 -14.054  143.132
 -17.675  141.151
 -13.939  139.925
 -21.953  135.108
 -30.416  140.154
 -28.612  138.229
 -32.560  148.794
 -33.458  142.623
 -12.437  139.013
 -35.760  156.295
 -24.091  141.688
 -16.584  149.537
 -19.243  146.066
 -15.483  141.767
 -26.543  143.688
  -4.479  143.494
 -17.045  155.921
 -16.836  149.424
 -25.495  134.884
 -26.858  134.673
 -18.148  144.318
 -26.463  153.732
 -20.789  144.606
 -38.595  150.403
 -27.640  140.553
 -14.977  134.808
 -16.571  135.931
 -23.421  135.590
 -23.574  150.190
 -21.004  146.187
 -17.202  136.642
 -27.177  151.542
 -14.434  143.730
 -22.109  142.434
  -0.546  139.359
 -23.828  147.529
 -10.070  143.416
  -6.651  149.321
 -16.083  138.439
 -13.540  122.516
 -16.375  143.745
 -22.432  147.641
 -11.337  138.336
 -22.733  146.981
 -21.542  141.204
 -23.402  152.434
 -30.978  146.435
 -22.901  133.660
 -18.285  145.689
 -21.962  148.061
 -24.181  151.334
 -16.793  138.501
 -13.359  146.007
 -16.107  143.349
 -33.305  144.709
 -20.193  144.013
 -22.140  141.189
 -28.053  135.045
 -26.131  143.258
 -31.300  148.923
  -4.827  132.121
 -28.916  145.208
 -15.990  143.153
 -17.264  130.008
  -9.744  126.574
 -15.653  136.488
 -30.563  153.551
 -16.815  143.058
 -12.566  142.808
 -26.811  137.643
 -20.529  146.881
 -27.884  157.819
  -8.528  133.380
 -13.058  134.250
 -20.566  149.458
  -4.215  148.983
 -27.726  141.269
 -17.223  126.061
 -16.973  149.049
 -10.412  143.619
 -25.310  140.062
 -15.890  151.685
 -16.738  133.963
 -13.786  141.123
 -28.614  154.457
 -19.339  136.741
  -4.493  139.455
 -10.986  134.729
  -6.230  140.779
 -23.789  144.269
 -10.495  144.779
 -31.966  135.598
 -21.023  139.375
 -13.903  133.614
 -29.473  146.133
 -20.666  154.705
 -29.614  143.249
 -21.882  148.847
 -21.676  141.065
 -16.529  142.948
 -23.503  142.105
 -15.734  135.131
 -38.234  131.282
 -29.075  134.351
 -32.801  143.587
 -22.944  162.543
 -20.266  135.769
 -25.737  143.383
 -24.632  152.610
 -25.201  136.805
 -19.606  141.959
 -28.248  152.869
 -34.577  143.125
 -23.627  150.537
 -19.378  147.211
 -36.314  148.356
   1.463  136.349
  -9.466  134.326
 -22.501  130.619
 -21.211  138.437
 -18.159  144.273
 -15.433  149.228
 -23.773  148.074
 -18.308  131.810
 -18.368  147.123
  -7.606  139.662
 -23.243  132.095
 -18.707  149.037
 -24.022  153.892
 -14.306  141.595
 -26.409  144.559
 -25.537  140.081
 -25.756  152.638
 -20.609  151.074
 -28.910  136.754
 -17.583  145.920
 -28.690  131.937
 -34.550  139.561
  -2.913  141.229
 -10.968  144.143
  -9.625  141.763
 -23.791  133.377
 -29.171  136.101
 -18.477  139.383
 -24.335  128.731
 -20.940  148.810
 -15.065  138.656
 -12.324  142.828
 -27.027  138.160
 -19.985  135.291
 -13.709  136.232
 -18.667  133.819
 -23.540  157.063
 -26.949  148.590
 -22.808  148.648
 -32.093  138.069
 -17.155  142.789
 -33.678  135.903
 -28.230  149.876
 -17.323  146.219
 -17.755  145.050
 -20.725  145.506
 -22.081  151.002
 -25.116  136.916
 -23.326  141.664
 -19.675  155.930
 -22.952  148.466
 -25.158  140.490
 -13.919  147.177
 -16.885  143.321
 -24.464  154.108
 -28.450  161.425
 -15.165  133.933
 -16.334  163.799
 -18.836  146.084
 -11.901  139.348
 -33.610  142.880
 -17.281  139.730
 -25.924  133.594
 -21.272  155.478
 -23.035  133.936
 -28.769  138.102
  -7.979  119.716
 -21.963  152.463
 -32.093  142.255
 -16.120  150.576
  -6.078  142.745
 -24.874  148.659
 -21.307  136.762
 -12.577  145.666
 -15.242  136.800
 -27.324  142.019
 -31.141  153.824
  -7.871  142.853
 -25.289  129.146
 -22.958  137.544
 -15.608  146.150
  -9.364  142.920
 -13.442  140.799
 -20.748  137.379
 -29.189  157.362
 -23.705  143.939
 -16.870  147.359
 -25.430  144.024
 -28.540  138.458
 -21.053  140.669
 -14.544  142.259
 -18.810  140.803
 -22.302  145.421
 -23.767  141.929
 -21.874  141.335
 -16.145  145.253
 -23.468  141.662
 -16.146  147.866
 -34.897  144.267
 -25.636  147.054
 -18.351  143.053
 -26.848  146.564
 -20.422  150.017
 -26.878  157.071
 -18.402  144.026
 -24.224  138.362
  -8.223  137.356
 -30.543  139.577
 -23.103  153.426
 -19.517  135.780
 -22.862  153.817
 -19.965  147.833
 -12.198  148.969
 -18.778  145.366
 -29.115  138.739
 -17.511  140.937
 -29.755  138.459
 -28.172  148.935
   7.381  137.906
 -28.847  147.025
 -20.384  151.950
 -18.829  137.789
 -25.602  143.555
 -20.560  135.916
 -23.934  137.555
 -14.969  137.626
 -21.728  147.920
 -39.142  156.003
 -33.470  145.029
 -11.219  132.406
 -28.132  142.036
 -18.064  149.991
 -12.365  144.367
 -16.995  150.228
 -13.247  140.700
 -30.039  150.240
 -23.012  149.432
 -27.986  140.266
 -18.588  135.757
 -34.995  149.591
 -15.495  138.484
 -23.588  136.779
 -16.606  146.344
  -4.093  128.541
 -24.651  148.835
 -15.758  149.954
 -24.978  134.461
 -18.539  140.017
 -21.348  136.556
 -17.846  148.507
 -22.863  152.175
 -18.951  145.818
 -30.142  138.784
 -32.319  148.116
 -27.785  142.839
 -19.075  132.367
 -31.548  145.005
 -12.435  138.928
 -15.551  123.788
 -16.869  137.619
 -16.620  140.738
 -21.065  135.137
 -25.283  142.511
 -19.820  147.752
