 -61.434  143.288
 -67.954  144.257
 -58.666  138.702
 -47.445  123.366
 -52.167  149.208
 -55.380  137.798
 -60.899  129.969
 -65.812  133.751
 -41.979  126.820
 -49.503  130.884
 -60.650  141.099
 -60.244  134.754
 -60.134  143.388
 -50.447  130.125
 -59.535  142.256
 -66.981  142.067
 -73.609  130.691
 -55.461  130.085
 -61.229  132.706
 -71.381  148.420
 -71.895  134.694
 -69.760  143.195
 -74.109  128.925
 -49.463  138.815
 -67.357  140.939
 -53.042  138.093
 -49.656  137.656
 -50.844  136.197
 -67.300  124.283
 -65.712  125.772
 -59.521  132.545
 -70.937  133.188
 -62.354  136.997
 -53.412  129.420
 -66.920  122.924
 -59.119  147.470
 -52.480  139.820
 -55.438  143.461
 -72.721  130.436
 -73.940  139.994
 -58.369  133.120
 -52.542  139.255
 -60.144  128.200
 -55.442  122.105
 -66.348  132.211
 -53.443  131.277
 -76.768  115.332
 -59.238  117.406
 -67.160  124.933
 -69.663  113.739
 -59.363  143.440
 -70.258  131.168
 -69.293  125.004
 -56.048  124.339
 -65.445  153.468
 -71.181  141.354
 -62.529  153.057
 -62.401  144.685
 -52.450  141.923
 -58.574  136.880
 -51.985  141.192
 -64.331  140.699
 -75.089  142.820
 -61.992  134.963
 -66.497  136.227
 -52.597  121.843
 -58.173  142.539
 -59.067  132.195
 -56.426  135.827
 -52.992  134.286
 -64.735  138.825
 -72.282  130.738
 -67.282  143.525
 -59.094  129.859
 -49.361  148.507
 -56.890  132.489
 -66.980  132.067
 -59.148  131.067
 -65.750  125.091
 -58.429  127.568
 -47.981  125.522
 -58.231  134.751
 -67.088  145.929
 -55.026  133.016
 -57.660  146.741
 -55.343  146.973
 -52.138  134.655
 -61.920  142.030
 -63.026  131.903
 -59.828  128.214
 -57.376  119.357
 -63.353  131.743
 -48.867  130.103
 -67.832  127.751
 -68.078  146.763
 -61.714  138.498
 -63.031  127.054
 -65.287  141.065
 -56.850  130.407
 -52.707  127.270
 -53.892  132.012
 -66.409  135.717
 -78.504  141.560
 -58.948  136.849
 -65.362  134.619
 -57.577  140.792
 -55.195  136.870
 -51.639  130.639
 -66.051  134.752
 -67.691  146.378
 -70.270  138.027
 -55.298  130.382
 -83.382  127.559
 -47.354  114.509
 -69.804  137.647
 -53.793  134.293
 -51.564  138.294
 -52.189  136.397
 -50.507  146.576
 -53.646  131.529
 -68.783  135.388
 -66.396  146.103
 -69.613  140.953
 -57.610  130.908
 -55.105  138.666
 -66.283  142.961
 -63.058  153.588
 -73.648  126.302
 -59.028  142.543
 -64.855  130.456
 -63.602  127.347
 -53.664  135.121
 -55.971  141.041
 -70.227  131.518
 -57.512  121.476
 -59.665  140.212
 -60.942  138.977
 -46.178  130.254
 -66.553  138.048
 -51.722  138.700
 -60.657  132.497
 -46.018  139.871
 -58.026  123.857
 -54.014  130.203
 -62.369  134.199
 -65.313  134.139
 -51.300  145.213
 -62.103  115.472
 -56.371  139.140
 -59.472  141.829
 -68.440  138.527
 -54.478  155.642
 -60.128  128.105
 -66.323  135.801
 -52.977  141.713
 -64.717  134.788
 -70.828  119.482
 -65.154  140.395
 -65.171  133.750
 -67.180  151.635
 -46.652  126.429
 -54.179  133.235
 -65.260  125.919
 -58.288  136.503
 -70.294  138.549
 -70.000  128.602
 -68.536  127.952
 -55.685  132.081
 -63.153  134.373
 -59.687  135.786
 -49.608  138.981
 -63.201  131.981
 -65.205  126.453
 -59.010  141.481
 -65.630  133.712
 -59.838  137.591
 -63.560  141.453
 -76.489  129.565
 -70.427  146.609
 -61.212  134.167
 -51.258  134.385
 -56.793  142.988
 -54.746  131.810
 -68.182  134.660
 -52.152  122.269
 -60.318  131.382
 -58.064  145.555
 -47.403  135.060
 -68.919  131.556
 -62.220  152.500
 -70.486  150.737
 -59.369  145.171
 -61.133  146.663
 -54.024  144.268
 -59.043  126.340
 -56.244  149.051
 -66.096  141.430
 -67.315  142.063
 -55.866  137.890
 -60.675  131.705
 -56.611  139.863
 -61.650  133.413
 -68.537  149.252
 -61.006  132.250
 -68.679  134.679
 -64.323  135.655
 -54.850  142.046
 -45.600  126.207
 -64.336  125.611
 -63.199  142.589
 -63.938  136.289
 -67.764  131.910
 -65.535  117.638
 -58.870  139.830
 -54.722  134.594
 -58.330  136.304
 -68.840  143.958
 -48.585  127.647
 -61.530  141.668
 -62.204  136.237
 -56.970  135.531
 -61.631  149.452
 -55.828  154.340
 -66.108  136.220
 -60.438  139.797
 -59.715  145.782
 -68.288  124.534
 -68.295  133.645
 -51.869  122.936
 -70.787  131.937
 -55.043  130.379
 -57.282  126.237
 -63.336  128.789
 -56.865  134.203
 -70.538  134.873
 -58.585  149.068
 -56.256  135.122
 -61.930  120.633
 -54.226  129.097
 -43.086  123.033
 -64.793  148.353
 -55.201  129.140
 -71.348  132.449
 -62.304  126.759
 -67.589  142.373
 -60.312  129.493
 -58.334  130.733
 -47.909  128.654
 -60.184  137.713
 -61.411  141.765
 -57.448  132.067
 -57.507  132.201
 -75.074  140.866
 -61.009  141.299
 -70.447  128.355
 -54.909  127.850
 -64.486  144.953
 -59.601  127.335
 -58.401  145.173
 -56.991  129.237
 -40.390  131.822
 -75.089  137.793
 -60.183  131.330
 -80.682  132.832
 -70.124  154.463
 -73.183  134.013
 -54.189  125.231
 -60.134  142.586
 -57.431  137.573
 -51.006  135.150
 -51.260  130.558
 -62.259  115.709
 -48.668  132.037
 -60.401  136.208
 -52.917  139.407
 -55.907  142.178
 -54.070  132.052
 -69.633  136.462
 -47.640  122.699
 -51.602  142.987
 -57.728  134.035
 -45.301  135.924
 -57.666  145.228
 -58.257  145.675
 -60.465  134.781
 -60.145  139.122
 -73.000  129.090
 -58.985  147.277
 -53.998  144.963
 -47.889  129.453
 -64.991  148.920
 -52.838  133.366
 -53.166  128.947
 -58.546  123.267
 -57.703  145.115
 -55.983  140.696
 -63.877  148.261
 -71.720  128.399
 -53.548  132.760
 -54.381  139.839
 -62.077  146.695
 -58.490  144.171
 -53.292  134.372
 -56.936  140.047
 -54.894  137.571
 -62.516  125.474
 -57.307  128.381
 -59.829  143.794
 -64.944  143.849
 -58.805  136.059
 -49.707  131.161
 -55.986  137.108
 -62.153  136.641
 -57.156  129.504
 -48.402  127.361
 -56.734  135.847
 -54.824  143.676
 -49.266  130.168
 -66.774  131.349
 -63.717  152.146
 -67.939  125.287
 -64.941  140.483
 -56.174  134.035
 -59.070  138.711
 -67.103  132.223
 -54.879  135.273
 -58.265  138.087
 -69.973  129.597
 -67.372  145.550
 -68.894  144.928
 -55.688  134.280
 -50.921  131.985
 -65.599  141.205
 -58.083  137.203
 -62.563  141.281
 -62.979  135.506
 -57.015  139.921
 -69.050  129.949
 -64.470  139.579
 -77.684  141.647
 -77.801  131.133
 -66.079  142.076
 -70.244  135.491
 -67.620  137.123
 -57.094  121.062
 -51.571  131.943
 -52.134  146.139
 -67.277  137.319
 -51.752  134.292
 -54.967  136.614
 -58.540  141.294
 -59.850  138.336
 -65.219  135.695
 -39.787  133.542
 -63.497  131.942
 -57.438  129.371
 -60.886  136.688
 -69.552  137.651
 -46.912  137.958
 -60.546  131.497
 -74.035  147.921
 -62.201  134.532
 -59.911  136.805
 -52.261  137.249
 -58.526  110.786
 -60.572  137.300
 -54.228  130.080
 -66.756  138.449
 -56.907  129.498
 -51.265  130.965
 -62.691  132.934
 -72.240  134.299
 -50.536  133.612
 -67.023  127.943
 -56.158  130.374
 -52.213  131.249
 -53.499  136.068
 -72.382  142.660
 -43.885  126.952
 -55.866  138.291
 -57.814  134.834
 -59.879  129.708
 -68.913  142.463
 -62.743  139.840
 -66.508  129.592
 -72.831  132.883
 -67.618  130.745
 -57.371  134.607
 -65.967  138.389
 -58.296  126.662
 -57.114  129.464
 -55.632  137.452
 -59.252  140.074
 -57.596  128.278
 -46.585  136.931
 -70.716  139.958
 -59.950  141.680
 -63.792  146.276
 -55.464  144.432
 -73.651  133.979
 -60.676  141.220
 -69.260  141.978
 -52.994  138.207
 -53.463  121.845
 -55.780  123.068
 -67.132  118.153
 -75.030  143.907
 -59.749  146.499
 -49.867  135.400
 -64.669  144.593
 -59.774  133.641
 -59.786  130.224
 -56.480  139.320
 -60.279  140.128
 -61.014  136.384
 -55.316  140.697
 -54.697  128.367
 -65.776  133.844
 -57.593  129.726
 -57.256  139.892
 -56.710  134.021
 -55.546  132.547
 -61.629  133.332
 -69.981  130.459
 -66.882  145.897
 -59.501  138.262
 -59.580  132.828
 -68.827  138.933
 -65.746  137.407
 -58.796  147.554
 -55.827  136.243
 -55.865  134.492
 -69.242  147.771
 -55.144  125.289
 -52.730  137.005
 -59.144  139.285
 -61.166  135.376
 -65.073  116.588
 -62.198  144.262
 -74.362  129.181
 -64.742  134.821
 -57.141  147.302
 -60.732  138.936
 -56.433  119.477
 -59.025  146.112
 -62.428  131.023
 -58.616  146.114
 -59.278  135.188
 -64.080  129.617
 -64.606  137.926
 -67.351  131.470
 -62.571  146.031
 -64.134  133.844
 -56.979  121.058
 -54.484  139.532
 -70.787  147.666
 -67.345  128.542
 -71.722  134.180
 -48.748  140.064
 -57.969  149.933
 -65.816  134.449
 -65.065  134.513
 -70.025  140.321
 -62.017  133.314
 -59.117  144.290
 -60.877  126.037
 -55.676  120.365
 -43.693  128.264
 -68.342  144.132
 -58.814  134.473
 -55.097  124.494
 -43.240  134.456
 -65.580  135.389
 -61.575  135.385
 -61.304  152.798
 -61.485  128.495
 -72.560  136.515
 -64.718  135.619
 -59.721  126.364
 -62.493  122.438
 -47.916  134.046
 -65.249  124.714
 -65.422  126.929
 -56.734  125.531
 -68.304  131.578
 -54.115  141.278
 -70.634  125.437
 -70.573  143.720
 -46.527  122.112
 -57.814  135.361
 -53.733  146.962
 -59.928  136.597
 -60.560  133.215
 -65.589  122.539
 -62.558  141.287
 -55.580  134.575
 -65.496  140.975
 -54.170  152.068
 -62.049  119.088
 -56.903  122.055
 -59.653  136.433
 -58.282  136.762
 -55.703  146.931
 -52.072  131.173
 -57.183  135.526
 -69.024  139.531
 -57.050  147.716
 -53.996  131.394
 -62.030  136.036
 -75.592  129.145
 -50.617  134.271
 -58.393  133.072
 -64.491  134.932
 -66.649  131.527
 -60.616  133.107
 -67.163  128.222
 -74.161  133.962
 -66.332  144.047
 -55.169  138.451
 -60.722  134.312
 -51.404  129.114
 -53.737  139.084
 -58.750  145.087
 -50.277  128.156
 -59.659  142.750
 -71.860  132.771
 -58.436  146.195
 -65.651  135.805
 -57.244  138.453
 -47.787  133.912
 -53.803  140.579
 -45.079  138.486
 -65.733  145.153
 -64.094  144.678
 -58.675  153.343
 -44.541  143.666
 -57.433  130.632
 -57.562  136.639
 -66.477  119.538
 -54.227  118.505
 -58.300  136.104
 -72.649  133.390
 -63.501  129.313
 -67.891  130.876
 -67.359  131.409
 -57.316  129.343
 -74.328  143.399
 -68.235  142.563
 -58.656  130.550
 -72.695  140.750
 -58.516  142.254
 -57.597  136.035
 -49.129  117.484
 -66.045  140.095
 -63.766  135.870
 -53.473  125.165
 -55.904  130.789
 -65.507  130.634
 -69.419  142.605
 -53.084  133.521
 -61.880  134.804
 -54.511  132.326
 -68.724  141.601
 -47.978  142.578
 -49.826  130.751
 -57.558  139.417
 -67.608  123.218
 -53.571  131.820
 -64.290  136.613
 -69.158  129.219
 -69.048  140.914
 -57.595  145.277
 -63.111  144.102
 -56.148  143.101
 -50.407  127.753
 -67.823  137.472
 -67.908  135.757
 -50.353  123.484
 -60.503  138.516
 -59.489  141.358
 -61.337  132.685
 -74.005  134.413
 -53.702  130.781
 -51.362  127.034
 -59.355  142.545
 -58.449  140.467
 -57.809  142.097
 -59.574  139.152
 -64.312  136.819
 -72.957  126.842
 -59.273  129.309
 -70.793  142.840
 -55.243  131.207
 -48.572  131.883
 -66.339  130.425
 -61.921  137.160
 -59.669  140.564
 -63.885  130.397
 -64.157  114.297
 -62.252  140.404
 -64.874  148.920
 -67.420  141.333
 -58.521  137.719
 -58.916  144.308
 -40.059  133.163
 -36.491  129.596
 -64.539  141.307
 -63.915  134.332
 -74.778  136.723
 -42.670  127.347
 -61.836  136.828
 -54.310  132.940
 -65.746  132.523
 -54.511  120.819
 -57.127  122.059
 -57.676  140.368
 -64.270  133.409
 -63.108  127.148
 -71.449  136.279
 -57.723  141.395
 -52.455  137.843
 -55.224  139.229
 -63.825  139.546
 -71.051  125.102
 -56.433  135.358
 -60.815  143.356
 -44.517  137.490
 -59.161  145.084
 -74.442  136.459
 -54.781  120.257
 -55.583  136.357
 -66.686  136.577
 -57.657  126.824
 -68.272  136.384
 -55.412  140.499
 -66.824  129.119
 -67.547  140.264
 -71.968  138.737
 -55.876  136.788
 -62.294  132.907
 -61.287  132.353
 -63.506  131.362
 -55.677  137.452
 -60.857  134.173
 -56.138  150.171
 -54.011  136.524
 -57.248  130.860
 -60.627  154.060
 -67.079  143.192
 -59.330  145.156
 -36.967  132.370
 -55.644  134.210
 -68.797  148.791
 -67.142  148.261
 -65.689  144.613
 -31.403  129.416
 -63.650  134.013
 -53.089  137.590
 -62.193  127.464
 -40.983  130.776
 -71.976  143.096
 -56.724  138.101
 -55.749  131.736
 -60.520  146.746
 -70.448  135.819
 -60.420  125.230
 -47.498  129.710
 -62.673  146.454
 -57.020  141.441
 -55.609  132.106
 -56.458  143.754
 -54.753  129.820
 -62.812  142.665
 -65.413  140.889
 -51.500  134.551
 -53.231  147.465
 -60.680  120.681
 -68.793  142.638
 -70.273  141.126
 -55.346  137.668
 -59.965  139.000
 -56.585  143.981
 -64.945  126.098
 -51.445  145.656
 -61.147  141.100
 -64.773  123.285
 -64.601  134.423
 -56.275  146.368
 -55.312  133.004
 -61.296  125.891
 -49.094  126.004
 -46.151  132.079
 -66.963  138.732
 -71.118  122.768
 -60.651  122.410
 -72.069  125.746
 -65.258  133.288
 -59.928  129.894
 -59.722  141.835
 -64.910  133.241
 -65.517  134.137
 -53.217  129.425
 -61.379  138.285
 -67.202  128.265
 -69.633  132.471
 -71.837  141.293
 -73.132  130.105
 -47.441  141.858
 -61.927  138.922
 -64.888  119.043
 -50.091  130.439
 -69.393  133.266
 -47.938  136.471
 -65.434  139.357
 -51.938  129.498
 -58.328  147.057
 -62.035  132.012
 -63.052  132.523
 -56.429  133.924
 -50.077  130.295
 -54.060  145.580
 -46.284  134.355
 -67.810  143.310
 -64.220  140.178
 -63.940  141.205
 -54.345  130.176
 -67.104  141.217
 -57.517  134.936
 -50.169  131.087
 -70.369  143.595
 -48.982  131.035
 -59.661  131.805
 -70.182  146.090
 -69.936  144.815
 -68.970  134.252
 -57.508  130.755
 -72.264  133.530
 -75.073  130.293
 -66.791  126.915
 -60.168  128.114
 -73.265  131.979
 -53.324  125.348
 -51.372  142.732
 -56.810  131.566
 -59.018  152.571
 -74.952  136.659
 -50.845  134.347
 -42.249  129.663
 -60.592  116.305
 -61.064  130.819
 -46.647  132.763
 -62.836  138.230
 -62.212  131.246
 -45.703  145.172
 -59.590  127.823
 -70.143  137.655
 -51.975  126.124
 -50.902  129.481
 -66.508  140.383
 -65.971  135.779
 -48.255  136.587
 -53.686  136.523
 -69.966  133.678
 -64.726  127.909
 -56.623  128.467
 -67.835  130.466
 -56.462  141.233
 -65.192  131.803
 -51.404  142.197
 -47.070  136.063
 -54.538  142.325
 -66.693  141.245
 -60.285  141.690
 -63.659  133.028
 -68.890  133.263
 -63.264  129.476
 -66.225  135.727
 -68.924  133.883
 -53.811  135.981
 -73.242  143.893
 -64.383  135.211
 -63.473  140.520
 -59.942  152.205
 -54.472  135.124
 -58.076  134.616
 -65.102  123.263
 -70.716  141.601
 -42.461  132.367
 -65.735  142.540
 -56.982  143.934
 -57.457  132.393
 -74.358  118.243
 -57.517  132.773
 -59.385  133.945
 -49.266  142.641
 -55.303  129.829
 -72.213  140.804
 -50.769  126.335
 -75.179  136.628
 -58.321  142.676
 -59.634  149.812
 -63.131  136.255
 -67.086  148.611
 -71.614  161.316
 -62.054  146.141
 -50.396  126.854
 -65.047  154.580
 -68.274  141.891
 -54.314  127.996
 -61.935  136.689
 -78.031  144.121
 -63.399  131.406
 -57.068  144.166
 -55.548  134.610
 -58.415  127.760
 -60.542  130.561
 -66.799  153.347
 -64.641  140.477
 -64.543  138.118
 -61.994  144.507
 -69.309  124.266
 -51.481  126.242
 -77.903  136.162
 -65.232  152.765
 -68.006  135.469
 -72.076  126.606
 -65.198  134.035
 -62.290  141.883
 -50.546  134.839
 -66.346  126.709
 -61.987  142.280
 -63.490  131.214
 -54.933  124.545
 -66.638  122.105
 -55.080  124.371
 -61.982  134.656
 -67.092  127.140
 -59.986  140.838
 -59.578  139.532
 -56.632  143.993
 -62.796  142.158
 -77.305  146.711
 -56.101  142.668
 -66.533  141.724
 -64.905  138.501
 -57.651  114.986
 -58.530  136.437
 -56.913  136.749
 -63.136  143.309
 -51.807  148.322
 -60.165  136.244
 -68.327  139.714
 -59.136  142.539
 -57.180  139.303
 -48.620  125.327
 -60.666  140.567
 -72.987  117.332
 -56.523  131.769
 -55.492  136.613
 -59.025  134.855
 -59.082  146.519
 -72.174  127.822
 -55.949  137.400
 -69.586  139.115
 -49.656  126.222
 -79.088  126.740
 -62.649  138.695
 -55.241  126.879
 -52.893  132.484
 -47.339  144.462
 -69.111  130.639
 -38.016  147.999
 -54.936  137.061
 -53.368  124.823
 -59.529  132.888
 -55.877  132.713
 -58.570  117.240
 -65.757  136.226
 -57.866  123.635
 -58.362  133.827
 -57.387  126.572
 -52.160  134.815
 -58.298  135.793
 -56.868  150.441
 -59.646  141.907
 -53.364  139.192
 -74.282  145.498
 -59.608  131.218
 -55.826  148.763
 -46.857  139.384
 -66.352  138.940
 -57.104  140.664
 -52.019  124.637
 -61.629  146.386
 -64.052  139.468
 -66.360  144.613
 -71.627  144.379
 -55.850  131.316
 -52.347  127.971
 -43.022  142.990
 -59.525  136.170
 -82.416  138.976
 -55.250  131.097
 -62.733  141.749
 -69.924  133.565
 -45.798  141.341
 -59.704  122.947
 -61.464  137.957
 -71.142  128.888
 -55.713  140.635
 -73.984  135.658
 -59.152  131.751
 -67.214  132.278
 -62.062  132.674
 -49.674  144.246
 -63.080  148.459
 -54.284  129.733
 -53.855  121.174
 -66.755  134.989
 -69.910  130.013
 -55.325  148.153
 -62.082  136.242
 -61.896  128.582
 -66.591  136.298
 -51.110  134.631
 -63.584  136.017
 -75.369  134.208
 -56.730  138.719
 -59.270  138.940
 -59.446  134.639
 -70.156  137.596
 -60.280  137.395
 -60.500  139.572
 -58.122  125.107
 -71.175  143.147
 -55.680  132.547
 -58.478  134.116
 -71.251  142.197
 -57.790  133.732
 -53.466  125.035
 -64.096  127.402
 -67.411  128.781
 -59.709  136.810
 -64.964  135.682
 -87.436  136.474
 -63.270  133.973
 -68.205  125.529
 -57.804  132.981
 -57.556  125.752
 -80.057  138.196
 -61.615  143.149
 -55.952  143.451
 -62.735  129.056
 -68.111  150.110
 -70.085  129.969
 -69.387  120.254
 -54.439  149.356
 -58.457  143.563
 -54.744  141.212
 -60.816  138.070
 -64.957  139.516
 -54.347  139.553
 -62.584  137.700
 -63.636  132.230
 -57.747  151.055
 -57.993  122.956
 -77.361  133.585
 -66.054  120.460
 -79.420  134.896
 -53.196  136.592
 -58.471  137.977
 -68.259  145.223
 -72.424  130.352
 -55.052  130.628
 -61.410  135.934
 -74.587  126.899
 -63.833  136.059
 -55.798  138.203
 -52.187  132.438
 -73.413  132.866
 -46.889  128.605
 -63.849  132.053
 -62.487  140.680
 -66.186  132.535
 -57.397  137.074
 -69.690  133.251
 -53.119  147.511
 -61.565  140.672
 -61.961  135.583
 -56.023  129.833
 -44.555  128.764
 -50.801  139.096
 -50.456  128.998
 -51.380  127.271
 -56.488  132.351
 -49.518  139.396
 -53.164  126.187
 -55.077  144.169
 -68.105  122.150
 -66.387  120.471
