 107.773  133.944
 102.752  131.401
 110.307  127.220
  86.860  140.759
  90.724  137.490
  95.911  137.727
  93.260  127.799
  95.892  138.171
 106.160  131.118
 106.471  139.908
 118.404  134.403
  98.582  126.420
  99.757  125.855
  91.173  145.371
 102.304  128.729
 106.927  137.446
 100.091  129.143
 103.228  138.467
  98.705  142.202
 113.067  141.906
 109.502  142.034
  92.974  117.381
 110.904  134.858
  97.686  147.631
 100.604  136.187
  99.169  150.321
 100.660  141.836
 100.171  124.223
 100.084  131.643
 104.411  127.853
 100.089  128.138
 107.579  119.923
 107.949  132.041
 100.222  136.588
  85.865  136.316
  98.848  143.418
 104.124  138.879
  99.091  137.464
 123.823  137.304
 105.395  125.526
  97.989  121.083
  96.487  140.442
 108.707  141.573
 113.514  147.243
  91.687  142.207
  94.642  142.282
  94.534  139.061
  97.701  144.149
  97.163  127.205
  98.305  147.295
 103.287  114.499
 116.253  128.479
 112.289  138.765
  99.936  145.904
 104.880  141.805
  95.048  132.060
 103.064  149.085
 102.634  134.506
 117.639  143.081
 104.607  143.899
  93.680  139.348
 113.508  134.863
  93.132  138.895
  95.638  132.790
  90.030  143.950
 107.372  135.753
 105.302  134.531
  94.277  143.908
 105.417  129.017
 102.299  124.454
  90.664  147.623
  93.625  113.530
  92.718  136.974
 102.437  141.196
 103.806  129.913
  91.454  134.728
  95.523  145.651
  98.585  137.820
 105.615  146.301
  99.403  144.540
 108.111  120.813
 105.779  133.051
  95.297  139.632
 110.349  124.490
  95.156  139.632
 100.631  132.282
 101.215  132.481
  90.159  142.826
 109.682  131.580
  94.627  133.220
 106.236  134.099
 101.590  141.096
  98.542  130.291
 105.040  141.254
 105.382  142.525
  93.985  134.844
  90.714  126.298
 103.564  132.961
  86.877  139.953
 107.085  140.983
 106.382  139.470
  93.899  134.722
 123.716  131.445
  94.984  124.179
  97.915  136.522
 103.324  133.386
 107.549  121.485
 107.434  135.045
  92.571  131.377
  94.813  126.127
 108.706  132.458
  94.007  137.771
  99.023  135.949
 104.329  138.915
  92.350  138.301
  92.455  136.756
  96.510  118.602
 112.891  138.516
  99.303  132.700
 107.069  131.087
 106.421  133.606
  95.528  155.506
 104.700  141.557
  99.501  136.820
  99.249  143.030
 106.301  145.024
 103.819  137.533
  98.908  140.077
  94.029  122.838
  89.059  147.650
  97.216  141.996
  93.596  135.075
  95.821  135.630
  96.199  137.356
  92.659  134.050
 101.353  118.612
  99.708  120.582
  98.852  138.208
 102.003  138.731
  90.087  133.687
  95.977  138.155
  91.370  135.007
 102.622  128.112
 101.076  142.893
 100.291  134.989
 109.097  136.681
 102.792  138.164
 100.642  142.690
 109.229  129.047
 102.440  127.931
 109.306  134.666
  95.880  140.383
 121.819  132.482
 110.993  139.563
  87.647  121.534
  90.495  126.950
 108.669  138.278
  94.511  145.831
 103.172  136.289
  95.943  124.977
 100.499  133.033
 102.566  138.545
 100.985  124.919
  99.396  117.033
 106.658  150.051
 116.450  136.433
  97.384  128.053
 101.502  120.962
 102.683  141.123
 102.652  153.141
 103.794  139.246
  87.082  136.982
 107.982  141.763
  92.546  139.382
 106.103  123.969
 104.128  119.865
 113.546  145.295
 106.175  126.173
 104.673  139.710
 109.724  136.286
 100.622  127.803
  87.782  134.924
 101.456  128.407
 100.892  143.448
  96.684  143.978
  86.966  132.469
  89.008  130.544
  99.621  136.213
 108.228  139.913
  95.686  129.094
 102.752  145.729
 102.542  135.888
  97.896  141.822
 125.629  138.848
  96.722  118.880
 108.470  123.636
  94.698  134.817
  87.254  145.371
  92.641  138.409
 107.397  132.127
  93.682  127.626
 103.515  153.452
  99.332  148.618
  90.353  138.784
 110.804  131.513
 100.199  147.873
  91.294  125.540
 109.268  142.671
  99.552  142.463
  83.980  126.399
 107.120  145.074
 105.105  149.519
  91.249  131.945
  79.088  142.217
  99.253  130.058
  97.064  136.672
 102.888  144.887
  98.021  132.885
 105.615  144.917
 102.945  146.143
  88.589  128.850
 103.298  133.714
 101.801  143.695
 100.120  139.912
  97.617  136.093
 101.556  136.593
 105.173  129.844
  96.308  140.163
  99.797  134.373
 109.710  138.537
 101.285  132.244
  89.871  124.982
  89.975  127.456
 101.375  138.741
 102.977  131.602
  96.052  128.812
  89.117  142.947
 105.186  130.565
  98.249  135.743
  96.038  125.080
 100.465  140.052
  95.163  116.296
 110.745  126.309
 100.442  138.946
  95.404  131.800
  99.925  128.622
 106.562  142.609
 110.153  141.167
  83.450  148.366
  92.636  141.724
 100.819  123.255
 108.125  137.663
  94.686  124.242
 107.157  138.095
 115.982  147.769
 111.973  147.040
 108.086  121.526
  94.101  134.082
  92.891  126.291
  92.838  135.244
  92.437  131.122
 111.667  143.677
  90.695  128.637
 100.181  136.564
  99.809  143.551
 103.156  146.928
  97.284  150.580
 101.899  135.516
  99.439  133.302
  98.869  130.574
 111.885  143.179
 100.806  121.679
  90.237  129.384
 100.993  143.490
  89.730  140.673
  92.879  141.161
  99.613  127.229
 101.764  120.298
  93.674  131.317
  95.977  148.074
  99.775  126.088
  98.268  136.268
  84.138  134.992
 113.884  124.734
 112.944  135.692
 105.102  130.364
 100.787  120.733
 101.605  133.796
  99.127  135.865
 103.059  145.664
  95.710  133.650
  98.645  138.189
  90.956  130.848
  98.216  137.894
  91.774  145.024
  99.329  147.740
 101.188  130.164
 109.515  124.609
  98.902  132.707
 106.490  136.420
 110.137  138.674
 109.672  134.967
 109.441  143.868
  97.712  129.628
 103.643  139.129
  99.468  142.063
 109.924  127.552
 103.567  132.967
  83.925  129.087
 102.702  131.058
 111.721  151.178
  94.168  139.139
 105.750  135.634
 103.838  118.815
 102.837  135.284
  97.984  145.775
 101.091  135.500
 110.181  149.226
  90.324  135.080
 116.428  134.740
  97.157  140.489
 103.300  134.156
  88.238  140.981
 102.826  123.412
  94.962  143.689
  96.940  132.975
 106.599  143.784
 102.306  132.112
 109.060  137.610
  95.909  122.679
 106.070  138.739
  98.434  137.124
  98.810  146.777
  95.317  117.805
  96.432  124.185
  96.793  136.540
  95.805  128.054
  95.708  122.962
 112.028  140.216
  96.972  140.529
  94.471  141.892
  96.534  131.357
  87.597  111.100
 100.866  133.781
 111.850  136.756
  93.738  141.986
  88.193  127.860
  97.937  135.184
 100.396  129.757
 101.416  147.167
 100.033  134.739
  95.878  138.352
  91.784  136.915
 105.345  124.453
  91.847  132.887
 102.363  138.128
  97.069  141.986
  90.801  123.706
  96.116  145.425
 105.254  134.726
  93.981  135.102
 106.485  115.165
 101.099  133.195
 104.228  140.871
 108.216  142.650
 104.334  137.303
  99.199  127.154
  96.073  122.991
  99.608  132.477
 109.687  126.688
  93.049  148.611
 107.683  147.391
  96.469  149.448
  93.854  138.069
 101.465  143.293
 107.471  136.538
 102.219  114.136
  93.447  133.278
 101.193  126.448
 101.511  133.050
 107.137  132.528
 102.577  135.250
 104.805  111.644
 112.963  129.926
  85.527  126.139
  92.418  131.249
 104.305  116.871
 102.248  128.534
 114.478  144.374
 106.262  135.621
  99.739  131.644
  91.380  133.297
 107.796  139.451
  95.957  140.398
 109.703  138.653
  81.015  123.995
 103.272  141.757
 100.967  130.856
  96.651  138.847
  90.046  141.368
  93.683  136.631
  96.153  144.822
  99.823  142.729
  89.665  142.903
  98.287  141.203
 102.650  140.130
 113.016  120.439
 104.117  131.157
 106.651  122.861
  92.591  135.163
  87.045  126.422
 102.449  123.952
  96.056  128.993
  92.149  119.354
 105.881  146.156
 104.312  135.593
 102.622  134.732
  96.834  137.808
 110.768  135.017
  96.655  135.236
  97.227  144.954
 105.985  146.343
  99.649  138.351
  92.627  135.451
 106.725  143.186
  89.694  124.577
  98.727  134.928
 111.542  138.640
 102.400  134.790
  99.713  129.373
 108.304  140.527
 113.606  139.930
  95.643  124.415
 109.035  132.241
  96.595  137.639
  93.010  144.325
  97.052  129.941
  98.775  128.746
  94.664  144.643
  83.063  140.249
  98.734  135.206
  90.476  138.033
 106.686  131.566
 103.765  142.278
 113.282  137.887
 102.478  132.309
  95.502  123.272
  98.982  140.143
  96.779  128.680
 112.285  128.832
  91.618  130.133
 107.880  138.414
  93.460  138.825
  89.043  133.212
 103.042  138.434
 102.806  136.942
 111.714  143.088
  87.838  141.252
 103.697  139.293
 107.844  144.611
 106.843  131.774
 101.009  144.800
 110.976  140.415
 114.867  132.998
 109.670  146.715
 100.118  121.343
 105.052  129.837
  91.500  143.874
  93.551  114.962
  97.312  142.210
 102.765  132.574
  99.477  132.701
  90.950  144.453
 103.784  131.093
 100.240  133.353
 108.630  133.672
 100.712  148.944
 105.774  135.276
 103.394  136.225
 105.196  139.917
 109.168  124.978
 114.061  135.407
  95.350  136.679
 108.256  136.228
  92.822  122.624
  99.910  130.343
  87.302  138.029
 114.564  142.916
 112.370  137.654
 103.829  141.197
  89.911  120.567
 108.468  129.908
  96.261  126.412
  91.192  130.943
 100.488  138.927
  96.182  144.876
  94.260  130.520
 101.197  127.599
  97.913  146.425
  92.638  131.223
  96.422  128.348
 117.493  128.552
  91.960  145.924
  93.509  126.489
 109.906  142.412
  99.881  137.537
  92.378  136.035
 112.024  138.395
 101.336  133.450
  98.912  126.448
 109.573  138.520
 105.954  138.409
 101.806  136.561
  96.634  135.343
 109.854  128.909
  98.826  124.908
  94.020  139.060
 100.737  137.838
 101.194  135.605
  94.127  141.470
 105.661  140.686
 107.190  137.321
  99.498  149.133
  90.086  144.374
  94.100  132.499
  92.704  137.458
 102.708  141.839
  94.797  141.678
 101.573  128.866
 110.346  135.705
 112.045  142.420
  92.601  136.621
 102.073  139.182
 118.422  134.699
 105.753  138.091
 117.543  145.914
 100.310  140.649
  97.001  134.825
 109.624  133.562
 105.531  130.280
  96.749  137.227
 101.834  123.892
 100.326  127.444
 101.868  122.142
  98.017  136.699
  98.385  149.514
 100.607  131.584
 102.305  136.577
  98.540  134.327
  89.002  137.901
  89.238  140.680
  93.148  124.747
 118.025  144.884
  93.997  125.798
 104.763  136.678
  99.213  152.046
  96.163  137.858
  95.316  131.685
 115.019  134.637
 100.976  144.727
  94.718  130.138
  97.786  136.248
 101.592  122.909
 100.765  134.657
 108.138  128.739
  94.582  139.594
  97.849  131.192
  98.424  133.352
  98.120  123.034
  90.336  146.381
 110.633  128.089
  98.351  138.711
  80.168  136.119
 111.771  132.475
 100.633  131.822
  97.512  128.994
 104.627  130.519
  95.508  137.102
  99.365  144.421
 125.077  129.894
 105.018  134.382
 101.589  138.186
 103.508  130.145
  98.565  132.563
  90.590  132.399
 106.491  143.900
 102.236  116.530
 105.288  132.540
  95.711  144.112
 112.922  135.141
 100.077  129.332
 103.146  120.799
 114.474  130.284
 113.454  129.889
  89.048  128.598
  95.623  137.616
  97.231  133.114
  98.187  136.608
 111.321  147.788
 103.427  134.447
  90.132  137.290
 102.632  122.672
  92.319  132.962
 105.673  142.484
  91.587  142.502
 129.233  131.183
 113.355  125.937
 104.487  136.277
  97.620  130.445
 100.262  141.585
  93.667  135.034
  88.254  154.784
 107.321  140.606
 119.516  137.693
 103.528  133.899
 105.590  127.417
  99.836  132.831
 102.581  131.738
  89.135  147.767
  99.501  138.435
  95.314  128.357
 100.360  128.009
 101.332  143.457
 102.718  140.791
  96.589  138.575
  98.402  132.035
  95.726  136.173
 102.928  118.535
  96.703  135.342
 106.881  134.348
 102.031  120.015
  85.418  128.124
 103.915  120.083
 108.605  143.769
 100.297  138.752
 104.197  129.479
 100.991  126.749
  99.496  144.171
 101.222  140.539
  97.481  109.521
 103.572  126.489
  98.659  144.677
  95.782  133.369
  92.721  134.257
 103.908  137.676
  94.553  139.278
 101.593  137.822
  89.095  142.718
 109.231  140.625
  95.092  152.236
 106.120  135.555
 106.428  122.537
 109.577  128.022
  90.321  137.091
 112.873  146.007
 108.972  147.426
 103.179  151.069
 103.700  126.147
 102.204  132.275
  96.150  133.887
 107.458  137.259
  83.974  130.358
 124.399  139.013
 109.744  133.982
 115.235  126.923
 101.848  136.469
  97.650  143.629
  97.054  147.972
  97.126  126.210
  94.830  138.325
  88.376  149.479
  96.032  135.447
  98.878  132.403
  97.631  127.913
  98.282  128.385
 101.038  124.575
 113.298  134.078
  94.221  136.015
 104.650  135.766
  83.697  134.496
 107.341  142.119
  97.674  131.037
 102.474  138.532
  91.406  143.278
  97.482  138.179
 100.195  134.542
 106.931  125.263
  95.453  138.932
  89.468  128.390
  96.276  125.756
  93.133  137.758
  93.406  118.571
  89.906  136.209
 104.953  139.305
  95.287  111.235
  93.781  127.403
  99.563  140.790
 110.830  145.748
  94.524  130.182
  98.229  131.387
  99.667  142.457
  99.193  151.381
  99.010  135.397
 102.385  136.890
  97.532  140.137
  92.699  127.149
 104.869  139.928
 102.955  140.993
  99.981  148.575
  96.129  141.031
  97.583  135.769
  88.986  126.203
 101.900  133.146
 110.646  141.562
 108.306  138.879
 108.246  138.634
 106.188  137.615
 103.342  132.601
 101.358  124.498
  90.035  138.600
  96.832  138.522
 100.541  115.973
  87.272  132.594
  95.475  142.456
  97.906  135.444
  90.541  134.582
 100.843  133.973
  92.014  144.854
  93.984  130.111
  82.078  133.773
  95.848  141.714
  96.561  137.266
  97.833  145.312
  99.500  122.691
 100.758  153.155
  89.574  140.438
 101.133  126.027
  96.984  128.011
  89.592  136.318
 101.051  136.116
 110.141  121.770
  99.247  133.011
 108.735  124.956
 110.035  135.288
  91.439  131.657
  93.813  142.622
  95.919  124.940
  91.305  128.905
  97.376  134.582
  94.235  141.514
 102.549  134.539
 114.205  140.020
 101.492  143.534
  92.702  138.488
 101.245  137.734
  88.390  130.627
  91.981  133.106
 106.917  131.031
  99.793  128.317
 104.559  147.398
 129.271  128.999
 112.164  122.522
 112.761  142.987
  98.397  146.439
 108.730  142.796
  93.229  132.003
  91.887  125.805
 100.379  138.738
 104.217  131.521
  93.192  129.984
  96.916  139.307
  95.332  134.260
  98.890  132.695
  90.908  142.398
 107.395  131.026
 105.106  138.440
  96.149  139.089
  88.018  130.440
 100.607  138.271
 124.667  133.438
 105.429  138.918
  89.032  134.189
  97.904  133.557
 109.110  143.683
 108.438  133.564
  98.225  134.081
 100.883  127.172
  96.511  135.384
  96.396  131.394
 101.387  143.073
 108.128  125.150
  96.740  137.307
  87.002  135.862
  99.857  140.579
  99.603  133.259
 101.656  138.640
 105.810  128.884
 100.917  137.631
 101.709  137.234
  99.610  128.068
 101.922  138.355
  93.037  130.155
 113.765  148.684
 104.307  133.261
 105.390  127.990
  91.172  131.024
  97.677  129.980
 101.765  141.132
  96.413  135.465
  98.744  127.696
  90.580  141.042
  94.382  134.848
  95.870  128.665
 108.475  141.001
 110.316  130.825
 115.530  124.935
  97.122  140.968
  94.990  139.939
  96.129  124.765
  96.568  130.822
 101.422  136.066
  97.632  133.940
 132.511  126.668
  89.725  134.674
  97.505  147.026
 121.147  139.912
 109.870  136.223
  95.293  123.921
 105.537  130.487
 113.016  141.865
  98.245  136.634
 113.014  121.166
 102.239  132.100
  93.342  143.061
  92.677  114.164
 100.947  123.016
 107.282  142.223
 101.458  128.929
 102.067  130.291
  98.021  137.303
 100.333  130.669
  93.118  129.173
 120.864  130.966
 102.710  128.321
  97.155  143.853
  98.769  130.005
 100.638  140.102
 106.833  135.451
 102.876  138.284
 109.178  147.100
  99.983  129.675
 102.866  131.308
 100.762  134.524
  98.252  116.372
  96.728  126.655
  97.856  129.258
 101.602  128.565
  97.518  124.846
 106.781  127.535
 114.197  135.149
  95.860  125.338
 100.871  130.922
  99.355  148.577
  99.474  133.924
  93.351  136.033
 101.147  138.020
  98.290  130.031
 112.950  140.753
 102.863  126.387
 110.310  136.328
  90.934  136.614
 108.212  143.454
 109.208  142.757
 121.692  135.561
  77.879  143.668
 102.734  128.793
 100.082  137.857
 101.715  139.948
 103.098  129.743
 101.432  135.380
  96.291  131.559
  90.835  142.367
  98.552  136.630
  97.741  131.926
 102.907  129.898
 106.171  135.640
 119.740  139.500
 115.025  143.149
  95.759  131.661
  93.502  138.714
 104.427  136.152
  99.843  114.141
 104.953  131.972
 100.084  127.938
 107.837  139.682
 102.818  143.082
 114.278  140.183
 105.302  142.311
  90.117  134.562
 101.023  137.685
 103.164  132.745
  92.780  134.588
  91.884  135.860
 100.124  124.658
  92.951  129.778
 109.057  123.343
  99.490  120.133
 104.241  142.211
 113.138  122.586
 101.669  143.211
  88.727  129.575
  94.933  134.860
  94.904  131.219
  98.682  135.253
  99.717  142.637
 103.673  136.982
 106.409  120.419
 114.272  126.453
  95.007  138.387
 102.281  131.804
  95.262  135.474
  89.713  133.927
 104.383  138.298
  99.569  143.812
  98.480  130.255
 105.068  141.861
  96.971  141.753
  97.743  141.809
 108.286  141.971
 106.451  137.471
  89.894  135.091
 100.738  136.985
  99.750  131.599
  89.175  135.363
 101.728  133.174
 115.381  134.574
 103.448  142.411
  91.553  136.892
  92.701  139.623
 101.094  132.079
  92.924  135.225
 107.269  137.190
 104.471  111.405
  92.397  141.338
 116.264  138.336
 107.886  133.619
  92.344  140.587
  96.616  124.774
  97.448  138.477
 107.646  141.273
 105.562  136.786
  99.862  143.447
  98.048  138.702
  96.710  146.722
 102.980  138.506
 122.032  131.490
 107.746  128.646
 103.694  134.984
  92.686  124.243
 104.955  135.396
  97.032  142.453
 105.149  136.824
  92.448  145.636
 106.569  122.402
 112.377  132.613
  96.474  148.772
  83.073  124.761
 105.432  135.334
  96.734  137.206
  99.385  125.848
 100.928  126.531
  94.863  138.809
 100.557  138.458
 105.623  132.557
 106.288  133.226
 102.492  127.965
  91.944  133.768
 100.903  145.887
  93.150  140.341
  95.596  119.477
 105.630  131.146
 108.396  126.711
 101.835  121.518
 103.471  121.218
  91.765  157.084
  87.486  144.105
 104.042  139.880
 104.603  138.648
  92.645  144.811
  99.414  144.682
  96.262  127.482
 122.793  133.180
 106.909  130.088
  93.046  145.510
 118.711  133.640
  96.138  137.987
 110.571  127.485
 104.108  135.802
 111.378  138.689
 116.258  130.286
