  82.797  157.892
  85.440  138.696
 105.431  153.896
  81.280  150.300
  89.637  137.275
  80.762  154.662
  75.935  146.649
  93.950  138.939
  97.159  152.296
  90.687  144.393
  81.238  139.578
  88.100  143.389
  96.052  143.124
  90.164  144.554
  98.446  163.236
  82.791  157.689
  90.792  145.154
  84.160  140.474
  73.018  147.380
  89.081  140.149
  86.846  146.588
  83.338  136.323
  87.372  160.447
  90.844  142.369
  89.884  139.368
  97.086  150.802
  73.125  145.756
  78.265  157.584
  93.892  141.606
  85.878  144.447
  78.755  150.663
  83.121  155.630
  75.184  144.061
  84.573  154.038
  85.284  154.452
  82.920  144.394
  77.683  154.451
 100.608  145.336
  86.471  148.684
  80.246  141.814
  83.945  146.157
  87.802  141.957
  81.115  146.586
  85.230  142.136
  88.621  150.997
  83.741  154.927
  84.236  151.585
  87.265  152.467
  89.963  144.773
  89.084  143.088
  84.599  152.097
  85.703  163.874
  92.793  149.048
  93.382  159.382
  86.876  151.692
  88.831  157.218
  76.717  143.260
  88.143  149.057
  97.010  151.370
  86.882  152.543
  90.254  151.925
  90.224  153.398
  90.812  156.463
  87.520  146.128
  91.367  130.477
  85.835  152.177
  85.104  137.395
  87.728  152.101
  83.719  165.201
  92.875  152.462
  80.504  144.012
  89.944  149.341
  86.219  148.287
  74.870  145.772
  95.773  150.266
  78.335  144.447
  90.238  150.725
  93.182  138.474
  85.461  141.027
  98.409  134.120
  97.039  149.502
  84.412  145.148
  87.284  147.563
  89.732  150.393
  87.658  155.749
  82.142  162.862
  84.024  150.253
  93.046  150.713
  77.231  149.113
  90.449  146.646
  93.296  146.868
  96.440  146.760
  86.684  146.224
  93.577  154.390
  87.762  142.174
  91.551  150.639
  82.334  147.537
  88.589  146.867
  80.820  153.441
  96.304  147.614
  86.282  157.881
  79.135  160.389
  94.451  134.225
 101.875  151.755
  85.555  154.502
  95.776  150.314
  84.127  155.340
  75.729  153.025
  93.966  158.397
  79.943  147.950
  81.639  144.582
  87.116  154.067
  82.662  152.003
  89.451  150.320
  82.006  152.091
  77.520  139.404
  90.368  146.291
  92.054  148.387
  79.040  153.554
  89.339  151.446
  76.969  157.066
  84.069  159.513
  83.277  153.737
  78.945  147.161
  94.152  147.160
  84.549  152.246
  84.370  149.971
  87.113  147.540
  90.637  142.555
  89.966  137.071
  93.090  162.130
  91.765  155.867
  68.725  150.730
  89.473  158.326
  82.432  148.027
  85.672  159.712
  81.473  141.378
  85.232  151.637
  82.616  146.590
  88.556  147.142
 101.002  143.742
  97.658  135.415
  93.346  147.238
  98.432  149.149
  81.840  144.395
  79.971  163.854
  84.981  156.404
  91.030  156.352
  97.685  154.827
  89.004  144.838
  93.856  142.338
  86.110  151.196
  89.974  140.157
  83.305  159.049
  93.525  145.172
  84.741  155.354
  72.288  162.095
  91.129  143.641
  86.939  145.006
  93.469  148.149
  94.546  145.041
  91.618  146.819
  83.952  143.500
  89.492  158.114
  85.389  151.111
  79.568  154.035
  92.569  160.566
  76.836  165.785
  84.625  152.117
  97.220  137.689
  85.295  138.383
  84.190  159.170
  86.375  135.691
  86.925  154.186
  89.397  147.892
  95.879  155.536
  90.305  146.419
  84.717  143.767
  96.861  138.250
  81.385  161.480
  83.638  148.669
  80.077  140.988
  86.646  154.202
  89.189  160.877
  90.077  140.488
  86.325  139.412
  87.200  142.962
  96.497  157.407
  80.664  160.966
  83.724  156.438
  88.315  134.293
  86.865  135.328
  96.773  152.799
  83.147  145.744
  88.445  163.240
  83.570  146.842
  94.882  147.307
  90.347  147.176
  87.842  156.630
  82.825  142.155
  84.591  143.325
 103.573  146.051
  82.520  148.559
  84.509  145.632
  91.197  149.567
  84.181  152.310
  83.916  140.338
  88.263  156.319
  87.484  140.362
  90.662  150.217
  84.774  148.571
  89.909  137.281
  86.111  160.039
  82.862  144.705
  91.517  140.603
  87.864  141.584
  82.442  147.762
  87.529  154.295
  81.199  145.294
  89.237  155.690
  94.411  153.636
  84.039  150.995
  82.972  143.441
  81.019  151.399
  85.032  133.928
  84.994  168.430
  82.097  134.189
  84.192  159.841
  78.893  149.986
  82.944  153.685
  95.591  142.981
  75.320  147.996
  89.541  157.636
  96.636  152.388
  87.648  143.792
  90.832  139.284
  95.668  150.538
  89.676  145.746
 100.064  143.603
 104.388  138.226
  80.984  146.760
  82.234  142.620
  93.167  151.137
  95.377  142.313
  84.035  155.842
  87.148  154.060
  88.106  148.763
  91.625  160.339
  75.987  161.175
  86.696  150.989
  75.770  144.439
  89.489  164.418
  91.769  163.154
  93.791  156.939
  86.588  150.024
  86.884  147.587
  90.706  149.927
  86.812  137.285
  94.258  152.687
  88.360  166.535
  86.404  176.390
  75.939  152.978
  97.175  160.243
  77.903  138.280
  96.594  147.626
  79.699  153.483
  84.062  141.143
  88.074  148.710
  80.627  144.678
  92.317  161.391
  85.096  142.410
  87.128  158.362
  84.810  148.492
  86.043  151.788
  83.972  136.679
 100.361  149.521
  91.629  131.080
  95.369  154.559
  85.122  143.743
  86.300  142.995
  83.472  155.519
  93.940  147.672
  83.479  147.998
  77.320  156.792
  85.962  150.854
  86.523  142.627
 106.045  153.693
  93.493  152.701
  85.771  138.607
  85.738  150.600
  85.616  151.253
  93.473  135.491
  79.023  141.359
  94.997  159.800
  78.809  153.926
  91.156  156.155
  80.246  151.528
  80.515  151.452
  96.306  136.414
  74.628  153.292
  79.281  147.213
  85.090  146.941
  85.617  153.147
  75.659  153.783
  78.643  147.613
  85.900  138.928
  90.835  147.315
  91.052  151.284
  90.173  152.889
  90.895  137.489
  89.944  138.077
  90.517  163.246
  83.517  152.948
  79.130  148.559
  87.013  153.347
  76.421  155.665
  83.482  137.495
  80.928  137.829
  90.534  154.112
  83.520  151.173
  88.707  139.524
  79.493  141.347
  87.773  163.479
  85.841  148.012
  92.574  154.603
  80.403  149.843
  87.653  136.834
  97.219  144.578
  83.282  150.871
  89.151  145.832
  83.503  148.219
  88.857  139.774
  85.357  139.305
  87.492  153.975
  84.506  148.251
  87.204  145.725
  90.029  157.789
  93.227  152.344
  87.316  133.874
  93.816  152.214
  83.431  151.647
  81.847  157.379
  87.768  160.126
  75.293  134.973
  95.277  143.794
  90.275  152.644
  84.394  143.250
  85.323  149.963
  80.600  142.583
  77.412  167.302
  80.163  159.019
  94.085  159.134
  76.286  151.585
  92.701  147.304
  93.931  141.352
  85.054  138.196
  93.137  157.882
  88.211  153.731
  98.620  147.231
  85.318  146.253
  77.400  154.296
  92.243  154.890
  92.587  159.214
  94.305  145.609
  83.699  155.855
  86.531  159.096
  92.960  136.243
  82.193  157.202
  92.154  142.135
  85.821  155.838
  93.996  144.260
  76.809  149.297
  90.299  150.005
  92.394  141.487
  82.878  147.692
  77.953  152.333
  92.048  156.084
  84.338  133.036
  86.250  158.178
  88.675  154.380
  78.044  142.615
  78.951  142.819
  86.980  152.249
  85.119  144.996
  94.417  148.333
  95.392  160.531
  77.447  155.749
  86.635  154.420
  86.994  146.421
  93.547  140.184
  76.193  138.333
  81.974  145.743
  87.839  157.854
  96.793  150.200
  86.314  151.563
  85.092  148.307
  89.437  159.687
  82.612  141.824
  92.095  148.842
  78.250  155.417
  82.190  145.522
  83.811  157.132
  80.713  155.343
  95.360  141.425
  90.319  159.070
  79.506  150.399
  88.903  151.745
  96.089  155.437
  91.394  140.912
  89.860  146.798
  77.116  144.988
  80.717  149.254
  83.822  145.175
  83.007  152.776
  88.660  149.066
  86.700  147.964
  82.577  144.735
  81.382  137.424
  91.012  151.998
  83.783  154.878
  87.658  151.528
  84.534  151.088
  85.045  156.738
  88.068  145.042
  83.879  150.442
  71.353  140.279
  92.441  136.787
  85.445  143.903
  94.727  145.644
  85.609  138.798
  94.351  150.956
  82.907  156.752
  90.580  154.874
  86.372  160.303
  83.052  143.472
  77.787  140.593
  94.570  152.497
  94.044  155.035
  89.426  146.559
  94.697  145.015
  90.120  149.930
  88.220  151.777
  94.645  143.079
  92.816  140.273
  88.028  151.666
  87.267  162.743
  86.473  157.338
  90.879  157.261
  97.013  131.351
  83.575  152.827
  92.553  142.692
  85.923  157.799
  82.954  143.050
  93.303  154.599
  88.036  144.527
  85.566  151.970
  94.929  164.896
  87.781  156.060
  85.970  147.410
  88.990  142.914
  88.128  150.022
  86.815  143.960
  89.727  145.139
  87.866  160.644
  82.307  138.864
  79.443  158.477
  90.374  133.713
  89.591  147.911
  92.050  151.857
  93.171  150.026
  87.683  135.125
  81.990  150.576
  93.455  146.259
  78.972  154.126
  86.459  139.369
  91.691  157.918
  82.313  153.559
 103.857  146.783
  91.437  151.686
  82.591  148.583
  86.736  148.496
 103.917  148.299
  87.051  140.880
  84.798  146.207
  93.853  157.642
  94.954  153.591
  84.956  156.178
  93.181  154.793
  84.457  149.862
  96.104  136.719
  76.910  145.696
  87.228  154.452
  89.067  151.532
  88.194  159.325
  85.865  158.520
  78.688  151.050
  88.360  151.629
  90.298  142.696
  90.930  131.938
  80.410  149.055
  90.817  150.856
  79.424  153.059
  83.272  156.588
  88.297  137.105
  95.536  154.253
  88.055  154.345
  95.837  156.424
  80.864  154.095
  89.011  144.599
  88.250  155.488
  83.700  154.927
  87.275  145.801
  87.498  151.697
  87.846  142.960
  85.184  140.655
  87.691  152.097
  73.613  147.273
  93.313  147.758
  82.501  155.855
  96.595  152.584
  92.124  158.965
  95.922  153.641
  76.059  145.416
  84.358  150.886
  90.516  138.119
  90.104  144.800
  86.788  142.438
  88.032  161.096
  97.598  151.306
  77.525  146.745
 103.791  143.263
  86.970  150.149
  86.473  150.057
  71.610  144.648
  91.927  145.368
  81.192  167.101
  97.841  143.369
  94.450  138.076
  92.472  154.065
  85.998  155.713
  87.591  134.203
  81.106  147.098
  82.623  153.843
  74.987  156.016
  84.236  140.770
  79.075  163.733
  90.522  152.398
  89.477  161.513
  86.104  154.774
  89.036  135.665
  93.746  148.888
  84.649  141.232
  81.614  144.476
  85.886  147.236
  89.417  157.677
  79.949  146.835
  81.697  155.504
  88.664  156.669
  80.591  147.368
  84.977  152.054
  91.163  144.617
  88.978  151.204
  89.897  152.759
  93.807  144.937
  94.118  146.460
  95.808  148.662
  85.302  145.436
  95.419  152.316
  96.902  167.247
  84.154  154.257
  80.624  144.763
  87.428  144.571
  76.425  145.998
  75.881  156.972
  90.352  152.214
  89.027  150.565
  96.503  157.040
 101.794  157.153
  76.648  139.259
  87.037  150.994
  91.718  146.779
  83.261  137.993
  80.850  152.886
  89.326  145.367
  81.500  137.705
  95.523  152.767
  90.466  145.473
  78.267  149.793
  87.093  153.458
  85.966  147.940
  90.206  129.707
  85.917  154.289
  93.138  148.211
  83.240  156.753
  90.471  165.032
  82.202  163.197
  88.734  143.779
  86.498  159.331
  87.153  139.020
  90.584  152.873
  91.198  147.623
  83.585  149.091
  70.460  159.549
  86.839  138.441
  83.306  152.534
  82.112  147.901
  90.205  145.533
  84.566  143.979
  82.707  154.730
  84.152  148.745
  89.724  133.735
  97.674  157.855
  85.828  149.097
  86.676  142.692
  92.322  146.476
  92.710  151.369
  77.168  139.373
  89.604  156.808
  90.620  142.093
  90.470  147.372
  82.187  149.673
  85.344  155.926
  91.586  140.616
  91.078  158.949
  88.436  148.724
  87.727  149.841
  83.184  140.066
  97.139  145.771
  74.734  156.782
  87.907  146.855
  84.187  141.509
  93.463  150.510
  85.006  140.639
  86.523  155.039
  88.095  156.843
  88.541  138.526
  90.567  147.945
  89.554  155.252
  90.624  156.305
  85.009  157.945
  89.473  154.804
  84.874  149.059
  78.891  147.449
  84.926  145.140
  78.472  151.238
  79.593  144.802
  94.299  161.872
  91.188  154.513
  91.921  158.010
  88.601  152.602
  98.402  161.054
  86.058  145.572
  78.080  155.794
  83.806  154.839
  82.994  143.725
  83.652  140.327
  83.003  165.124
  84.575  139.299
  91.169  143.645
  92.048  143.973
 104.423  148.795
  86.541  133.763
  95.257  150.968
  87.048  151.459
  87.177  157.376
  91.256  149.014
  91.271  152.263
  88.241  149.768
  79.906  147.672
  84.523  147.021
  94.611  142.642
  85.483  153.932
  81.445  156.280
  89.326  160.408
  78.937  160.157
  85.744  145.549
  87.834  151.613
  83.166  146.327
  97.078  147.532
  89.107  133.333
  84.655  157.503
  90.798  150.222
  88.215  150.245
  85.045  141.724
  89.851  141.053
  89.134  146.651
  91.718  156.329
  85.274  151.511
  91.158  163.447
  90.140  166.963
  72.785  157.110
  88.119  136.564
  77.189  153.248
  97.050  152.542
  89.874  144.391
  91.194  154.061
  79.331  144.672
  78.670  142.423
  92.063  146.665
  84.062  142.530
  90.281  141.617
  86.079  139.290
  89.713  143.457
  90.335  146.193
  96.659  150.672
  78.246  157.064
  76.577  160.335
  89.348  143.012
  78.413  149.476
  91.645  137.824
  86.959  153.503
  91.922  159.503
  81.630  159.038
  79.663  139.885
  83.472  152.883
  90.714  150.795
  81.623  146.163
  88.959  154.648
  73.285  157.637
  80.166  144.048
  78.382  144.945
  97.372  142.935
  89.903  140.943
  74.872  154.006
  89.786  150.326
 100.755  154.932
  89.003  156.543
  81.220  150.388
 102.953  147.489
  90.711  152.282
  79.799  147.185
  97.801  143.353
  91.489  135.213
  81.034  145.734
  92.794  147.272
  80.988  137.318
  87.181  154.884
  94.839  150.296
  77.707  138.068
  82.848  153.657
  92.071  156.169
  84.610  141.765
  83.637  159.671
  91.215  148.438
  84.515  157.888
  89.754  144.135
  85.644  157.759
  97.512  152.172
  94.205  147.200
  92.721  147.690
  82.789  141.382
  88.760  146.818
  88.882  147.385
  93.008  139.726
  88.909  140.392
  80.508  151.551
  84.371  150.370
  90.666  159.690
  81.669  139.530
  99.196  153.257
  97.585  154.956
  88.338  136.419
  84.191  148.467
  97.868  147.302
  86.357  155.313
  82.176  153.319
  76.239  149.832
  83.139  140.761
  91.197  146.202
  90.701  146.539
  80.136  149.091
  87.785  131.174
  88.568  152.429
  83.256  141.547
  90.011  147.375
  92.925  145.999
  90.280  146.337
  80.929  159.125
 106.158  146.282
  89.511  143.253
  89.958  148.246
  87.621  152.374
  90.720  149.172
  85.715  158.965
  90.908  145.413
  84.662  141.383
 101.424  152.546
  90.120  178.578
  73.413  156.520
  93.074  133.926
  89.927  156.080
  92.650  145.068
  82.983  141.300
  75.118  154.201
  93.164  154.788
  94.035  144.930
  88.107  146.997
  86.388  153.843
  84.745  141.545
  97.785  146.881
  89.873  137.229
  82.710  150.867
  83.779  150.512
  81.435  142.003
  92.371  147.332
  90.092  152.201
  96.073  151.323
  98.310  150.689
  83.060  137.647
  78.438  158.184
  82.472  146.960
  77.440  143.276
  95.956  155.766
  88.598  149.192
  89.951  151.977
  91.995  159.327
  97.842  156.054
  90.493  141.821
 105.837  140.078
  88.639  149.726
  81.795  152.095
  79.650  151.128
  84.574  161.160
  82.427  147.135
  92.219  139.119
  88.074  140.164
  89.301  153.397
  93.300  145.939
  94.684  155.599
  89.181  149.105
  88.522  156.460
  76.783  150.634
  80.700  140.120
  90.570  150.509
  83.705  143.071
  90.572  153.890
  79.912  156.643
  92.312  160.301
  82.674  148.530
  83.313  151.746
  82.861  158.966
  74.574  149.762
  86.295  163.990
  82.455  153.178
  88.473  152.953
  89.604  156.207
  96.973  148.362
  79.157  150.241
  77.543  156.906
  83.957  150.382
  95.410  128.331
  88.953  154.233
  85.714  145.541
  79.758  141.105
  85.238  137.626
  97.213  151.477
  85.498  151.766
  90.889  160.778
  84.970  163.147
  89.850  154.330
  95.317  154.486
 103.413  160.178
  80.153  140.922
  77.663  139.809
  84.735  145.806
  97.980  157.880
  71.416  169.445
  89.742  148.934
  92.972  151.366
  79.069  162.647
  91.640  150.800
  83.567  136.206
  85.861  153.930
 101.637  141.409
  93.706  149.247
  86.404  159.396
  89.065  144.409
  95.785  149.008
  92.719  143.141
  84.372  146.989
  80.909  136.714
  91.016  144.938
  68.538  151.803
  75.029  154.466
  96.544  146.662
  86.826  169.965
  88.137  160.224
  80.247  153.038
  95.503  150.552
  75.744  144.071
  84.166  136.020
  89.006  149.861
  88.900  137.730
  80.020  154.646
  91.584  154.233
  89.560  154.158
  98.575  145.066
  90.576  145.580
  83.121  150.846
  89.120  147.121
  94.071  165.031
  87.027  147.133
  84.983  145.980
  84.224  155.765
  87.688  145.276
  93.473  152.261
  91.599  153.000
  75.881  138.347
  83.430  137.766
  85.752  146.406
  90.417  150.581
  99.681  157.139
  82.034  144.868
  89.729  148.835
  85.492  149.837
  80.599  148.339
  85.390  147.101
  69.963  151.674
  89.548  142.014
  84.060  151.097
  77.561  140.513
  77.016  152.040
  78.545  144.551
  93.369  147.741
  83.996  151.298
  84.146  141.248
  85.500  151.082
  85.421  147.855
  80.144  140.783
 100.492  147.184
  76.871  154.743
  90.388  161.333
  92.923  145.988
  89.847  142.759
  91.469  143.661
  80.693  149.239
  87.275  155.203
  88.735  143.350
  87.383  142.972
  81.309  158.099
  92.459  141.510
  99.359  150.971
  92.555  142.582
  90.668  147.723
  95.423  150.932
  88.870  151.217
  85.849  146.573
  93.709  151.395
  83.515  149.031
  90.471  149.597
  86.178  147.805
  82.788  139.743
  82.856  154.463
  90.567  147.848
  93.512  143.785
  94.940  162.033
  88.288  146.268
  86.975  151.087
  79.523  151.023
  67.776  151.194
  84.525  146.677
  88.253  145.687
  87.989  138.254
  88.112  151.522
  99.922  148.558
  79.092  149.320
  89.949  147.837
  86.862  135.868
  78.795  150.749
  87.953  147.032
  82.920  137.671
  88.679  152.441
  77.644  136.230
  82.044  163.049
  87.451  156.652
  82.875  142.174
  89.585  144.037
  80.974  144.475
  87.182  151.959
  86.022  145.605
  80.668  151.926
  96.037  155.550
  95.908  142.805
  88.102  163.704
  83.282  150.780
  86.375  153.046
  83.298  149.817
  81.611  160.324
  82.214  157.402
  91.073  139.092
  87.804  159.634
  85.061  152.494
  89.906  140.386
  92.960  128.914
  97.573  154.812
  89.214  145.864
 102.231  142.222
  93.244  142.568
  79.655  145.744
  94.740  158.801
