   5.836  153.973
  55.148  144.008
  54.099  148.367
  56.674  154.730
  62.365  161.539
  60.353  162.328
  44.579  161.409
  57.928  141.010
  44.324  148.490
  42.085  149.706
  52.844  161.382
  55.211  161.034
  58.801  156.306
  57.198  143.106
  54.917  151.117
  46.477  155.823
  35.136  168.165
  37.428  151.626
  48.888  158.345
  53.641  143.304
  53.457  153.951
  70.376  142.879
  50.139  151.714
  63.886  146.626
  62.539  163.537
  54.210  151.220
  48.535  148.004
  48.474  164.967
  60.472  166.792
  62.242  142.575
  49.067  150.957
  52.474  156.672
  54.316  144.906
  58.996  142.190
  43.264  149.051
  59.028  165.765
  45.249  168.261
  65.558  154.852
  66.567  154.432
  57.688  147.745
  57.946  151.754
  57.205  156.169
  51.602  155.480
  50.239  160.950
  46.802  160.470
  57.310  156.071
  57.248  148.257
  42.156  150.982
  58.500  147.629
  49.101  159.032
  50.398  153.387
  58.719  150.136
  62.658  149.215
  59.362  148.207
  50.296  152.864
  47.573  162.110
  48.564  170.640
  63.889  160.528
  53.454  153.991
  41.426  157.978
  52.716  154.902
  56.937  157.723
  56.402  151.558
  58.068  157.616
  43.634  158.097
  44.130  163.110
  35.869  150.389
  49.081  146.253
  59.236  149.662
  46.045  141.435
  61.683  143.562
  53.995  155.762
  49.417  153.764
  53.297  148.595
  48.249  171.185
  50.343  132.739
  67.597  126.769
  61.356  155.121
  47.344  154.225
  71.420  157.625
  38.431  165.065
  55.281  160.837
  54.542  157.862
  66.611  147.201
  62.188  149.046
  59.521  160.670
  50.036  148.596
  51.077  134.513
  48.404  160.154
  40.875  152.847
  42.794  161.656
  56.411  151.502
  59.544  154.802
  51.641  146.248
  46.634  155.607
  57.573  155.086
  52.358  152.474
  54.361  141.562
  73.818  149.407
  57.227  154.915
  55.988  147.127
  51.792  150.333
  44.965  156.264
  55.774  150.291
  58.670  146.348
  53.161  150.047
  49.673  146.558
  72.120  151.835
  60.346  153.480
  50.783  170.777
  49.028  157.100
  74.698  164.923
  41.354  162.901
  58.823  151.474
  51.098  141.702
  60.540  143.120
  59.029  154.077
  50.946  153.059
  56.915  144.391
  59.870  151.305
  60.809  156.709
  58.133  149.314
  46.847  159.015
  69.670  148.885
  60.640  148.871
  49.304  152.097
  43.807  158.929
  54.850  157.853
  60.473  137.578
  46.892  151.304
  56.905  146.350
  50.209  160.041
  58.562  156.608
  61.732  156.164
  65.055  144.399
  55.705  156.943
  42.007  157.460
  41.555  142.871
  41.282  152.382
  49.575  145.510
  59.825  150.293
  53.316  154.575
  45.816  157.607
  41.952  155.035
  59.707  152.860
  47.463  152.736
  47.100  155.978
  54.142  159.480
  65.085  142.264
  34.049  150.616
  61.726  152.621
  56.414  158.092
  58.264  147.470
  37.247  146.156
  59.934  154.772
  42.345  143.724
  49.405  169.066
  66.477  158.637
  51.935  147.025
  56.644  165.512
  56.182  159.746
  51.162  147.748
  60.386  153.954
  49.107  139.713
  54.748  156.206
  43.155  149.495
  47.336  155.282
  53.020  147.227
  65.977  146.796
  37.403  160.459
  54.960  145.686
  56.785  151.284
  59.011  151.443
  73.283  146.318
  58.674  146.595
  58.834  150.401
  73.685  162.460
  54.860  151.775
  62.825  150.363
  47.245  164.959
  46.931  151.098
  67.447  149.436
  48.838  143.334
  54.867  140.485
  55.240  161.139
  58.657  142.238
  50.489  162.315
  55.956  150.724
  43.957  165.561
  58.693  149.086
  59.080  164.681
  54.700  157.017
  59.492  159.259
  57.578  160.951
  64.496  150.161
  50.545  154.971
  60.844  149.856
  61.123  151.007
  50.694  156.151
  49.523  148.673
  62.722  152.683
  44.654  155.474
  65.924  143.052
  61.253  156.237
  63.539  154.496
  60.979  152.226
  58.002  148.308
  54.010  138.710
  75.799  141.743
  65.291  147.321
  35.333  158.110
  37.193  150.131
  41.605  155.052
  62.006  161.628
  61.424  161.076
  53.383  166.141
  60.312  165.480
  36.282  152.069
  43.488  147.983
  54.112  155.442
  68.181  162.524
  51.122  155.033
  48.720  165.942
  44.352  159.481
  49.887  154.704
  61.236  163.380
  65.227  147.346
  53.253  158.289
  67.517  143.057
  47.685  154.901
  48.210  154.113
  50.485  150.579
  49.433  160.736
  35.156  152.203
  49.938  157.936
  58.113  144.867
  62.824  141.867
  56.661  138.615
  48.434  156.486
  49.771  154.545
  59.943  142.759
  51.106  154.837
  62.270  148.811
  57.156  156.810
  58.915  164.197
  59.738  146.515
  53.468  158.179
  53.899  148.332
  51.282  150.537
  52.945  155.124
  66.164  147.527
  50.900  149.726
  46.211  144.878
  56.964  168.373
  60.081  149.547
  54.467  149.556
  64.204  141.050
  59.524  139.346
  63.473  151.539
  57.856  155.271
  50.896  148.374
  44.767  151.249
  53.579  137.328
  55.039  153.889
  50.448  160.225
  56.448  165.525
  53.777  158.965
  64.986  148.456
  60.609  156.883
  43.016  142.521
  45.135  148.828
  63.566  160.488
  70.673  153.176
  55.253  147.797
  64.783  155.762
  58.772  164.783
  56.489  159.560
  60.226  150.013
  54.635  145.285
  62.239  155.835
  49.101  149.611
  54.927  153.091
  54.382  153.618
  57.944  170.571
  46.685  150.950
  53.754  151.125
  41.334  155.650
  59.293  157.421
  45.889  157.742
  54.803  155.948
  61.602  147.399
  28.593  146.401
  73.840  156.892
  47.801  158.537
  46.647  160.144
  51.137  148.488
  60.343  147.593
  65.692  155.916
  51.913  162.648
  64.312  156.862
  56.512  147.844
  58.321  163.937
  62.438  161.446
  62.938  158.520
  61.801  155.712
  53.709  149.925
  45.061  151.550
  71.347  144.277
  46.488  152.577
  46.378  151.742
  46.482  146.669
  42.360  146.997
  51.902  151.589
  65.120  136.184
  48.521  151.048
  72.438  155.896
  66.524  159.318
  59.120  168.970
  63.480  136.815
  59.366  143.620
  55.332  149.167
  50.462  169.810
  47.043  160.490
  39.708  153.389
  45.609  163.704
  48.591  157.572
  56.777  153.749
  39.237  152.585
  54.523  150.068
  55.303  132.492
  60.996  157.355
  54.193  146.733
  39.906  157.093
  48.660  150.877
  47.167  147.323
  53.831  162.503
  57.005  138.467
  55.988  151.596
  42.745  156.746
  50.553  155.171
  41.966  157.526
  54.636  161.652
  48.440  155.752
  61.287  150.651
  67.450  156.313
  37.863  140.786
  64.602  136.705
  52.116  158.592
  65.784  137.916
  53.751  164.251
  48.101  168.134
  64.147  147.052
  47.188  150.642
  42.182  143.430
  51.740  149.090
  56.324  151.586
  55.099  148.468
  51.032  147.666
  50.535  151.583
  57.457  149.879
  68.698  161.700
  46.067  154.443
  56.692  140.771
  62.102  155.995
  30.650  144.736
  70.939  147.300
  51.597  154.849
  55.277  164.895
  50.145  156.029
  57.899  148.324
  49.556  135.714
  57.676  148.892
  56.867  150.586
  60.231  147.423
  62.713  164.510
  53.988  144.457
  42.197  148.955
  50.682  151.268
  47.464  154.032
  52.361  153.803
  63.712  156.896
  46.188  143.389
  58.205  156.511
  57.299  142.447
  31.371  162.048
  55.147  153.712
  56.184  154.329
  61.680  159.242
  55.564  145.461
  47.800  159.388
  58.772  163.479
  57.345  156.185
  43.482  159.678
  38.474  162.248
  58.810  142.009
  56.039  145.703
  53.768  156.594
  56.362  157.822
  53.221  150.094
  41.839  160.486
  58.867  153.847
  62.624  148.015
  49.902  153.873
  64.120  152.631
  64.281  162.154
  55.835  152.200
  56.466  164.592
  62.416  143.170
  56.827  160.718
  52.418  152.179
  57.459  146.452
  60.171  175.910
  44.408  154.585
  47.436  162.633
  59.668  159.554
  50.669  162.430
  56.514  148.748
  61.171  153.859
  62.943  151.129
  55.661  141.400
  69.463  149.616
  57.315  150.726
  69.479  166.658
  57.964  151.353
  51.186  155.953
  57.487  143.473
  65.331  146.201
  67.000  148.806
  48.938  153.492
  49.258  154.000
  60.106  159.327
  40.934  167.020
  53.118  163.256
  52.347  140.294
  58.056  154.108
  59.882  155.845
  45.136  145.183
  52.110  163.361
  61.745  142.645
  56.603  153.109
  58.143  166.565
  54.120  147.875
  51.992  145.841
  63.784  148.133
  49.067  155.882
  43.227  162.574
  58.171  131.297
  41.502  162.956
  39.082  134.203
  42.410  160.015
  53.364  154.105
  51.215  165.774
  50.631  151.853
  53.218  145.662
  60.785  148.815
  58.759  158.395
  49.143  154.557
  42.317  154.873
  56.978  161.118
  60.499  143.215
  41.821  153.301
  51.180  158.492
  41.677  154.522
  58.981  150.637
  63.194  148.545
  52.193  153.003
  48.450  151.308
  57.487  149.936
  57.748  152.311
  51.535  161.250
  49.142  158.465
  57.995  162.831
  58.215  149.906
  59.170  140.581
  55.926  161.614
  45.261  152.664
  55.381  165.983
  40.174  157.406
  51.802  168.067
  61.156  158.221
  61.367  145.869
  57.203  151.222
  45.656  171.620
  66.115  141.700
  48.777  160.481
  56.203  154.779
  50.217  158.957
  59.358  152.770
  62.844  147.122
  41.153  167.911
  60.433  154.508
  73.638  139.183
  47.863  173.162
  33.613  159.745
  45.147  152.305
  64.990  141.057
  63.198  149.879
  56.734  158.725
  58.466  149.467
  53.263  162.922
  59.376  158.089
  61.137  154.792
  72.745  150.252
  40.846  168.163
  50.663  150.341
  58.900  164.398
  53.065  147.890
  38.069  167.815
  67.054  147.177
  49.207  154.209
  56.847  152.712
  46.824  142.670
  44.331  154.541
  47.273  154.584
  42.779  143.520
  49.359  161.369
  76.152  158.615
  64.595  163.820
  57.557  157.249
  55.760  162.383
  61.830  150.887
  44.647  142.989
  52.233  158.003
  51.546  145.627
  42.888  160.443
  71.695  142.738
  60.886  160.379
  59.228  150.002
  47.762  148.958
  55.200  154.343
  61.859  142.348
  41.841  150.293
  57.484  168.191
  59.798  158.754
  51.474  144.463
  51.279  161.826
  58.555  153.231
  60.984  151.365
  51.339  142.293
  49.443  168.039
  59.763  145.250
  57.127  149.759
  64.600  155.918
  47.422  157.403
  49.243  142.699
  45.287  152.753
  51.289  148.673
  55.323  142.567
  54.794  146.994
  52.127  147.925
  36.256  154.112
  58.225  155.632
  51.041  156.191
  52.304  163.585
  56.749  151.692
  43.996  153.599
  44.611  151.746
  63.327  159.995
  57.120  151.619
  42.032  164.090
  60.042  145.134
  55.519  154.811
  59.384  155.665
  49.378  152.916
  56.247  166.753
  61.433  146.234
  35.620  139.189
  52.350  158.773
  61.542  135.709
  52.099  152.412
  67.504  153.935
  53.998  133.716
  50.463  144.386
  50.714  155.008
  52.618  153.435
  43.398  163.741
  49.156  148.640
  37.761  143.656
  46.826  148.251
  54.102  150.134
  57.833  160.127
  31.381  141.394
  52.963  143.488
  60.634  159.980
  55.570  145.971
  49.126  150.742
  56.149  154.915
  53.998  156.832
  56.997  150.868
  58.363  152.393
  58.077  157.790
  46.474  150.626
  52.810  146.298
  58.011  149.498
  71.499  149.291
  57.403  161.141
  45.305  160.476
  52.603  151.579
  41.804  140.085
  58.348  146.631
  40.821  148.641
  41.474  160.068
  74.310  154.069
  57.178  150.914
  56.410  147.154
  60.222  164.717
  63.865  150.064
  56.376  139.007
  51.025  136.600
  58.181  148.728
  51.279  151.158
  46.732  150.485
  55.306  149.841
  39.164  141.791
  58.314  147.267
  57.932  162.794
  53.204  158.961
  51.217  150.434
  54.278  154.435
  69.578  161.876
  64.162  146.085
  53.434  163.526
  51.181  143.698
  63.913  154.853
  59.263  165.240
  59.274  157.877
  55.365  142.054
  49.156  155.898
  48.172  155.114
  51.077  175.589
  50.010  151.936
  46.056  149.861
  49.571  149.236
  43.683  159.817
  43.970  167.028
  42.768  160.156
  50.489  146.488
  53.842  155.968
  52.105  157.652
  57.729  165.853
  67.566  145.002
  64.162  160.803
  45.459  151.105
  65.406  144.475
  41.220  161.438
  42.817  171.894
  66.783  161.231
  58.559  157.507
  45.021  150.694
  49.277  155.471
  44.927  161.175
  45.776  145.213
  44.677  140.204
  46.652  153.666
  51.977  150.340
  68.193  155.261
  45.233  164.153
  56.847  147.046
  50.768  158.163
  39.977  163.143
  60.347  151.424
  43.092  153.802
  53.100  152.975
  57.496  158.164
  61.408  145.029
  62.299  152.490
  52.491  157.182
  66.819  146.672
  65.149  152.522
  54.271  163.847
  47.402  144.339
  49.447  153.835
  56.498  152.036
  56.960  149.380
  58.389  148.529
  50.045  147.472
  54.652  155.401
  45.627  144.262
  59.611  145.550
  64.620  154.763
  60.852  153.433
  71.976  139.581
  57.140  145.327
  54.491  155.444
  47.213  156.215
  51.850  156.976
  55.544  160.872
  48.854  153.249
  63.081  146.044
  60.314  147.127
  53.880  153.976
  52.287  141.792
  53.399  152.711
  50.296  158.717
  51.124  162.324
  63.219  157.606
  55.355  134.908
  31.490  131.408
  38.711  156.188
  58.964  143.369
  43.574  152.740
  52.137  153.688
  52.519  150.729
  53.725  140.025
  48.629  145.008
  41.971  147.521
  58.149  141.420
  48.130  154.168
  70.556  148.591
  56.189  156.542
  65.083  150.960
  49.096  159.976
  44.798  160.138
  54.586  162.911
  64.588  155.991
  47.900  157.961
  41.847  144.171
  66.019  134.639
  51.895  155.319
  69.659  141.338
  43.516  149.514
  49.971  146.425
  50.950  145.184
  51.833  162.275
  65.016  154.123
  39.640  157.127
  51.905  144.210
  52.267  155.463
  47.721  150.868
  41.802  141.406
  47.211  157.232
  63.672  148.704
  67.072  146.607
  62.500  156.624
  60.372  156.852
  56.454  150.664
  56.649  149.807
  50.808  148.948
  43.155  156.983
  61.533  141.410
  43.753  145.065
  59.135  153.724
  48.840  158.686
  54.751  159.843
  58.089  143.913
  37.562  157.093
  46.936  142.277
  48.906  152.616
  56.183  151.507
  50.990  157.659
  65.811  148.488
  48.127  154.156
  52.231  164.014
  51.926  153.125
  51.398  143.477
  53.600  139.504
  62.884  153.934
  47.303  146.758
  49.682  155.318
  65.089  150.285
  55.992  154.646
  47.174  145.212
  49.829  159.762
  55.398  143.075
  52.694  152.225
  58.777  145.091
  44.495  142.374
  48.465  156.481
  59.108  143.024
  43.964  146.348
  56.413  152.918
  46.524  151.800
  62.911  155.236
  54.206  147.606
  51.224  157.137
  37.296  146.808
  61.691  159.282
  46.255  148.071
  53.607  144.823
  53.361  157.147
  54.834  149.766
  67.698  166.816
  57.100  158.782
  57.630  144.935
  51.874  159.233
  46.852  145.543
  50.043  157.208
  45.740  148.512
  46.060  152.638
  53.588  160.956
  50.990  145.998
  47.133  166.743
  49.629  159.461
  43.099  156.648
  43.321  146.565
  48.054  146.963
  39.855  164.398
  39.171  159.600
  61.020  136.509
  57.907  161.103
  70.743  160.107
  66.321  152.026
  35.567  157.109
  54.138  156.646
  66.479  162.250
  52.516  146.542
  54.312  155.827
  59.745  141.110
  53.988  156.231
  60.273  150.981
  51.276  160.312
  43.534  142.876
  65.678  144.050
  52.152  151.853
  64.528  159.989
  56.645  155.262
  44.708  157.500
  58.269  147.626
  50.778  154.088
  49.218  157.739
  52.961  138.778
  54.937  145.828
  58.168  150.398
  46.361  150.660
  56.887  151.518
  44.589  159.390
  54.044  142.222
  39.962  143.569
  57.257  159.078
  55.865  153.090
  57.905  140.505
  52.487  143.810
  52.285  151.995
  56.953  145.488
  56.493  151.811
  56.207  154.972
  42.244  153.569
  58.551  146.849
  62.513  145.068
  43.573  158.071
  56.619  145.288
  57.314  156.370
  69.128  154.706
  71.403  155.513
  49.930  157.822
  55.445  157.478
  67.683  170.316
  45.680  158.237
  65.346  152.126
  35.507  161.204
  42.811  159.706
  48.579  147.740
  58.342  152.641
  52.168  148.858
  51.003  166.198
  54.543  159.783
  54.215  146.225
  62.972  145.729
  65.174  137.297
  54.545  150.470
  39.349  156.500
  46.588  170.159
  43.223  155.834
  49.074  148.781
  44.945  139.344
  48.962  145.953
  54.697  158.840
  51.712  158.515
  54.532  140.199
  51.143  156.021
  51.833  153.725
  55.672  142.837
  46.563  163.661
  48.720  150.129
  59.125  153.771
  46.740  139.636
  56.650  157.094
  31.882  156.933
  66.057  160.528
  61.793  144.610
  51.197  150.495
  43.456  152.584
  51.815  154.942
  56.762  153.554
  60.095  150.330
  57.214  157.358
  51.269  148.160
  64.173  157.891
  40.483  147.407
  50.285  154.856
  53.027  150.734
  64.037  152.034
  57.492  150.980
  58.243  147.797
  57.123  154.662
  58.701  143.123
  51.323  142.802
  48.824  149.076
  37.433  143.950
  43.492  154.422
  51.445  162.035
  67.010  142.433
  48.275  145.962
  42.044  150.374
  46.937  147.836
  52.017  140.240
  56.688  154.909
  44.368  153.582
  57.902  151.181
  54.241  160.981
  45.572  159.255
  57.173  140.198
  67.040  165.386
  64.963  166.115
  53.263  159.047
  54.828  163.601
  44.373  146.625
  51.524  152.740
  54.122  159.162
  43.977  147.320
  62.257  152.594
  49.209  157.435
  48.828  152.169
  53.457  169.870
  65.855  150.273
  46.608  160.899
  45.090  153.510
  62.513  145.896
  48.478  162.241
  54.199  146.672
  42.897  149.472
  42.039  159.589
  44.365  158.076
  48.033  144.887
  57.372  156.609
  50.946  152.521
  53.942  157.071
  50.902  151.219
  62.643  154.649
  53.328  144.273
  48.601  157.189
  51.635  143.104
  59.944  155.985
  48.774  168.608
  65.142  160.254
  53.640  157.103
  53.813  148.062
  56.256  146.275
  38.855  156.859
  65.969  152.758
  53.495  157.713
  45.024  156.839
  61.680  150.575
  46.768  154.485
  62.360  158.917
  51.017  163.626
  51.636  142.817
  58.099  166.195
  59.958  159.336
  61.247  154.699
  43.548  160.257
  56.149  146.770
  45.716  145.990
  53.742  151.501
  50.610  159.373
  51.540  147.106
  47.865  159.797
  56.042  142.533
  49.034  149.603
  64.315  150.509
  52.511  156.444
  58.309  155.903
  62.462  142.435
  53.233  149.000
  42.366  158.037
  44.977  152.323
  64.196  152.574
  54.574  143.520
  55.345  148.563
  48.045  160.878
  53.612  154.704
  60.517  135.966
  60.597  145.705
  60.462  161.153
  54.032  153.507
  31.901  136.692
  51.360  144.855
  53.904  140.210
  53.472  156.847
  56.953  169.244
  37.635  135.060
  54.891  162.335
  56.608  165.535
  46.621  165.808
  52.409  142.534
  52.805  149.757
  52.090  150.260
  58.167  142.500
  55.438  164.703
  57.503  168.266
