 -41.570  143.132
 -36.947  141.597
 -59.478  156.196
 -46.117  147.414
 -44.930  162.876
 -54.025  148.680
 -46.347  159.504
 -29.837  135.291
 -48.221  145.226
 -48.340  161.808
 -38.278  150.070
 -42.635  142.837
 -32.065  135.144
 -42.574  143.684
 -53.103  142.554
 -44.805  148.895
 -51.737  142.237
 -40.093  148.634
 -67.914  157.774
 -55.482  143.030
 -55.783  153.460
 -49.874  144.718
 -43.341  150.054
 -54.260  152.744
 -66.562  145.029
 -55.174  164.258
 -39.582  138.899
 -41.889  128.727
 -54.732  154.042
 -31.859  134.738
 -41.314  138.178
 -35.976  140.791
 -51.066  144.554
 -50.885  142.110
 -36.596  148.743
 -50.582  144.518
 -53.107  144.200
 -47.496  147.695
 -40.241  136.010
 -51.310  146.303
 -49.613  145.097
 -57.480  140.161
 -37.401  152.854
 -48.994  146.404
 -57.472  155.867
 -49.573  142.998
 -57.577  154.611
 -58.835  135.610
 -43.452  132.356
 -44.821  146.674
 -46.218  147.644
 -54.801  152.488
 -47.916  155.983
 -35.903  150.847
 -34.528  142.800
 -48.813  143.427
 -34.554  152.218
 -54.031  159.299
 -42.037  152.044
 -47.645  151.085
 -54.701  144.419
 -62.559  139.538
 -57.961  142.477
 -49.229  140.350
 -60.176  149.663
 -51.728  147.643
 -46.274  134.790
 -50.016  157.900
 -59.315  151.692
 -47.973  143.867
 -45.136  149.444
 -44.557  143.198
 -46.306  140.058
 -38.789  144.111
 -47.780  141.832
 -48.523  146.683
 -52.375  147.763
 -34.867  154.555
 -48.565  147.470
 -32.597  147.013
 -52.672  152.805
 -38.737  138.489
 -46.945  147.631
 -51.170  149.128
 -64.495  141.752
 -52.995  149.994
 -50.624  151.782
 -50.902  143.483
 -40.630  135.300
 -33.388  147.003
 -48.988  142.940
 -44.709  133.724
 -51.290  141.400
 -39.756  155.101
 -37.501  143.768
 -38.689  137.984
 -53.573  153.145
 -56.057  159.564
 -50.857  136.427
 -43.115  152.010
 -58.003  156.399
 -40.469  149.376
 -44.134  146.946
 -49.389  149.799
 -50.039  141.277
 -50.052  154.460
 -39.549  144.505
 -30.472  137.905
 -55.586  150.638
 -54.247  138.442
 -45.945  152.983
 -41.295  142.571
 -56.028  156.387
 -43.573  163.456
 -44.366  149.500
 -40.669  152.552
 -51.742  147.963
 -45.837  135.502
 -45.459  135.429
 -49.396  161.115
 -57.714  149.698
 -55.862  151.500
 -65.908  150.360
 -40.193  141.991
 -51.365  153.277
 -52.396  140.982
 -41.333  157.902
 -48.107  146.855
 -51.753  154.362
 -55.596  140.249
 -39.168  153.063
 -30.822  135.009
 -58.653  157.135
 -36.575  143.916
 -41.313  150.250
 -39.937  141.081
 -46.839  157.304
 -39.305  155.192
 -53.459  146.160
 -49.839  147.853
 -47.655  143.153
 -26.141  143.226
 -60.502  158.204
 -50.587  146.135
 -45.952  141.763
 -49.975  146.516
 -52.017  147.797
 -40.674  152.610
 -39.294  141.937
 -40.288  143.561
 -35.207  146.287
 -59.470  144.857
 -36.270  140.010
 -58.732  155.302
 -33.616  144.362
 -46.209  133.693
 -44.184  145.105
 -46.035  146.320
 -37.171  133.034
 -46.143  150.913
 -50.643  149.700
 -33.243  145.886
 -46.775  139.996
 -42.224  152.279
 -57.803  144.479
 -41.478  162.061
 -47.409  136.807
 -46.699  154.887
 -60.421  154.681
 -40.760  142.190
 -54.400  152.014
 -45.957  152.222
 -39.464  141.409
 -60.171  153.655
 -38.744  157.005
 -60.333  136.015
 -49.876  142.050
 -33.557  143.052
 -47.666  146.596
 -45.246  149.553
 -43.164  154.000
 -41.811  144.024
 -46.321  155.579
 -36.801  134.072
 -45.337  145.125
 -45.553  155.348
 -47.712  151.503
 -54.261  152.590
 -36.293  153.429
 -48.332  147.932
 -45.622  141.437
 -47.597  146.365
 -51.976  130.915
 -51.196  145.093
 -41.085  136.870
 -27.742  152.833
 -51.961  148.186
 -43.287  156.172
 -45.416  152.066
 -44.917  145.014
 -47.563  151.448
 -30.475  155.391
 -47.735  146.955
 -55.311  149.399
 -55.828  142.536
 -45.656  144.174
 -49.978  137.977
 -43.438  146.893
 -47.277  150.799
 -51.906  141.163
 -57.074  142.734
 -54.733  145.027
 -36.832  152.820
 -40.891  146.404
 -35.773  149.591
 -45.096  144.407
 -47.996  128.921
 -53.908  146.953
 -49.933  144.248
 -50.113  143.186
 -42.530  145.505
 -41.106  138.144
 -40.126  148.677
 -62.086  156.377
 -37.236  145.732
 -50.582  143.802
 -49.251  141.253
 -49.619  138.782
 -43.290  146.924
 -46.331  156.843
 -50.477  156.802
 -49.700  155.032
 -39.051  136.849
 -41.003  141.659
 -43.503  142.238
 -35.621  148.430
 -41.342  143.929
 -40.920  143.413
 -43.467  143.860
 -42.691  146.414
 -46.764  163.587
 -46.591  154.084
 -43.091  144.257
 -45.803  140.184
 -48.919  146.309
 -40.307  145.886
 -41.811  151.070
 -46.239  141.235
 -50.291  149.161
 -46.048  139.789
 -58.007  153.604
 -51.962  152.459
 -34.168  134.003
 -55.664  148.335
 -39.020  150.321
 -32.718  149.115
 -50.343  149.514
 -41.210  149.906
 -39.711  140.701
 -35.263  152.065
 -45.925  147.907
 -44.443  143.366
 -64.691  137.214
 -54.806  145.097
 -51.582  148.667
 -35.757  143.659
 -54.964  164.834
 -46.006  147.949
 -48.000  152.170
 -47.077  145.796
 -53.355  145.287
 -47.992  139.348
 -44.011  137.943
 -49.099  148.049
 -41.774  138.354
 -56.736  143.011
 -41.298  155.321
 -41.198  146.794
 -41.379  153.868
 -49.704  151.218
 -52.589  142.433
 -46.633  127.454
 -53.226  144.323
 -54.158  146.500
 -42.205  141.144
 -43.814  155.567
 -39.376  146.447
 -49.261  156.339
 -43.952  137.100
 -61.221  148.238
 -54.327  147.333
 -42.517  139.660
 -43.908  153.782
 -42.231  147.030
 -49.541  152.273
 -45.592  141.702
 -50.564  132.869
 -61.543  149.179
 -46.825  150.162
 -50.304  154.335
 -42.821  149.136
 -42.669  155.646
 -52.594  141.611
 -56.523  152.558
 -51.836  153.420
 -39.896  157.184
 -51.593  152.488
 -46.616  152.669
 -57.880  143.404
 -48.406  148.901
 -53.079  155.503
 -46.281  138.262
 -60.255  141.017
 -45.911  145.458
 -39.704  152.491
 -53.123  145.412
 -32.966  144.178
 -45.875  137.542
 -36.117  149.729
 -45.509  140.043
 -41.726  146.965
 -54.186  148.229
 -50.406  144.539
 -37.352  151.674
 -50.632  142.361
 -44.845  148.517
 -60.937  150.990
 -50.289  142.489
 -43.520  135.638
 -44.497  140.759
 -34.919  136.591
 -48.965  141.658
 -45.575  148.759
 -35.496  140.665
 -50.597  153.644
 -36.217  143.866
 -44.384  149.666
 -40.986  138.195
 -46.176  148.868
 -47.415  143.708
 -44.315  158.489
 -44.471  145.966
 -45.419  150.507
 -55.389  145.210
 -41.196  151.284
 -57.792  149.490
 -45.320  138.737
 -56.423  165.824
 -44.298  151.306
 -54.575  151.370
 -45.793  145.503
 -52.039  148.031
 -50.272  150.423
 -50.728  147.410
 -41.859  146.051
 -43.425  138.035
 -48.304  152.660
 -61.745  156.040
 -32.797  150.875
 -51.844  156.029
 -44.880  135.650
 -45.149  149.195
 -44.219  144.591
 -51.850  155.231
 -55.007  140.408
 -47.932  141.399
 -38.969  152.550
 -35.201  145.962
 -46.970  152.445
 -42.054  146.819
 -39.353  152.830
 -40.165  141.610
 -42.645  135.702
 -52.287  143.370
 -43.048  138.207
 -42.183  128.219
 -48.483  143.847
 -46.097  139.759
 -49.746  137.877
 -40.636  145.542
 -38.184  149.818
 -53.078  139.860
 -52.232  141.808
 -46.335  153.363
 -50.724  144.005
 -46.796  154.590
 -32.262  145.816
 -62.032  156.069
 -51.889  149.923
 -37.758  145.284
 -34.778  154.812
 -46.553  148.994
 -54.495  149.014
 -43.645  151.111
 -49.752  141.609
 -42.591  147.029
 -50.400  142.422
 -50.429  137.847
 -43.771  142.352
 -41.816  131.225
 -59.365  146.724
 -56.524  153.804
 -45.104  136.123
 -53.784  149.764
 -45.594  152.262
 -59.905  142.114
 -39.097  145.976
 -60.504  144.953
 -59.028  142.979
 -42.480  144.828
 -35.804  139.654
 -43.127  148.247
 -47.023  151.725
 -52.937  151.528
 -59.452  156.834
 -52.680  147.652
 -59.595  146.113
 -36.999  141.381
 -55.273  134.671
 -58.537  134.381
 -45.745  145.601
 -52.686  153.047
 -36.973  163.878
 -39.041  154.530
 -37.284  151.120
 -38.912  143.262
 -42.430  145.223
 -45.577  156.327
 -46.973  150.401
 -34.817  152.724
 -55.401  151.234
 -49.342  149.374
 -49.684  145.821
 -41.894  142.659
 -50.164  146.182
 -47.928  146.973
 -58.787  154.648
 -55.753  149.375
 -60.018  148.665
 -44.108  143.067
 -49.328  142.265
 -52.187  148.295
 -56.260  150.955
 -46.950  144.745
 -46.663  157.094
 -58.212  149.958
 -43.717  159.221
 -52.544  136.787
 -29.650  142.451
 -57.598  155.208
 -39.369  131.557
 -39.038  146.533
 -49.470  157.816
 -57.658  156.853
 -50.618  147.155
 -48.868  147.767
 -50.190  157.968
 -52.838  142.480
 -39.523  138.452
 -39.174  155.977
 -45.732  145.820
 -61.604  157.341
 -44.852  142.843
 -45.276  155.686
 -40.140  144.568
 -50.332  145.586
 -43.414  151.885
 -51.230  151.201
 -48.041  152.105
 -51.353  156.113
 -38.668  145.805
 -55.458  145.699
 -53.840  136.504
 -45.634  148.717
 -46.294  148.545
 -46.248  138.074
 -57.022  151.854
 -40.809  155.647
 -62.003  157.035
 -47.618  150.000
 -46.545  134.679
 -51.963  149.625
 -54.431  148.319
 -55.675  150.237
 -54.731  162.413
 -49.578  137.574
 -39.122  149.017
 -51.218  142.128
 -57.496  144.378
 -35.558  148.787
 -50.083  150.228
 -53.912  142.568
 -43.941  153.305
 -42.954  153.623
 -57.394  143.599
 -49.604  157.481
 -37.739  152.348
 -35.845  151.019
 -51.465  157.540
 -41.201  152.098
 -52.222  137.784
 -61.082  149.710
 -53.598  142.252
 -47.379  141.737
 -45.264  159.703
 -54.070  141.646
 -56.419  153.333
 -46.498  159.228
 -44.796  145.389
 -35.120  146.352
 -43.400  155.054
 -44.330  142.747
 -50.628  155.629
 -39.038  139.058
 -40.315  141.663
 -49.520  152.059
 -47.170  157.023
 -51.974  152.018
 -47.841  144.016
 -49.444  154.058
 -42.419  143.529
 -45.982  135.628
 -47.612  149.745
 -46.259  150.976
 -23.837  145.354
 -62.889  146.086
 -41.907  146.100
 -44.946  134.871
 -45.784  156.460
 -44.707  140.235
 -47.201  148.820
 -53.809  159.075
 -47.316  154.064
 -41.059  138.695
 -40.243  143.271
 -50.511  154.408
 -43.635  157.488
 -41.236  148.965
 -54.798  136.691
 -42.537  134.232
 -47.596  148.256
 -54.778  142.516
 -39.806  141.125
 -50.162  150.061
 -46.493  145.123
 -43.503  136.127
 -50.740  141.665
 -47.918  140.862
 -40.350  153.700
 -50.861  148.652
 -42.058  158.586
 -64.503  153.179
 -49.880  136.844
 -53.298  149.240
 -50.579  152.628
 -45.814  149.824
 -40.656  153.166
 -45.803  149.084
 -51.648  149.509
 -51.289  148.835
 -32.575  148.788
 -42.458  158.964
 -45.095  158.804
 -50.988  140.630
 -42.273  150.997
 -43.778  140.247
 -47.679  143.467
 -51.658  150.765
 -50.917  152.312
 -49.507  162.386
 -55.429  146.228
 -57.274  147.527
 -55.958  155.129
 -55.788  146.657
 -46.424  148.822
 -37.837  146.070
 -35.399  135.798
 -50.024  153.370
 -46.738  141.860
 -57.000  157.292
 -52.107  151.173
 -45.012  152.060
 -51.057  134.854
 -49.177  151.139
 -35.903  151.728
 -54.662  147.070
 -37.700  151.209
 -44.256  146.774
 -40.374  148.091
 -47.907  148.368
 -43.742  136.431
 -48.661  139.555
 -35.425  150.872
 -42.501  148.466
 -45.950  145.381
 -43.211  155.319
 -48.586  141.329
 -56.995  132.754
 -48.085  152.605
 -50.947  146.986
 -58.732  152.901
 -51.098  146.920
 -39.690  151.315
 -50.188  134.321
 -52.740  136.392
 -52.744  150.538
 -54.310  144.080
 -47.544  158.323
 -43.294  144.735
 -32.669  155.813
 -45.209  149.069
 -40.394  156.313
 -33.077  138.050
 -42.868  132.604
 -60.344  149.247
 -35.579  136.121
 -60.646  154.007
 -46.300  160.084
 -56.415  140.737
 -40.402  154.573
 -31.942  142.530
 -46.314  138.970
 -55.983  147.816
 -40.443  155.013
 -46.140  145.833
 -32.215  142.590
 -49.995  149.087
 -49.944  147.810
 -46.339  142.154
 -48.729  139.516
 -54.449  155.275
 -52.115  148.323
 -44.826  145.129
 -46.685  150.971
 -40.666  148.777
 -31.198  139.887
 -54.062  154.638
 -58.234  151.088
 -52.663  149.317
 -45.071  134.223
 -53.258  156.146
 -40.812  153.765
 -54.783  150.467
 -42.437  145.625
 -37.432  148.121
 -57.379  157.359
 -62.662  133.598
 -53.973  146.193
 -37.865  152.074
 -40.855  153.095
 -44.988  143.292
 -59.094  155.119
 -46.915  149.394
 -30.447  142.792
 -44.537  139.973
 -48.447  148.073
 -48.885  158.808
 -54.691  141.458
 -40.775  150.999
 -46.502  144.430
 -34.545  146.240
 -40.543  148.501
 -42.425  139.073
 -40.316  136.117
 -50.833  155.323
 -45.778  155.243
 -47.939  158.987
 -40.511  140.981
 -32.421  141.786
 -52.464  156.497
 -57.504  143.765
 -48.479  132.938
 -56.688  158.679
 -41.566  143.036
 -46.380  139.353
 -47.655  143.768
 -35.832  152.664
 -42.511  137.959
 -38.796  144.466
 -44.672  145.423
 -44.273  140.680
 -43.347  141.918
 -50.471  152.996
 -54.356  135.436
 -54.963  154.425
 -35.226  150.365
 -49.713  154.958
 -38.639  149.568
 -58.756  159.591
 -38.120  141.280
 -51.704  139.733
 -53.512  143.795
 -40.749  150.459
 -43.479  144.024
 -48.999  138.247
 -46.091  148.364
 -54.333  158.294
 -48.517  133.814
 -54.255  146.210
 -40.802  143.624
 -38.172  139.977
 -44.431  132.829
 -48.097  143.821
 -52.692  139.216
 -40.086  148.086
 -36.418  138.996
 -37.562  142.233
 -62.232  154.118
 -45.788  144.033
 -47.199  155.886
 -45.422  147.978
 -53.636  153.760
 -28.970  139.488
 -52.688  154.492
 -39.854  157.942
 -45.147  146.658
 -50.132  140.613
 -47.120  149.919
 -46.447  150.142
 -59.414  142.913
 -34.621  148.542
 -38.347  140.727
 -45.898  145.824
 -49.182  143.215
 -52.076  148.011
 -46.109  150.394
 -44.068  145.099
 -55.840  146.293
 -30.867  147.107
 -47.826  141.681
 -39.815  138.907
 -53.498  157.550
 -45.256  135.203
 -48.335  161.372
 -32.156  151.809
 -55.454  144.965
 -51.815  135.987
 -63.565  145.582
 -41.671  148.721
 -50.036  146.520
 -44.461  149.313
 -41.574  149.817
 -49.500  152.075
 -51.659  149.651
 -51.331  152.088
 -51.261  143.012
 -48.488  156.233
 -55.384  141.115
 -52.672  153.098
 -56.133  132.799
 -40.569  148.852
 -34.886  129.594
 -42.230  136.653
 -46.136  154.683
 -52.751  152.407
 -57.123  145.815
 -50.404  146.224
 -50.913  143.672
 -57.407  142.510
 -56.305  151.407
 -46.081  142.365
 -38.402  146.846
 -43.642  157.931
 -50.525  150.746
 -33.645  154.461
 -57.237  161.300
 -53.251  158.042
 -53.071  149.581
 -40.459  154.762
 -43.462  137.101
 -45.245  149.994
 -47.538  147.265
 -40.841  149.440
 -58.211  157.331
 -57.277  135.205
 -42.801  145.682
 -50.208  141.361
 -33.655  141.379
 -62.011  156.560
 -48.550  145.801
 -47.731  141.101
 -45.090  151.343
 -47.948  152.754
 -47.499  144.218
 -52.298  146.369
 -46.144  144.025
 -54.648  149.375
 -38.196  140.425
 -52.589  148.491
 -47.455  141.837
 -33.673  149.982
 -50.013  153.192
 -34.387  148.000
 -49.468  163.657
 -40.996  152.082
 -55.539  146.520
 -46.764  152.057
 -55.324  158.000
 -60.522  147.241
 -36.865  149.116
 -44.084  141.278
 -48.931  143.725
 -45.588  134.534
 -38.821  151.595
 -52.295  138.109
 -43.321  144.831
 -52.220  147.433
 -48.042  157.833
 -48.247  157.662
 -35.987  153.235
 -37.834  152.582
 -40.419  140.112
 -63.041  156.439
 -43.835  152.207
 -45.333  146.783
 -49.782  154.358
 -43.795  159.412
 -35.018  145.096
 -54.301  148.232
 -40.137  139.255
 -39.640  147.747
 -56.479  147.920
 -51.638  155.301
 -60.915  146.917
 -53.404  146.121
 -48.107  150.463
 -60.610  148.498
 -49.522  142.292
 -32.408  147.543
 -37.381  153.746
 -53.856  153.558
 -45.022  153.747
 -37.463  141.942
 -45.109  143.842
 -41.428  147.881
 -45.881  139.402
 -49.970  149.346
 -57.274  149.093
 -47.842  152.606
 -33.900  140.645
 -41.348  152.178
 -49.799  143.847
 -53.441  164.183
 -42.587  148.316
 -34.092  141.461
 -42.110  146.384
 -49.105  150.704
 -42.115  156.940
 -50.393  153.396
 -49.039  135.723
 -48.193  154.622
 -49.935  144.168
 -41.729  149.139
 -47.876  144.557
 -50.585  147.132
 -53.312  150.023
 -46.327  168.327
 -43.681  139.128
 -47.382  152.046
 -60.860  155.665
 -53.426  141.271
 -32.645  144.479
 -44.787  135.814
 -61.098  145.963
 -49.108  149.505
 -38.881  144.224
 -40.068  150.041
 -44.532  149.616
 -43.281  133.809
 -53.969  145.655
 -47.825  141.246
 -44.581  146.045
 -39.514  145.106
 -49.371  156.942
 -48.425  153.935
 -46.761  145.469
 -48.691  145.315
 -45.116  143.299
 -37.198  137.081
 -50.723  141.957
 -49.458  160.032
 -35.691  139.489
 -36.159  147.157
 -49.047  140.475
 -50.829  149.384
 -40.226  136.616
 -47.915  154.537
 -56.266  134.683
 -38.417  146.570
 -50.803  147.714
 -46.269  153.743
 -57.126  131.637
 -63.208  161.321
 -49.320  148.002
 -28.432  148.886
 -60.456  144.262
 -48.892  158.427
 -54.272  157.519
 -49.695  142.139
 -38.663  139.844
 -45.314  152.053
 -45.776  142.294
 -50.365  142.214
 -37.623  144.683
 -48.602  151.701
 -45.295  154.021
 -54.296  142.055
 -44.507  141.581
 -48.739  143.349
 -62.486  148.981
 -38.495  147.244
 -45.395  157.012
 -35.839  144.938
 -49.270  146.579
 -45.593  149.032
 -52.333  151.632
 -42.546  151.825
 -34.059  144.194
 -43.494  138.852
 -51.674  153.906
 -47.451  151.057
 -50.826  153.111
 -45.584  136.602
 -42.298  143.883
 -47.643  152.846
 -42.930  149.905
 -45.133  141.098
 -53.575  146.019
 -54.875  156.424
 -36.637  148.473
 -53.112  141.161
 -49.266  150.683
 -39.949  142.632
 -55.796  142.979
 -47.401  144.116
 -56.634  153.443
 -53.478  144.885
 -46.170  148.764
 -43.993  150.673
 -45.732  139.421
 -34.735  145.499
 -50.949  156.915
 -43.349  150.417
 -33.914  154.716
 -40.159  148.170
 -57.998  154.167
 -51.230  146.431
 -44.715  139.406
 -59.881  152.412
 -39.489  152.570
 -47.726  146.521
 -46.184  146.094
 -50.926  140.411
 -50.704  149.097
 -44.382  150.485
 -45.710  160.068
 -57.112  141.539
 -57.206  150.689
 -39.634  154.590
 -47.902  153.097
 -47.162  142.651
 -40.987  155.389
 -32.701  134.357
 -46.175  144.957
 -53.585  147.868
 -36.459  139.610
 -45.011  149.225
 -34.528  144.496
 -43.662  151.330
 -53.999  153.091
 -45.327  132.803
 -38.363  149.516
 -56.231  148.870
 -48.618  140.837
 -52.814  137.767
 -52.352  151.615
 -56.161  148.433
 -46.194  151.547
 -56.867  142.364
 -52.087  145.184
 -59.015  171.922
 -52.124  147.635
 -49.201  138.454
 -55.600  146.956
 -55.205  150.275
 -51.649  137.353
 -47.988  151.094
 -50.467  148.634
 -46.501  153.770
 -44.699  140.324
 -35.693  157.347
 -51.776  142.705
 -57.088  147.028
 -40.079  150.957
 -43.840  140.678
 -40.637  145.729
 -42.924  148.168
 -49.725  160.534
 -41.381  147.124
 -44.885  149.855
