 -87.927  135.550
 -84.019  137.266
 -87.105  137.940
 -88.109  138.408
 -92.697  138.144
 -84.155  126.109
 -94.571  136.802
 -82.948  140.343
 -89.279  132.780
 -99.371  131.075
 -89.856  141.610
 -99.361  143.895
-101.816  139.158
 -85.635  137.286
 -94.716  136.723
 -80.518  131.108
 -97.899  134.549
 -96.315  128.542
-101.556  139.317
 -84.919  120.471
 -93.748  139.087
 -85.769  134.020
 -80.731  128.171
 -88.737  136.297
 -87.286  148.382
 -92.409  147.512
 -80.278  129.758
 -85.806  129.666
-100.859  133.041
 -89.262  128.001
 -75.260  133.285
 -85.841  147.210
 -78.656  140.844
 -96.103  140.492
 -84.285  128.825
 -84.923  133.359
 -70.117  142.684
-104.351  127.378
 -88.218  134.384
 -82.745  124.485
 -88.696  146.375
 -84.736  132.164
 -96.211  141.654
 -94.237  134.295
 -75.012  151.430
 -88.869  142.554
 -89.458  157.694
 -89.756  122.440
-104.613  138.745
 -92.023  128.679
 -81.662  140.110
 -79.841  143.069
 -80.749  133.737
 -86.688  135.886
-100.790  135.976
 -76.648  146.942
 -94.433  118.567
 -88.292  144.781
 -86.031  135.927
 -93.063  130.950
 -80.680  134.460
 -83.264  141.270
 -86.942  131.929
 -76.346  123.268
 -77.914  120.705
 -92.096  131.042
 -78.392  129.861
 -84.953  136.835
 -91.462  130.201
 -91.212  148.208
 -84.433  138.147
 -86.690  121.746
 -83.420  137.673
 -76.550  150.353
 -83.201  128.675
 -91.659  137.791
 -87.676  140.582
 -88.595  132.991
 -73.218  135.611
 -86.001  132.916
 -83.656  135.036
 -84.405  140.815
 -97.600  139.349
 -86.078  132.164
 -81.614  134.763
 -88.867  135.074
 -81.852  144.026
 -77.685  130.703
 -79.623  131.778
 -88.238  140.649
-101.576  131.742
 -74.656  130.444
 -85.652  146.596
 -89.156  128.903
 -85.530  128.237
 -80.990  128.134
 -80.190  141.934
 -86.793  140.072
 -92.070  131.007
 -88.900  138.512
 -86.753  138.629
 -91.848  142.661
 -90.531  138.637
 -82.305  146.342
 -91.870  135.932
 -75.792  154.145
 -87.224  139.202
 -81.432  136.661
 -87.500  135.831
-100.497  124.200
 -86.499  125.582
 -93.512  133.840
 -85.979  120.645
 -84.954  120.756
 -85.345  128.489
 -84.452  136.718
 -91.695  148.123
 -87.356  136.097
 -99.587  137.158
 -81.748  136.524
 -91.026  141.698
 -78.113  147.223
 -84.165  131.267
-108.599  128.441
 -92.838  129.163
 -93.954  135.522
 -84.555  125.290
 -91.094  134.030
 -93.987  134.891
 -83.307  147.894
 -72.273  141.884
 -84.195  134.807
 -89.103  126.413
 -85.919  137.096
 -76.158  139.829
 -90.420  139.660
 -79.752  140.935
 -82.838  135.272
 -81.149  139.142
 -96.203  149.676
-102.935  138.077
 -99.437  151.881
 -80.333  131.060
 -88.373  145.459
 -86.771  136.975
 -91.115  139.543
-104.406  130.669
 -84.048  139.194
 -91.557  131.108
-103.259  133.108
 -74.837  139.738
 -89.157  119.841
 -93.816  136.967
 -84.480  143.331
 -79.695  131.000
 -79.856  137.237
 -96.553  139.145
 -89.149  122.247
 -86.681  131.314
 -82.194  124.601
 -83.197  133.975
 -84.570  147.030
 -93.508  134.409
 -88.342  132.720
 -83.093  143.597
 -92.642  137.045
 -87.279  143.301
 -79.350  130.432
 -97.395  124.725
 -98.890  126.575
 -72.998  131.024
 -93.774  130.924
-101.356  132.505
 -92.675  140.605
 -83.171  139.681
 -85.876  135.173
 -83.905  130.328
 -97.625  129.107
 -86.336  127.531
 -88.538  128.053
 -91.974  128.486
 -78.540  142.697
-101.405  125.946
 -93.307  146.637
-105.021  138.178
 -94.221  125.226
 -89.947  134.527
 -83.631  142.940
 -93.602  137.509
 -94.015  131.108
 -80.718  145.680
 -79.581  131.536
 -90.238  128.831
 -79.287  136.846
 -88.381  128.502
 -86.759  139.169
 -89.231  127.955
 -90.336  132.616
 -84.524  132.332
 -86.054  129.973
 -79.505  135.901
 -87.864  132.919
 -98.861  144.157
 -77.577  132.635
 -92.577  133.927
 -87.154  139.328
 -93.754  141.395
 -82.580  139.098
 -86.487  121.569
 -94.808  133.338
 -90.872  149.269
 -94.629  149.079
 -76.021  128.334
 -90.655  134.677
 -90.937  133.847
 -78.906  137.182
 -89.528  147.303
 -88.608  133.155
 -81.888  123.865
 -87.866  125.482
 -79.164  132.929
 -85.919  144.457
 -97.031  130.894
 -83.956  140.019
 -85.439  138.233
 -91.508  124.713
 -82.199  136.032
 -90.726  138.773
 -88.069  120.340
 -92.733  126.045
 -85.777  125.247
 -83.704  136.462
 -91.740  121.364
 -93.094  131.933
 -86.591  125.589
 -87.106  118.907
 -94.038  127.846
 -95.044  132.959
 -92.471  136.040
 -96.696  131.498
 -79.735  137.815
 -90.892  145.141
 -80.775  140.203
 -79.654  119.998
 -92.547  145.118
 -93.157  137.477
 -82.717  139.834
 -71.336  143.882
 -89.906  142.716
 -77.615  139.570
 -84.795  135.517
 -86.481  142.591
-102.744  148.565
 -87.712  119.962
 -87.005  135.875
 -93.027  127.137
 -91.402  146.071
 -79.559  145.890
 -92.442  129.855
 -86.865  139.496
 -84.081  129.960
 -84.520  133.321
 -91.362  137.362
 -84.151  142.425
 -85.059  164.464
 -82.662  122.535
 -89.891  142.447
 -81.969  134.027
 -73.286  146.958
 -98.906  138.426
 -89.868  142.032
 -86.541  130.268
 -87.502  124.420
-105.094  133.299
 -88.260  135.671
 -95.665  128.271
 -80.200  142.304
 -90.373  140.526
-101.046  125.358
 -86.050  126.538
 -85.447  130.557
 -82.981  144.023
 -96.471  147.530
 -72.191  128.564
 -90.782  148.968
 -81.332  134.833
 -84.197  139.326
 -90.704  140.235
 -78.027  126.229
 -86.088  149.166
-102.136  138.724
 -71.196  116.139
-106.440  140.775
 -81.891  146.008
 -90.766  129.938
 -80.503  133.405
 -87.433  139.355
 -94.929  136.334
 -71.697  127.576
 -87.647  127.258
 -81.577  137.794
 -93.449  121.465
 -86.298  142.499
 -75.189  146.040
 -89.385  145.777
 -77.711  135.754
 -88.517  133.463
 -99.555  137.704
 -85.572  130.745
 -81.532  132.117
 -98.681  136.746
 -79.641  135.466
 -81.976  136.211
 -91.270  133.402
-100.036  135.220
 -87.239  137.533
 -74.444  138.779
 -91.705  142.371
 -90.567  131.150
 -90.978  126.713
 -84.781  129.774
 -83.630  132.188
 -99.119  141.336
 -91.424  132.530
-101.086  141.707
 -81.152  136.746
 -93.095  139.322
 -80.998  132.741
 -95.940  131.717
 -92.298  151.877
 -99.247  136.276
 -76.492  137.264
 -85.583  142.141
 -80.492  128.191
 -87.345  146.709
 -92.907  138.855
 -93.069  143.626
 -94.655  135.275
 -92.405  150.915
 -84.748  139.104
 -82.665  136.016
 -99.934  138.960
 -84.524  131.444
 -77.728  131.230
 -88.845  127.102
 -76.757  144.697
 -81.753  135.055
 -78.504  135.628
 -92.749  134.492
 -92.135  133.972
 -75.853  126.659
-104.535  130.294
 -86.948  136.874
 -76.097  142.828
-101.747  124.041
 -85.348  137.606
 -91.555  133.964
 -73.416  144.769
 -82.809  131.996
 -81.968  138.583
 -83.788  146.120
 -85.766  147.098
 -90.706  142.432
 -79.624  140.565
 -86.390  129.536
 -98.693  135.467
 -94.058  152.352
 -88.604  132.937
 -98.852  135.188
-100.811  130.296
 -91.820  135.721
 -85.782  141.069
 -99.677  135.562
 -88.096  124.178
 -95.872  139.725
 -88.837  130.714
 -84.574  126.358
-102.349  139.083
 -93.950  127.410
 -93.040  143.107
 -80.638  129.059
 -81.753  133.839
 -88.155  138.027
 -79.468  133.152
 -81.535  137.130
 -75.510  132.269
 -86.951  121.753
 -81.397  133.933
 -93.518  132.363
 -91.863  144.034
 -92.160  131.772
 -81.996  136.210
 -76.302  146.729
 -94.588  131.387
 -75.317  134.667
-105.109  129.748
 -89.158  134.084
 -93.396  142.085
 -88.862  142.842
 -86.543  138.841
 -91.328  123.473
 -78.454  127.718
 -81.234  130.781
 -85.061  137.114
 -91.991  133.599
 -88.399  126.797
 -89.404  136.425
 -82.432  127.382
 -81.412  133.336
 -90.452  150.247
 -80.688  134.942
 -88.679  128.410
 -80.016  140.739
 -89.869  138.839
 -87.107  142.967
 -84.729  127.635
 -90.415  134.118
 -86.837  123.279
 -77.564  144.007
 -73.447  150.173
 -81.509  134.236
 -87.232  131.648
 -87.266  126.908
 -92.553  142.149
 -96.320  130.360
 -88.076  132.430
 -71.467  139.454
 -93.052  144.409
 -87.640  136.146
 -83.476  131.197
 -86.037  141.514
 -79.306  139.114
 -75.663  129.506
 -86.110  144.391
 -97.961  147.360
 -78.102  136.512
 -84.650  140.702
 -98.151  134.747
 -77.342  122.429
 -88.056  133.770
 -81.091  145.566
 -76.844  141.685
 -90.287  134.920
 -97.839  141.884
 -89.338  128.311
 -87.728  131.023
 -88.028  135.953
 -92.546  132.136
 -80.958  133.319
 -85.128  128.184
 -86.049  127.321
 -83.652  134.426
 -93.219  154.338
-100.115  124.667
 -76.616  139.021
 -87.275  154.773
 -76.752  136.858
 -87.071  127.118
 -80.220  127.041
 -84.797  136.572
 -96.639  148.186
 -85.797  133.559
 -92.275  149.249
 -92.856  140.437
 -78.835  148.628
 -84.702  117.570
 -95.280  141.783
 -92.786  135.955
 -99.482  145.877
 -94.200  123.298
 -75.210  134.119
 -87.906  133.212
 -88.843  144.797
 -95.767  131.564
 -74.157  135.638
-112.376  139.865
 -73.145  143.719
 -94.754  140.706
 -91.510  124.487
 -78.797  153.180
 -79.254  144.302
 -89.636  130.264
 -85.079  131.171
 -77.402  125.686
 -80.634  143.097
 -88.425  118.802
 -81.581  133.909
-101.552  125.546
 -81.540  135.091
 -74.673  136.424
 -87.860  126.802
 -92.046  138.154
 -94.160  130.762
 -86.084  138.141
 -75.125  141.724
 -80.875  128.728
 -91.309  135.129
 -90.755  138.233
 -84.527  144.173
 -79.878  131.677
 -90.980  133.992
 -85.656  134.268
 -78.089  130.229
 -83.120  130.420
 -89.416  128.894
 -98.512  131.878
 -85.248  143.599
 -84.457  130.856
 -77.295  137.753
 -89.598  147.046
 -84.806  134.289
 -92.383  139.368
 -94.624  137.387
 -90.138  136.696
 -83.062  154.854
 -87.201  138.140
 -93.437  134.414
 -82.090  134.292
 -82.665  140.299
 -92.533  127.238
 -85.711  127.483
 -86.340  134.249
 -92.476  136.033
 -90.255  130.103
 -81.315  132.546
 -86.454  130.405
 -90.937  142.751
 -83.819  119.866
 -90.004  127.710
 -80.720  134.648
 -75.110  139.698
 -96.662  143.230
-101.328  140.887
 -90.065  135.082
 -89.183  133.714
 -88.948  133.204
 -90.764  140.006
 -95.066  138.996
 -92.934  142.934
 -90.103  140.279
 -87.226  127.498
 -92.747  139.654
 -89.007  138.225
 -86.958  139.151
 -83.788  151.739
 -83.480  137.219
 -87.706  147.543
 -93.014  148.392
 -85.947  136.195
 -71.154  131.547
 -73.465  139.501
 -84.191  149.599
 -82.272  141.024
 -94.150  134.315
 -93.293  132.893
 -80.969  137.165
 -99.284  134.087
 -81.878  134.665
 -74.891  127.669
 -82.139  122.517
 -86.871  127.117
 -89.898  150.904
 -94.849  139.919
 -81.211  145.168
 -85.951  133.551
 -88.741  129.489
-108.183  136.465
 -97.938  124.748
 -87.432  129.938
 -91.810  146.326
 -90.165  135.633
-101.233  136.917
 -86.934  124.335
 -90.936  138.058
 -83.818  136.008
 -96.887  142.451
 -83.362  145.495
 -97.727  140.060
 -80.409  144.803
 -84.971  131.937
 -93.893  132.238
 -98.663  153.093
 -88.556  139.206
 -85.824  135.998
 -94.518  152.206
 -91.706  137.656
 -79.244  140.081
 -95.600  141.315
 -87.254  138.820
 -86.311  124.821
 -92.238  130.784
 -88.496  133.104
 -88.476  139.818
 -86.253  141.896
 -80.916  132.196
 -84.946  134.320
 -88.573  144.382
 -75.610  144.996
 -79.905  135.968
-100.030  119.776
-105.576  142.645
 -76.696  134.740
 -88.756  138.270
 -81.547  145.892
 -81.269  151.317
 -95.701  129.010
 -88.582  140.859
 -90.797  140.413
 -87.174  137.683
 -87.539  139.660
 -84.556  132.268
 -96.775  137.264
 -91.250  125.193
 -89.078  130.620
 -92.711  130.239
 -82.825  133.256
 -90.009  124.710
 -90.550  136.941
-104.075  128.598
 -95.008  145.431
 -85.595  139.248
 -85.207  129.282
 -90.010  132.087
 -82.901  124.293
 -73.766  127.265
 -92.948  117.088
 -87.304  150.879
 -84.430  120.949
 -88.182  126.786
 -90.095  117.711
-104.597  149.198
 -97.111  146.657
 -82.015  126.558
 -88.498  128.453
 -79.607  144.427
-100.213  126.641
 -90.243  124.296
 -97.603  144.532
 -76.185  139.526
 -94.637  138.202
 -88.779  132.287
 -92.630  134.464
 -85.481  130.132
 -77.874  128.062
 -82.071  137.178
 -91.358  134.363
 -81.130  141.593
 -87.525  139.848
 -91.999  127.322
 -81.909  136.933
 -88.934  137.337
 -82.861  121.829
 -90.100  131.137
 -91.042  133.078
 -93.869  135.359
-102.526  124.142
 -91.534  143.765
 -80.519  137.206
 -95.451  129.076
 -83.929  131.143
 -79.280  132.860
 -85.185  140.430
 -98.740  141.547
 -88.361  123.104
 -86.722  138.834
 -81.829  132.133
 -87.680  141.939
 -76.430  141.506
 -92.052  134.159
-104.505  132.811
 -84.133  126.680
 -70.752  122.724
 -89.221  129.199
 -94.476  137.786
 -78.229  128.558
 -93.800  119.472
 -83.557  134.346
 -93.179  124.090
 -89.496  141.980
 -87.104  125.476
 -85.028  130.279
 -91.500  140.844
 -85.884  123.487
 -87.227  131.201
 -77.495  142.046
 -96.432  131.995
 -94.220  135.844
 -96.114  138.767
 -93.880  134.150
 -86.044  124.860
 -85.580  139.535
-103.335  149.513
 -86.982  125.020
 -76.845  138.948
 -90.696  127.865
 -85.600  144.487
 -82.085  143.813
 -87.329  133.779
 -91.337  135.482
 -82.707  131.808
 -84.200  134.326
 -80.893  127.633
 -83.591  153.356
 -85.310  141.976
 -93.745  130.410
-102.880  131.604
 -78.993  134.750
 -95.849  154.676
 -90.515  128.679
 -83.337  145.116
-109.104  131.171
 -97.346  132.297
 -83.197  128.991
-101.642  133.292
 -80.145  142.304
 -78.940  133.847
 -89.975  151.347
 -90.228  156.713
 -93.822  133.244
 -93.049  139.820
 -92.406  127.010
 -81.499  128.437
 -77.892  140.817
 -96.048  123.141
 -86.150  140.017
 -77.855  144.236
 -74.336  125.966
 -86.382  139.449
 -77.455  134.461
 -86.377  134.888
 -87.528  125.682
 -86.209  146.372
 -88.652  151.719
 -80.037  132.608
 -92.884  145.136
 -90.247  133.897
 -80.619  129.307
 -97.478  127.108
 -83.495  137.824
 -91.297  132.089
 -91.205  133.080
 -88.978  133.590
 -76.289  138.133
-100.283  146.373
 -86.858  123.177
 -84.371  143.732
 -78.011  141.341
 -88.082  126.562
 -79.239  141.758
 -74.273  135.131
 -85.945  124.923
 -91.353  123.063
 -94.841  131.380
 -85.640  139.789
 -85.326  133.594
 -86.350  144.236
-102.129  143.237
-110.692  137.022
 -88.464  132.877
 -89.288  121.072
 -76.221  133.730
 -85.275  133.477
 -78.668  135.024
 -86.308  132.367
 -86.121  120.804
 -82.652  133.641
 -86.788  128.910
 -94.141  136.882
 -86.350  134.266
 -89.955  130.362
 -95.084  132.581
-102.996  142.091
 -90.584  132.173
 -86.020  135.187
 -97.956  139.737
 -88.192  124.088
 -89.650  126.640
 -90.940  130.068
 -83.265  124.311
 -88.371  125.511
 -88.570  124.762
 -82.574  141.714
-100.559  126.743
 -93.593  144.404
 -94.634  146.396
 -94.763  131.422
 -94.521  131.859
 -71.563  144.068
 -83.296  140.392
 -89.208  132.883
 -77.749  137.874
-102.314  143.864
 -72.106  136.678
 -96.863  138.693
 -96.633  138.483
-102.290  132.501
 -98.344  130.190
 -78.084  135.329
 -93.975  144.106
 -79.141  122.482
 -78.801  136.630
 -74.503  142.506
 -99.759  133.057
-109.251  148.371
 -90.635  126.128
 -74.064  136.805
 -86.388  126.246
 -94.900  136.199
 -89.828  128.370
 -97.790  127.162
 -91.683  145.809
 -91.142  128.500
 -99.183  137.721
 -91.541  122.972
 -81.942  147.551
 -91.746  153.833
 -77.180  144.051
 -92.916  129.346
 -90.191  131.060
 -85.119  138.247
 -89.766  136.351
 -83.450  117.885
 -89.729  131.719
 -76.745  131.279
 -77.822  127.389
 -82.962  146.462
 -85.030  139.578
 -85.632  135.029
 -95.188  125.434
 -91.294  116.030
 -76.663  127.670
 -81.226  125.980
 -90.583  134.039
 -87.290  125.676
 -83.526  125.498
 -87.657  140.833
-100.891  129.204
 -78.013  134.294
 -89.913  133.323
 -87.584  137.073
 -94.738  143.984
 -77.803  136.409
 -99.242  133.475
 -91.536  134.710
 -84.329  140.639
 -81.435  149.316
 -92.216  128.719
-102.660  137.295
 -99.727  134.694
 -87.743  148.778
 -97.231  126.970
 -85.347  144.882
-100.036  136.274
 -91.814  132.316
 -80.007  143.023
 -66.400  145.404
 -84.407  134.532
 -93.073  140.245
 -94.596  133.677
 -88.867  128.284
 -98.421  134.308
-104.668  136.021
 -79.935  141.309
 -94.103  117.173
 -86.913  138.746
 -85.130  141.744
 -92.295  146.748
 -82.862  141.939
 -85.250  126.471
-101.367  140.251
-111.817  134.128
 -91.499  132.177
 -91.803  134.513
 -98.897  149.307
 -83.875  126.460
 -88.380  127.537
 -90.347  130.203
 -81.136  135.429
 -88.223  133.237
 -87.591  133.421
 -90.577  134.085
-100.810  134.839
 -95.553  144.194
 -91.311  151.301
 -73.071  136.210
 -98.655  139.037
 -71.133  138.227
 -99.785  134.628
 -79.228  144.106
 -89.432  132.593
 -93.723  148.463
 -92.063  138.773
 -78.066  136.256
 -89.029  133.702
 -89.907  143.645
 -65.779  140.059
 -97.639  129.950
 -88.573  125.199
 -82.346  136.673
 -77.735  135.271
 -86.140  133.376
 -89.277  134.969
 -94.732  146.284
 -68.296  123.042
 -81.740  124.483
 -74.963  136.290
 -90.886  134.367
 -78.401  135.472
 -94.922  129.599
 -72.303  148.184
-112.096  112.913
 -78.245  125.812
 -97.548  139.826
 -98.708  127.301
 -90.746  120.751
 -93.398  146.413
 -85.163  142.920
 -87.878  129.821
 -84.015  133.035
 -76.546  138.162
 -97.125  127.341
 -91.395  134.499
 -83.096  137.508
 -80.020  129.055
 -81.326  126.369
 -86.394  129.161
 -78.455  146.827
 -89.104  146.703
 -90.191  144.804
 -80.430  141.728
 -85.525  136.936
 -78.414  129.501
 -81.186  139.048
 -84.920  128.492
 -90.087  140.095
 -81.260  136.423
 -87.078  131.847
 -75.808  150.395
 -89.624  125.979
 -85.223  122.966
 -81.374  139.918
 -95.431  139.992
 -77.149  142.653
 -94.690  111.777
 -75.981  136.763
 -93.972  138.345
 -76.137  145.454
 -82.350  137.678
 -80.930  132.148
 -89.311  125.942
 -91.788  132.229
 -84.395  130.156
 -77.742  138.730
 -88.762  138.524
 -96.957  126.031
 -88.208  137.199
 -86.932  127.604
 -88.790  128.836
 -89.433  142.516
 -95.691  138.110
 -93.256  132.979
 -94.078  136.581
 -97.496  145.651
 -93.055  141.449
 -80.962  130.072
 -88.194  131.377
 -92.403  147.042
 -79.447  135.024
 -88.097  129.019
 -70.889  143.359
 -86.551  133.123
 -82.941  141.787
 -83.729  133.444
 -84.764  128.487
 -89.549  140.809
 -78.668  143.777
 -89.282  135.994
 -98.961  134.149
 -86.866  146.200
 -94.865  132.757
 -91.657  142.449
 -84.665  130.539
 -72.643  131.223
 -85.243  143.429
 -94.896  137.633
 -86.365  125.273
 -82.175  134.170
 -83.885  153.366
 -83.725  131.702
 -85.757  135.077
 -95.479  133.872
 -86.723  131.516
 -79.410  135.884
 -81.392  130.366
 -83.449  146.433
 -93.155  151.079
 -72.681  144.135
 -95.638  129.144
 -87.227  136.583
 -66.576  140.084
