-157.184  131.170
-144.402  150.332
-146.036  153.466
-159.379  137.296
-143.966  137.468
-159.061  125.137
-141.272  121.238
-146.726  131.356
-147.640  116.776
-139.667  130.070
-149.583  135.088
-144.594  137.295
-151.586  118.376
-149.751  123.970
-138.821  118.987
-161.138  114.051
-136.648  118.630
-153.370  141.454
-141.246  119.141
-157.365  134.944
-143.940  132.734
-149.496  140.959
-149.098  130.079
-149.340  134.423
-148.701  128.775
-158.565  139.653
-149.468  143.246
-151.076  132.633
-146.940  120.574
-157.913  147.419
-139.458  120.928
-154.235  140.401
-153.842  131.744
-161.793  111.169
-142.005  130.012
-142.321  130.610
-147.036  136.433
-147.231  129.536
-158.978  134.587
-152.657  145.881
-143.476  138.447
-147.735  143.433
-158.780  142.825
-137.867  155.565
-142.889  150.946
-150.786  117.097
-146.333  154.978
-147.364  125.914
-141.586  140.295
-142.459  142.284
-159.346  135.661
-139.774  120.496
-150.747  151.005
-150.454  144.787
-147.158  143.435
-155.115  143.808
-164.533  150.082
-158.754  138.015
-160.715  144.517
-156.354  147.372
-142.926  142.731
-131.442  137.462
-149.294  119.756
-154.074  132.637
-163.864  128.209
-144.375  153.399
-145.308  123.805
-148.769  132.916
-145.855  149.577
-134.043  131.147
-153.145  141.034
-152.382  146.158
-147.425  144.678
-147.365  121.428
-142.436  141.746
-148.837  143.611
-151.596  110.194
-161.078  136.430
-146.889  145.121
-169.555  141.174
-158.477  153.402
-147.961  132.241
-141.563  142.228
-147.930  156.253
-135.541  145.798
-141.258  127.409
-147.749  134.809
-144.669  134.665
-154.909  130.198
-135.589  139.809
-160.269  146.983
-146.541  139.233
-150.324  145.940
-153.260  142.162
-140.337  140.311
-153.157  132.436
-173.053  127.446
-145.148  126.024
-154.645  140.135
-140.191  142.446
-147.238  136.912
-148.009  144.476
-150.546  140.885
-157.540  138.285
-152.156  157.999
-154.044  122.873
-146.708  141.051
-138.778  140.844
-146.153  135.698
-159.354  126.332
-155.221  130.195
-148.117  138.309
-149.811  131.279
-148.783  128.235
-162.326  116.864
-150.576  113.755
-150.994  141.061
-141.848  133.931
-153.706  155.455
-147.722  133.100
-158.507  146.717
-141.232  137.154
-138.662  143.139
-134.941  134.838
-148.798  138.299
-150.288  143.761
-151.113  128.147
-155.964  123.373
-155.738  135.947
-143.114  133.001
-152.318  119.733
-153.161  133.863
-148.257  150.606
-166.189  138.914
-146.984  133.949
-142.967  140.052
-161.577  132.579
-144.260  135.558
-163.042  141.824
-147.007  136.505
-151.214  124.939
-157.195  145.228
-147.680  145.625
-139.605  153.355
-141.211  137.346
-140.765  136.155
-154.702  136.825
-160.995  130.154
-152.843  130.307
-145.104  136.920
-146.208  134.166
-152.690  131.914
-145.602  131.627
-144.713  135.982
-130.971  135.934
-152.660  146.276
-144.304  143.768
-144.269  134.662
-161.250  145.794
-141.249  140.909
-157.633  148.138
-160.640  140.435
-150.551  135.521
-145.197  144.552
-151.070  125.512
-147.474  132.816
-146.190  147.001
-153.242  135.588
-149.401  139.633
-146.139  116.759
-143.995  131.024
-154.831  129.955
-152.701  131.268
-154.706  140.129
-148.641  140.181
-149.815  132.992
-155.480  141.737
-157.382  138.789
-143.427  146.171
-162.411  138.539
-152.589  149.812
-148.562  152.456
-143.029  137.454
-149.255  139.141
-147.518  135.369
-136.935  128.702
-140.503  122.028
-161.596  137.940
-162.263  148.736
-147.832  129.881
-152.279  132.923
-145.538  143.971
-143.735  128.560
-140.131  136.294
-151.722  149.802
-159.611  147.638
-147.233  137.729
-139.817  144.098
-144.064  127.892
-142.884  139.881
-153.415  140.487
-149.768  136.359
-154.098  122.803
-161.226  126.563
-153.906  151.896
-145.781  138.154
-143.368  128.375
-135.442  139.466
-154.621  145.274
-142.774  149.172
-149.732  119.897
-145.529  128.897
-161.503  127.663
-153.406  134.494
-142.000  127.233
-163.653  134.110
-144.646  147.927
-141.650  122.224
-142.851  136.510
-167.112  148.672
-142.579  126.347
-131.958  133.010
-158.388  139.672
-158.374  126.675
-149.706  115.236
-152.833  129.568
-148.319  137.959
-157.528  134.193
-161.824  150.469
-162.972  137.121
-141.446  154.411
-148.447  130.820
-157.515  132.690
-149.408  137.295
-157.864  134.589
-140.701  140.271
-139.996  138.379
-157.915  138.822
-146.677  120.200
-140.359  140.449
-154.114  130.088
-142.563  143.891
-163.883  152.301
-142.960  124.916
-158.523  138.257
-147.704  135.984
-144.900  123.613
-151.968  141.267
-150.547  134.066
-151.361  141.074
-152.091  121.881
-143.149  133.210
-144.523  147.031
-149.613  133.176
-154.672  131.278
-143.642  150.572
-161.899  138.164
-153.988  135.962
-148.367  132.852
-139.353  146.022
-150.412  137.003
-146.343  137.339
-143.505  146.689
-153.844  147.866
-160.474  141.650
-161.354  135.868
-149.224  139.697
-157.804  143.043
-143.690  136.378
-136.651  137.151
-150.692  121.801
-156.041  140.273
-151.557  145.873
-143.185  136.910
-152.140  149.142
-145.743  125.759
-160.243  131.494
-156.231  139.266
-143.349  142.569
-154.624  144.688
-138.610  144.469
-151.240  142.759
-142.059  132.003
-154.311  133.347
-151.313  129.875
-154.449  123.948
-155.341  149.274
-148.233  130.176
-154.089  136.685
-148.443  144.196
-150.243  140.596
-150.199  154.256
-151.135  146.075
-149.486  131.817
-147.890  156.207
-139.148  132.644
-158.090  132.384
-147.917  143.736
-152.682  154.155
-144.125  125.197
-154.403  144.120
-153.808  140.227
-131.251  134.866
-141.493  105.400
-140.595  141.503
-146.366  147.843
-148.338  140.305
-148.074  132.468
-141.010  133.499
-154.513  145.536
-145.052  147.067
-157.448  152.967
-150.011  151.194
-151.949  137.888
-150.984  144.562
-153.724  143.761
-150.502  140.672
-146.997  134.344
-152.577  124.138
-159.904  139.742
-151.533  141.542
-140.297  126.587
-157.667  134.125
-146.209  116.224
-144.802  129.192
-147.493  131.452
-143.905  127.223
-147.943  147.283
-143.950  135.176
-156.708  136.793
-154.656  136.967
-142.886  139.043
-160.874  142.746
-149.166  120.571
-143.210  127.932
-157.732  133.241
-149.788  141.571
-144.551  116.253
-152.585  135.731
-145.874  121.380
-154.086  143.606
-144.125  146.010
-140.831  129.034
-158.971  137.950
-149.418  140.552
-139.919  137.805
-155.691  143.731
-144.872  150.855
-159.403  130.920
-156.456  139.201
-131.884  128.891
-149.559  147.019
-141.572  131.623
-151.930  137.901
-147.056  139.891
-137.776  121.464
-140.410  131.313
-156.306  137.817
-141.372  137.412
-153.172  144.081
-156.799  134.789
-158.848  149.174
-148.840  130.766
-148.741  119.058
-140.150  131.517
-140.566  148.253
-148.535  144.069
-144.964  144.651
-147.716  147.028
-148.212  140.470
-147.585  135.419
-163.187  144.143
-149.234  129.461
-151.399  134.629
-136.865  134.748
-146.463  136.093
-147.876  144.586
-142.226  137.286
-145.635  156.922
-139.313  130.919
-155.094  132.612
-154.254  153.278
-133.332  130.867
-137.458  137.146
-151.840  136.244
-151.350  136.956
-158.140  142.844
-148.255  142.756
-156.827  128.023
-149.722  144.379
-151.565  146.457
-140.573  142.653
-143.784  148.885
-147.210  132.778
-154.730  135.647
-139.939  131.271
-150.828  128.072
-161.273  141.609
-147.037  139.560
-136.077  145.329
-155.388  124.432
-159.765  148.537
-145.902  112.425
-147.683  143.748
-151.883  127.991
-140.458  131.827
-141.443  144.091
-148.491  140.114
-158.960  147.303
-145.043  137.464
-145.869  142.653
-144.581  139.687
-149.006  128.412
-149.526  137.268
-149.718  145.597
-133.721  142.548
-155.507  124.012
-146.496  135.687
-147.749  130.089
-158.886  145.034
-144.557  130.364
-148.964  136.216
-129.961  132.287
-149.717  131.471
-149.255  133.326
-158.242  137.432
-145.663  142.382
-145.450  137.806
-148.787  153.628
-144.788  138.524
-148.163  132.134
-149.787  138.687
-142.423  124.859
-145.211  127.032
-145.779  124.342
-159.208  140.514
-140.839  142.738
-152.827  129.204
-148.246  129.643
-154.003  114.316
-141.384  141.556
-159.921  144.223
-144.891  118.387
-152.353  134.826
-150.976  140.791
-160.517  131.669
-138.711  134.276
-139.451  137.774
-160.056  130.888
-149.396  145.433
-154.584  136.991
-148.189  143.407
-158.053  144.591
-161.465  137.799
-144.205  130.714
-146.056  138.013
-153.877  135.516
-165.102  147.298
-141.221  127.580
-142.792  126.209
-152.949  133.101
-150.788  142.031
-139.652  136.081
-142.642  138.437
-160.524  139.663
-147.909  138.812
-142.842  147.152
-137.927  146.688
-138.687  137.773
-146.428  145.921
-139.133  145.621
-145.788  139.610
-149.732  136.991
-156.731  121.149
-130.762  147.867
-158.469  141.359
-150.888  135.561
-163.335  137.108
-150.520  149.693
-152.708  148.414
-145.066  143.355
-160.095  140.142
-146.606  138.769
-146.078  153.974
-157.089  138.568
-150.248  115.025
-147.623  143.477
-141.907  150.884
-145.544  137.215
-153.125  140.909
-146.038  122.956
-154.067  142.496
-140.977  133.748
-138.627  144.124
-144.044  150.663
-147.018  128.873
-140.565  148.789
-147.667  139.568
-147.921  140.212
-152.262  128.121
-159.163  135.687
-143.202  137.394
-161.409  134.856
-137.725  130.561
-155.056  129.086
-142.347  127.162
-146.298  145.692
-140.649  145.331
-153.876  135.316
-150.570  147.127
-145.356  147.824
-141.976  133.964
-154.188  122.536
-148.752  135.762
-155.407  136.950
-149.332  141.279
-147.959  132.596
-146.087  145.176
-145.362  141.395
-144.008  137.878
-149.560  138.912
-149.417  137.649
-148.362  129.376
-145.870  146.643
-143.709  134.251
-137.273  143.116
-145.782  144.847
-145.652  140.325
-140.064  139.872
-156.356  142.618
-154.322  130.771
-160.821  148.439
-162.019  143.336
-141.218  136.060
-148.269  132.574
-150.265  130.267
-143.078  138.137
-153.045  135.832
-138.552  129.008
-151.755  133.952
-146.142  142.191
-157.554  122.551
-155.844  127.150
-149.481  143.050
-138.478  138.376
-145.745  139.716
-144.288  131.535
-148.803  135.599
-135.012  127.747
-152.908  135.061
-141.003  131.950
-151.850  143.651
-160.885  135.713
-157.290  141.313
-139.000  141.570
-160.890  128.366
-151.040  133.051
-152.181  143.002
-155.665  153.984
-152.442  137.030
-135.903  123.111
-139.811  142.064
-154.486  136.474
-145.283  134.746
-153.742  140.311
-145.012  147.661
-138.464  152.453
-145.063  129.428
-151.565  141.858
-129.088  139.132
-148.148  155.504
-145.646  128.492
-147.280  124.511
-147.811  145.126
-154.121  151.273
-143.423  135.702
-140.742  138.620
-156.773  138.810
-153.630  113.945
-161.937  111.429
-147.099  137.339
-152.448  132.612
-151.294  130.781
-157.674  137.570
-150.533  143.942
-155.518  142.949
-153.057  130.071
-140.902  131.043
-156.279  135.365
-148.053  138.888
-150.454  131.691
-139.354  134.263
-145.786  139.863
-141.227  130.446
-152.856  138.894
-150.596  139.388
-158.508  133.867
-161.589  139.419
-145.633  141.884
-145.072  148.230
-141.500  139.741
-157.096  134.881
-155.778  150.040
-148.228  137.305
-157.867  130.615
-150.860  127.801
-158.173  148.864
-157.978  127.527
-159.404  148.794
-150.754  153.369
-142.101  139.058
-162.262  137.617
-144.341  150.870
-149.242  137.027
-149.087  144.036
-142.937  141.994
-143.621  129.343
-144.860  136.245
-143.021  135.734
-137.561  120.678
-151.298  141.822
-151.270  130.906
-164.542  133.382
-150.450  133.025
-151.626  150.359
-148.945  147.600
-133.930  131.124
-143.769  140.167
-159.465  124.175
-139.232  150.995
-143.841  139.988
-154.640  136.807
-150.850  130.125
-153.293  142.521
-154.864  134.418
-145.841  125.956
-146.069  139.739
-157.622  128.143
-155.647  127.471
-141.272  138.654
-160.110  134.728
-141.369  148.900
-150.727  140.815
-158.541  140.859
-141.072  152.544
-145.825  133.476
-143.573  133.751
-146.028  146.516
-156.657  135.657
-157.897  130.611
-150.353  127.272
-146.284  114.989
-133.138  131.214
-146.222  129.592
-140.576  141.114
-142.011  146.019
-142.367  130.815
-160.930  127.541
-152.052  139.633
-143.895  134.156
-147.728  135.141
-136.696  145.819
-158.610  153.976
-142.871  135.721
-161.503  124.873
-145.066  140.053
-153.296  135.303
-152.374  144.512
-148.441  130.168
-144.586  124.891
-150.463  130.586
-154.683  128.846
-149.671  153.655
-144.499  128.424
-153.292  142.016
-147.170  135.241
-149.140  125.934
-150.500  140.399
-139.479  140.200
-137.283  133.392
-165.411  130.183
-153.783  136.878
-163.621  127.904
-146.793  142.034
-144.408  137.994
-137.890  134.028
-154.648  121.872
-158.501  136.873
-146.232  147.087
-129.696  144.081
-152.228  149.316
-141.755  148.809
-150.642  140.146
-147.007  129.033
-145.439  140.696
-157.212  142.823
-148.696  133.468
-150.825  131.376
-145.925  140.422
-157.237  145.206
-139.317  133.398
-152.417  139.967
-138.741  135.847
-151.424  147.735
-151.199  136.386
-148.010  131.107
-143.742  114.467
-151.425  140.394
-151.980  129.613
-139.197  144.804
-154.287  132.740
-142.061  130.998
-150.483  139.173
-156.976  124.383
-154.464  132.106
-156.812  134.165
-153.891  133.048
-144.559  126.107
-142.089  150.552
-150.097  145.017
-162.266  147.878
-153.420  124.983
-154.243  137.652
-143.084  134.029
-148.246  137.929
-155.917  136.873
-157.223  137.524
-145.096  139.861
-147.161  143.288
-140.992  140.234
-149.512  133.237
-151.747  141.069
-155.322  126.996
-144.428  135.054
-153.889  129.109
-145.352  131.918
-168.847  134.588
-146.142  127.480
-160.092  141.277
-158.228  128.136
-145.463  145.909
-148.812  141.163
-153.056  138.437
-150.175  149.107
-146.000  132.747
-144.048  134.641
-150.329  138.522
-147.821  126.837
-159.255  130.789
-150.599  131.286
-148.134  141.429
-146.651  147.229
-150.110  126.718
-144.355  133.293
-142.975  140.368
-150.761  131.399
-145.508  138.821
-153.613  139.632
-143.795  131.665
-149.439  131.479
-149.517  130.416
-154.039  151.573
-151.348  140.653
-140.882  136.318
-155.476  132.821
-138.986  128.205
-150.022  136.544
-151.587  145.819
-154.983  140.837
-152.277  138.354
-149.845  134.420
-154.922  139.717
-149.110  122.745
-172.642  124.168
-149.595  133.346
-159.873  133.842
-140.055  149.226
-143.180  141.953
-164.856  140.634
-151.291  134.262
-159.029  132.686
-152.940  139.316
-151.226  133.759
-152.094  145.039
-141.410  134.533
-147.604  131.138
-162.923  139.636
-140.471  138.561
-156.986  147.468
-136.918  142.441
-153.001  128.472
-146.848  137.872
-148.166  152.313
-161.522  141.764
-155.147  142.831
-142.608  144.309
-157.401  136.190
-133.294  122.856
-157.238  144.957
-145.517  143.427
-153.091  146.125
-149.294  144.526
-142.366  144.944
-136.831  134.229
-156.335  140.968
-145.264  117.037
-154.626  118.437
-149.775  127.835
-152.231  119.125
-151.216  138.586
-147.398  138.289
-149.381  132.434
-154.603  141.499
-152.270  130.011
-135.237  139.669
-164.490  137.717
-162.761  126.916
-149.743  136.417
-140.864  137.560
-148.686  125.011
-139.756  140.816
-163.860  136.541
-143.971  149.096
-153.405  132.434
-149.419  131.196
-152.913  136.025
-146.163  151.868
-150.985  128.936
-141.729  131.283
-157.128  138.474
-151.917  130.106
-148.476  132.540
-141.933  137.655
-156.722  136.374
-149.774  145.145
-157.000  133.809
-157.093  134.490
-147.382  148.949
-146.755  150.790
-151.960  138.442
-147.497  135.167
-132.799  133.282
-155.491  129.006
-153.371  135.927
-150.543  132.791
-157.861  132.880
-152.056  139.334
-148.835  127.882
-153.790  125.003
-140.047  143.122
-151.985  130.031
-148.741  141.560
-154.417  129.765
-156.036  142.624
-151.257  135.398
-137.565  144.709
-152.379  127.181
-148.501  144.685
-155.433  153.135
-149.727  138.074
-147.824  155.074
-142.538  147.105
-156.500  139.780
-149.365  131.515
-146.413  148.864
-150.270  133.019
-146.727  143.139
-148.092  135.871
-153.618  137.395
-149.484  137.145
-156.255  142.286
-144.515  147.918
-151.481  147.292
-151.370  124.427
-152.501  143.469
-138.317  131.123
-148.124  136.207
-150.124  144.641
-150.576  139.107
-150.745  142.304
-155.416  117.319
-158.037  143.592
-143.629  131.232
-135.339  140.071
-150.453  147.977
-141.544  150.127
-158.782  138.682
-162.754  135.829
-148.197  139.057
-154.208  145.283
-144.023  142.380
-135.285  134.555
-153.455  138.414
-147.446  137.927
-139.533  149.264
-153.739  142.557
-152.055  131.003
-151.963  137.657
-146.507  131.030
-139.376  129.200
-147.136  127.937
-145.805  143.656
-152.978  135.454
-166.969  144.694
-158.213  134.823
-144.356  128.433
-143.612  131.936
-144.470  142.105
-159.590  127.195
-153.908  142.767
-144.898  137.384
-157.385  119.941
-143.179  132.455
-146.343  141.504
-145.491  145.374
-154.944  122.796
-151.368  141.727
-136.338  129.259
-153.229  143.682
-143.079  156.285
-150.126  146.422
-151.093  116.445
-141.041  143.644
-162.717  141.691
-157.443  135.823
-134.526  135.875
-153.135  148.848
-145.789  139.372
-137.535  150.516
-150.697  131.182
-135.449  143.671
-141.474  128.888
-152.546  143.215
-157.235  145.219
-151.103  140.726
-139.148  140.823
-156.278  121.700
-149.102  139.933
-153.195  149.743
-159.396  141.834
-152.662  123.674
-148.992  107.974
-153.637  144.150
-138.685  129.887
-156.912  141.874
-145.829  142.289
-159.617  151.702
-145.838  144.779
-157.552  141.791
-134.062  131.175
-144.929  121.989
-151.015  130.345
-154.569  127.671
-152.064  138.929
-152.182  133.135
-149.379  131.760
-146.665  142.562
-159.485  146.910
-153.234  135.610
-142.623  141.512
-146.301  140.788
-147.336  146.392
-145.107  134.682
-151.242  138.700
-141.844  118.970
-155.311  144.737
-156.654  141.927
-145.215  143.752
-143.658  138.359
-150.110  146.070
-158.753  129.731
-141.574  137.592
-141.136  139.279
-158.129  129.243
-152.374  125.924
-146.704  143.155
-157.485  150.526
-156.473  128.759
-153.030  132.130
-154.566  110.787
-161.022  137.176
-150.006  125.212
-150.996  134.841
-138.539  129.043
-166.110  136.517
-149.794  145.151
-152.562  130.692
-139.730  131.178
-152.525  123.344
-146.861  126.684
-138.855  147.163
-154.506  132.772
-155.951  134.080
-146.352  139.561
-150.913  139.721
-156.777  137.253
-156.380  138.860
-147.590  143.313
-149.409  136.599
-147.428  147.205
