-116.647  146.337
-116.710  140.576
-102.214  156.915
-101.066  135.099
-110.233  143.033
-100.174  162.345
-110.288  132.857
-102.583  149.253
-119.593  143.425
-100.520  155.724
-100.050  155.933
 -82.134  138.417
-103.403  142.234
-108.677  151.637
-105.078  164.361
-108.488  132.976
-114.061  143.363
-102.280  161.071
-114.295  150.241
 -99.333  160.731
 -94.137  149.244
-107.605  161.887
 -83.889  144.760
-103.498  140.835
-110.410  145.378
 -93.596  155.744
-103.650  158.940
 -93.202  143.952
-106.596  146.264
-117.482  158.542
 -91.656  158.509
 -92.364  148.974
 -91.953  146.209
-122.489  157.154
 -95.560  147.532
 -94.345  134.149
 -92.478  146.043
-116.220  142.875
 -75.661  168.867
 -98.611  161.830
-103.810  153.831
-101.626  155.657
-110.242  147.480
 -93.493  144.063
-111.717  155.227
-106.779  155.863
 -98.226  144.040
 -99.855  151.460
 -90.825  150.345
-103.179  151.339
-102.452  150.962
-102.552  138.403
-125.064  152.936
-100.809  140.432
-119.148  153.591
-106.063  135.836
-105.781  147.712
 -99.596  153.742
-116.088  150.138
-128.937  140.973
-114.157  142.797
 -95.167  158.165
 -96.061  142.232
-104.120  166.174
-113.994  147.720
-104.299  140.557
-107.823  162.094
-100.699  156.101
-108.857  142.906
 -98.341  156.044
-104.135  150.116
-113.507  160.041
-101.815  144.401
-105.978  154.196
-108.359  153.995
-113.216  158.844
 -95.211  130.873
 -97.548  143.324
 -88.791  139.771
-113.469  154.556
 -98.481  143.844
 -88.328  154.758
 -90.087  152.057
 -89.243  165.559
 -94.014  144.619
 -94.557  162.364
-112.874  148.388
-103.854  152.771
 -99.246  154.229
 -85.067  147.676
-117.625  147.321
-104.871  151.202
-107.471  157.606
-101.359  153.274
 -95.687  161.980
-105.557  151.881
-114.184  156.558
 -88.329  151.641
-111.200  147.345
-105.705  138.211
-109.151  138.584
-103.781  141.126
-105.774  155.564
-107.107  146.552
 -96.451  159.554
-112.939  131.571
 -98.154  143.444
-133.315  138.654
-128.386  152.158
-119.391  148.430
 -93.479  163.542
 -98.279  146.327
-102.510  122.326
-100.562  161.959
-104.064  144.947
-115.390  148.644
-108.462  141.898
-103.009  157.812
-101.244  144.996
 -98.800  155.292
-102.048  150.658
 -96.519  152.824
-103.120  156.248
-110.796  150.837
-132.206  159.203
-103.847  151.311
-101.285  162.851
-101.864  150.796
 -91.931  144.705
 -93.605  141.944
 -88.920  146.966
-102.244  163.957
-107.069  149.748
 -89.957  140.615
 -85.053  159.429
 -98.621  157.398
-100.842  153.617
 -98.133  136.014
 -91.825  146.028
-101.095  147.003
-114.652  149.794
-113.704  153.731
-111.427  162.849
-113.672  155.041
-108.508  151.577
 -91.132  158.983
 -94.724  143.446
-106.532  149.158
 -99.694  163.784
 -85.765  162.167
-109.598  164.438
-109.804  145.895
-131.342  137.801
 -91.034  159.202
 -97.946  146.051
-114.695  159.987
-118.414  146.815
 -96.488  150.071
 -87.696  153.339
 -88.027  146.043
-101.176  149.603
-117.999  138.913
-108.012  149.061
-106.231  164.374
 -91.825  159.862
 -96.419  143.759
 -95.652  148.430
 -96.813  156.643
 -97.908  156.229
 -95.840  157.931
-101.572  149.574
 -93.850  148.929
 -95.193  141.206
-117.911  147.927
-107.725  138.530
-117.640  138.365
 -96.791  144.025
-118.584  144.539
 -99.473  155.581
-114.155  154.961
 -93.097  148.681
-108.101  152.905
 -90.165  152.738
 -99.916  155.755
 -94.649  153.886
-108.893  149.420
-114.995  154.579
-113.490  139.984
-107.142  154.116
-109.806  164.514
-120.710  135.742
-106.581  165.006
 -95.177  152.017
 -96.510  146.081
-101.035  158.487
-112.309  156.008
 -95.333  139.282
 -84.504  153.100
-122.788  143.241
-107.937  140.341
-109.484  151.309
-104.040  143.494
 -95.372  153.515
-102.153  153.193
 -90.082  144.603
 -92.007  147.186
-108.264  160.204
 -99.186  140.728
 -99.965  149.559
-109.415  141.962
 -95.236  154.290
-105.365  148.583
 -96.682  137.621
-110.783  158.686
-119.542  149.493
 -92.491  168.324
-103.728  137.463
-101.818  157.500
-102.644  151.617
-104.498  144.600
 -94.826  152.895
 -94.852  159.449
 -93.558  147.354
-102.793  162.052
 -84.953  144.780
 -85.802  150.986
 -87.687  150.691
-111.296  154.387
-107.835  148.026
-124.210  159.729
-110.293  140.272
-112.404  154.397
-105.243  141.650
 -99.517  149.178
-123.534  139.272
 -91.021  145.299
-107.239  158.114
-104.567  151.727
-124.232  157.933
-112.574  141.351
-111.077  146.751
 -94.934  143.582
 -92.517  148.772
 -98.901  151.699
 -91.739  132.700
-104.597  154.673
-110.032  152.322
-100.367  165.387
 -95.490  146.942
-100.493  163.632
-124.118  154.789
 -89.277  141.040
-111.766  156.821
-109.350  153.219
-108.797  158.585
 -98.310  141.092
 -98.981  145.943
-120.218  146.156
-108.625  155.078
 -96.385  141.836
 -99.940  152.797
 -91.310  159.126
-119.949  158.194
-114.221  139.189
-122.868  152.194
 -96.294  156.182
-101.324  157.755
-100.064  152.478
-118.894  147.829
 -93.100  147.177
-114.217  144.459
-107.276  151.883
 -88.729  152.231
 -85.549  152.703
 -78.447  136.800
 -98.554  148.883
-107.569  141.329
-103.371  155.865
-104.413  146.814
 -98.292  133.099
-114.557  163.197
-112.902  157.659
-100.807  135.075
-108.561  163.634
 -94.826  154.637
-106.100  147.391
-104.778  141.591
-106.686  157.460
-115.650  139.470
-118.050  157.201
-121.087  146.240
-125.621  153.439
 -99.959  132.797
-110.095  150.922
-109.574  148.543
-102.078  154.268
 -96.054  152.253
-103.773  160.176
 -92.942  143.054
 -99.228  148.856
-118.645  158.318
-101.684  147.040
 -91.126  138.016
 -94.612  146.512
 -90.559  145.272
-102.768  160.968
-123.313  151.642
 -98.924  137.726
-115.412  141.156
 -88.680  141.354
-115.002  161.785
 -99.841  150.542
 -98.985  142.608
-109.425  151.128
 -96.426  149.971
 -95.840  145.969
-110.065  156.009
 -97.905  140.518
-109.317  144.530
-113.373  153.718
-103.297  149.144
-120.043  146.985
-109.154  151.448
 -98.282  148.916
 -99.932  142.133
 -92.160  151.338
-102.775  147.517
-124.418  162.488
 -98.819  159.064
-110.030  158.093
-105.979  158.164
-108.381  152.648
 -97.879  150.582
-109.963  143.056
-103.735  141.508
 -91.782  156.164
 -97.689  150.312
-108.007  152.537
-111.779  146.398
-104.560  151.289
-101.003  145.087
 -95.559  144.530
-113.489  158.140
-109.461  145.933
-102.325  141.090
-124.901  148.107
 -99.423  153.951
-116.290  155.690
-111.321  133.839
-111.522  142.431
 -98.861  144.793
 -86.575  143.595
-101.112  148.459
-116.763  149.690
-113.991  147.290
-111.855  149.494
-120.261  151.996
-125.764  143.986
-121.138  151.827
-117.099  156.319
-115.299  147.415
-104.048  156.841
-104.044  142.612
-116.267  142.683
 -95.610  136.347
-106.933  135.231
 -95.407  152.598
 -97.296  163.789
-109.805  143.526
-100.498  145.971
-113.022  158.014
-112.753  154.005
 -96.619  155.713
 -95.270  159.217
 -97.124  149.294
-104.837  143.289
 -88.566  154.277
-103.573  157.940
-100.565  146.686
 -86.393  148.862
 -97.505  146.315
-106.843  149.633
-118.166  152.168
-122.503  155.214
-130.452  157.907
 -96.538  151.103
 -94.514  144.594
-105.491  146.815
 -94.466  143.721
-108.014  145.090
-110.256  160.872
-103.124  152.507
-101.736  134.581
 -95.721  151.612
 -92.214  154.320
-107.396  156.637
-113.581  152.876
-105.396  144.796
 -96.453  151.091
-108.910  146.838
 -98.850  150.188
-128.302  158.411
-121.973  148.478
-107.012  156.313
-114.984  153.865
-125.540  138.828
-111.339  151.489
-111.472  154.684
-103.936  150.944
 -92.699  144.401
-102.075  160.478
-102.290  142.051
-116.041  149.409
-117.628  150.151
-128.050  158.582
 -97.810  154.731
-100.831  145.968
-107.463  144.953
-126.337  152.093
-128.655  151.251
-106.063  154.754
-112.623  140.821
 -99.369  136.747
-100.831  156.262
 -99.002  140.112
 -99.830  155.674
-128.800  160.571
 -96.756  148.855
 -95.012  144.009
 -83.988  144.032
-124.330  163.909
 -97.200  148.336
-115.901  143.252
-100.313  147.741
 -97.023  151.641
 -95.497  154.673
-106.284  150.865
 -96.210  150.918
-106.741  147.738
-106.144  141.884
-115.600  141.138
-116.400  132.243
-107.270  146.957
-111.643  146.349
-116.819  147.855
-106.793  140.840
 -97.888  142.379
-104.256  142.273
-102.296  135.009
 -99.068  147.850
-120.993  153.419
-103.212  162.848
 -94.046  145.324
-108.447  144.158
 -94.370  151.223
-105.671  144.167
-112.831  148.239
 -90.554  152.391
 -98.799  157.719
-109.940  142.037
-112.942  154.547
 -93.231  153.435
 -98.020  147.640
-115.944  146.319
-124.953  174.671
-116.979  119.094
-128.839  142.444
-102.598  151.794
-101.447  150.382
-109.697  160.137
 -91.267  144.329
-113.926  136.101
-120.960  160.778
-116.785  159.665
-105.882  147.683
 -99.087  161.774
 -97.658  153.244
-100.328  143.129
 -98.132  157.134
-114.150  153.108
-100.589  158.791
-104.011  152.775
 -95.153  152.836
 -99.241  136.138
-109.131  150.655
-103.442  152.660
-105.441  138.283
-108.826  164.999
 -79.553  140.438
 -93.054  146.781
 -97.923  158.951
-116.172  145.672
 -97.356  138.164
-103.143  144.858
-109.456  155.018
 -93.544  140.928
 -93.775  146.046
-118.007  153.343
-115.048  151.849
-100.743  146.726
 -97.989  146.923
 -95.678  156.375
 -89.456  145.031
-127.782  156.197
-106.194  160.057
-121.722  149.432
-113.584  141.886
 -98.026  145.553
-124.885  152.317
-110.112  147.697
-107.360  143.516
 -96.840  144.600
 -97.032  162.010
-103.049  147.004
-112.702  144.965
-101.297  138.795
-133.053  150.959
-118.454  154.507
-115.553  146.237
-107.759  152.440
-106.322  149.507
 -98.601  149.199
-115.213  150.302
 -97.223  152.414
-122.730  149.826
-116.033  141.429
-105.325  138.467
 -97.561  158.417
-100.161  149.252
-114.125  152.988
-102.547  153.781
 -91.346  142.328
-101.513  148.305
-106.307  153.239
-109.291  152.782
-114.605  158.925
 -89.693  133.274
-103.273  160.003
 -87.775  146.543
 -98.138  156.735
-101.367  150.163
-105.512  156.501
 -98.916  151.491
 -95.952  133.952
 -97.699  144.318
-100.336  147.174
-108.970  151.171
-104.394  154.361
-105.185  157.387
-108.288  150.911
-105.372  152.717
-107.553  156.979
 -93.761  146.755
 -94.876  163.389
 -95.075  157.965
-113.540  153.964
-102.863  156.003
-104.589  139.277
-106.369  156.550
-107.388  146.031
-115.136  157.168
-103.633  143.991
 -87.289  147.089
-100.402  153.040
 -85.871  160.072
-104.629  157.481
-102.309  152.579
 -94.892  150.107
-103.718  146.287
-106.876  142.813
-119.713  150.390
-106.296  148.737
-116.979  152.586
-113.419  144.775
-117.288  155.369
-107.076  155.394
 -93.168  146.788
 -95.477  138.929
 -83.138  157.598
-102.355  137.790
-105.853  154.316
-109.077  163.122
 -91.486  157.914
-100.814  153.801
-108.322  153.750
 -96.159  145.024
-112.526  157.566
 -87.679  160.790
 -91.364  138.415
 -94.720  147.716
-118.110  143.793
-100.991  161.027
-103.060  157.286
 -99.514  155.845
-108.888  147.873
-122.421  149.621
 -88.138  143.425
-107.158  156.428
-112.608  139.341
-103.990  152.901
 -98.935  151.185
-109.696  162.500
 -97.932  144.599
-105.478  148.382
 -95.648  145.055
-100.360  154.558
-102.903  158.490
 -85.962  148.592
-104.853  157.171
-111.478  143.992
-105.418  153.758
-101.859  137.261
-107.769  147.595
-109.788  162.654
-101.732  155.495
 -91.583  146.260
 -96.319  144.014
 -87.503  154.047
-103.183  147.838
-104.821  143.383
-103.613  151.959
 -92.051  142.772
-102.006  135.763
-103.441  152.338
-107.923  160.829
-108.348  151.406
-124.572  148.090
-100.138  154.667
-101.705  157.462
-103.551  143.953
-118.919  153.350
-119.661  150.549
-108.729  150.985
-105.455  140.752
-100.111  131.508
 -96.605  147.981
-111.210  152.724
-111.063  149.213
-100.030  142.489
 -92.588  142.202
-110.977  152.795
 -97.978  141.777
-100.071  151.920
-101.064  130.887
-110.897  148.380
 -95.456  163.343
 -88.342  149.048
-103.221  142.664
-113.420  149.955
 -97.587  145.566
-110.040  141.845
-107.210  148.891
-100.220  128.851
-104.129  144.144
-101.918  144.490
-119.906  156.855
 -97.800  156.235
 -98.998  150.620
 -96.190  155.506
-114.561  132.785
-121.606  147.571
-102.110  154.304
 -97.968  156.016
-110.654  151.296
-109.988  146.232
-119.945  148.901
-108.453  150.198
 -98.459  139.976
 -98.663  136.926
 -95.291  150.688
-116.132  164.349
-107.463  148.497
 -89.520  150.836
 -92.203  156.881
-111.107  155.645
-115.486  141.713
-115.218  144.290
 -90.651  153.190
-117.503  144.021
-103.345  142.722
-129.810  141.034
-109.907  149.604
-105.935  149.030
-106.733  140.212
 -94.345  160.711
 -85.596  145.367
-100.430  152.888
-108.722  146.793
-111.650  154.738
 -94.568  147.342
-109.005  147.022
 -90.117  152.489
 -97.974  150.508
 -92.775  162.293
-113.720  151.846
-104.719  154.768
-103.408  146.925
-103.106  152.017
 -96.733  160.832
 -86.739  161.040
-118.174  148.022
 -98.676  144.564
 -99.545  164.742
-116.499  155.240
-124.363  163.508
-117.527  147.509
-111.882  138.803
-126.955  134.925
-108.160  150.740
-105.464  149.879
-110.236  162.500
 -92.413  150.611
-121.363  156.653
 -90.449  150.396
-115.431  141.647
-117.693  152.785
 -99.654  160.468
 -91.665  145.287
 -99.746  135.614
-105.982  156.543
-104.809  141.458
 -91.695  165.532
-106.537  148.812
-110.290  151.615
 -91.634  156.864
-102.452  142.093
 -95.101  151.461
 -99.301  151.342
-117.107  166.397
-102.078  142.790
 -90.405  152.340
-112.268  148.530
-111.414  152.328
 -93.804  154.608
-115.538  154.103
 -84.721  138.545
 -99.802  150.301
-115.734  160.928
-103.620  155.756
-121.890  146.938
-114.570  156.344
 -97.823  145.134
 -99.776  163.368
 -93.496  159.786
 -92.179  137.784
-101.673  156.011
 -83.934  156.924
-113.576  166.310
 -98.899  148.023
-120.657  145.640
-101.754  159.715
-123.503  141.507
-109.218  139.726
-124.679  139.677
-105.189  145.808
 -93.100  151.454
 -97.063  165.429
-104.297  133.238
-104.366  148.236
-109.336  139.177
-102.224  135.185
-107.835  163.155
-108.970  151.921
-119.637  139.273
-128.741  154.578
-107.874  132.714
-103.576  142.350
-132.599  135.126
 -97.965  154.858
-105.747  154.252
 -97.640  151.163
-115.937  155.494
-111.470  150.318
-114.228  159.956
-109.192  156.488
-106.637  139.781
 -93.461  150.397
 -88.490  155.064
-102.629  153.798
-104.541  144.710
 -96.048  153.590
 -99.980  153.260
-110.128  151.927
-100.410  159.810
-114.150  167.679
 -98.233  142.552
 -92.180  154.516
 -98.440  146.483
 -92.779  159.559
-114.304  153.863
-107.309  146.481
 -99.774  148.931
-109.296  148.283
-106.152  144.356
 -89.732  143.846
-103.206  137.523
-102.303  153.759
-108.970  152.884
 -99.291  150.221
 -97.141  150.378
-108.941  159.152
 -99.244  159.090
 -95.690  148.987
-108.388  158.331
 -94.143  147.806
-124.563  146.744
-108.898  151.494
-109.560  145.224
-103.836  153.787
-116.734  143.743
-109.364  159.448
-115.710  147.207
-111.040  157.045
 -96.421  154.261
-105.159  140.426
-103.892  146.883
-105.052  154.027
 -96.874  156.169
-118.190  153.618
-110.592  148.589
 -99.428  148.602
 -92.918  153.162
 -98.763  151.959
-107.728  173.243
-107.863  138.062
-113.458  140.282
-106.398  153.823
 -93.337  139.218
-114.160  146.011
-108.870  154.902
-110.744  154.685
-117.672  153.290
-107.445  135.091
-100.569  149.525
-114.851  145.256
-102.401  142.153
 -99.831  143.933
-121.472  136.229
 -88.749  153.439
 -99.779  147.950
 -95.179  156.538
 -94.234  145.758
-130.424  147.086
 -96.007  147.913
-103.161  148.383
 -95.373  140.356
-114.179  151.300
-101.302  157.476
-104.713  156.485
-108.922  142.544
-102.410  147.060
-106.084  147.724
-110.188  151.975
-107.022  158.112
 -98.889  159.161
-126.705  165.172
-113.102  146.340
-113.545  142.483
 -98.767  149.632
 -97.511  149.602
 -98.237  137.715
 -84.982  159.324
 -90.036  146.374
 -93.846  149.191
 -98.296  145.569
-100.446  153.079
-121.260  149.277
-111.474  137.780
 -99.703  157.554
 -95.774  142.229
 -96.070  149.796
-111.495  143.045
-111.420  157.469
-118.832  142.610
-111.421  160.920
 -91.586  143.172
-101.487  156.150
 -93.521  145.621
 -86.707  145.279
-101.150  153.462
-120.199  147.207
 -95.286  149.244
-107.343  156.581
-107.070  149.005
 -96.409  145.642
-113.886  139.340
-106.663  152.336
 -95.823  164.032
-118.735  152.259
-103.174  149.954
-108.319  159.434
-107.894  154.077
 -98.820  151.470
 -97.787  142.340
-118.930  143.598
-104.761  160.191
-103.127  150.667
-101.655  149.217
-106.486  155.268
-110.919  154.920
-106.759  152.293
-103.493  153.776
 -98.401  144.809
 -95.637  156.118
 -93.624  132.709
-121.951  161.614
-105.781  161.971
 -92.752  149.342
 -97.163  142.433
 -97.207  145.936
-100.186  144.002
-110.823  144.205
 -98.006  149.199
 -95.556  132.220
-106.202  156.011
 -96.951  141.112
 -99.588  159.512
 -90.288  138.213
 -94.761  143.244
-106.010  142.397
 -95.983  154.852
-108.914  149.608
-110.454  155.550
 -98.544  153.582
 -98.473  139.936
 -91.711  159.492
-103.650  152.132
-102.893  143.626
-117.680  150.823
 -94.311  151.999
-106.644  151.959
 -99.764  142.255
-110.882  151.464
-140.539  151.028
-132.077  150.106
-110.360  144.834
-115.407  140.349
-107.683  144.662
-107.167  151.519
-105.161  149.210
 -99.068  160.110
-118.282  143.213
-102.259  144.242
 -94.500  127.853
 -89.642  153.984
-117.933  143.156
-110.235  148.568
-105.199  165.681
 -89.868  150.071
 -98.980  146.971
-113.783  153.357
 -94.055  154.435
 -92.373  143.722
-107.063  164.610
 -95.832  143.817
 -98.045  146.631
-101.749  152.481
 -95.234  162.213
-104.150  154.163
 -95.963  147.435
-102.064  150.728
-110.278  158.493
 -94.811  156.061
 -93.447  138.725
-116.110  141.312
 -97.945  137.293
 -92.126  150.424
-123.224  159.551
-114.907  135.883
-100.687  143.991
-100.400  150.915
 -97.078  157.184
-119.967  143.527
-101.831  149.325
 -98.787  153.206
-100.076  147.260
-131.555  152.216
-108.091  150.505
 -92.119  142.153
-100.520  148.220
 -95.449  153.861
-120.062  140.681
-110.635  162.468
-100.257  141.565
-109.589  148.884
-113.475  145.716
-109.740  149.764
-110.323  139.655
-119.514  150.857
 -83.775  148.286
 -84.386  158.835
-124.792  150.082
 -97.159  158.648
-125.179  140.098
 -97.133  151.091
-105.039  159.293
-118.902  139.500
-119.291  150.756
 -91.753  141.838
-108.214  150.761
