  96.644  131.312
  91.730  140.519
  94.909  154.114
  86.121  144.574
  92.594  149.465
  94.347  122.064
  87.104  133.183
  90.221  145.152
  81.969  129.177
  95.638  148.664
  85.962  132.054
  86.262  133.291
  79.104  138.729
  82.929  134.923
  91.703  129.232
  85.111  135.873
  94.863  140.198
  85.687  124.943
  81.431  132.903
  79.783  124.056
  82.245  132.680
 105.900  137.337
  86.692  140.610
  89.436  130.445
  78.549  141.641
  94.530  136.304
  93.227  121.130
  86.544  130.816
  94.575  140.440
  88.564  135.147
  93.238  145.753
  83.727  146.728
  86.407  137.469
  91.158  141.647
  93.001  145.216
  75.470  133.354
  88.610  141.273
  87.126  133.533
  77.599  129.221
  95.948  137.520
  88.452  123.106
  92.921  140.718
  85.719  132.833
  97.064  129.749
  82.980  132.456
  86.131  133.078
  82.274  132.613
  95.414  131.397
  89.184  136.969
  89.614  145.312
  93.656  141.082
  87.308  120.390
  85.937  138.562
  80.013  124.858
  94.761  132.624
  83.264  145.289
  84.907  131.757
  86.390  126.296
  78.131  126.630
  76.739  145.171
  79.975  144.571
  83.175  135.870
  90.888  143.979
  86.578  141.845
  93.625  135.450
  89.268  124.847
 110.191  136.720
  92.964  135.747
  97.534  141.511
  92.304  133.362
  74.905  140.626
  86.377  130.013
  90.948  135.040
  92.141  132.913
  89.807  130.036
  98.060  128.805
  94.610  121.405
  80.408  142.446
  86.876  144.359
  79.160  140.427
  72.583  134.887
  88.258  128.131
  88.198  118.025
  86.043  140.785
  77.862  141.084
  81.499  134.075
  89.684  141.433
  90.281  141.639
  88.289  136.962
  87.700  125.741
  83.183  129.058
  90.606  139.033
  95.248  138.027
  93.550  138.547
  84.948  138.373
  92.391  133.319
  79.857  120.365
  79.828  130.746
  76.676  129.600
  89.484  123.039
  85.983  139.894
  89.878  112.758
  82.796  132.210
  82.647  136.863
  87.910  140.604
  76.671  135.657
  86.278  134.554
  90.051  139.216
  86.004  144.620
  82.488  141.836
  85.333  138.275
  81.810  131.024
  77.823  141.406
  91.037  136.113
  78.477  136.349
  82.025  136.820
  90.763  134.211
  90.449  135.127
 106.591  115.016
 100.280  130.993
  82.241  134.221
  89.419  144.683
  85.817  137.330
  87.056  140.140
  90.418  143.509
  90.891  134.765
  81.506  121.946
  82.565  137.200
  88.678  148.733
  97.424  127.488
  94.947  140.504
  90.514  146.776
 100.098  140.278
  87.943  128.422
  87.604  141.141
  92.159  117.771
  89.061  147.194
  92.823  138.458
  92.392  136.846
  85.354  143.437
  88.736  118.156
  79.697  130.381
  94.959  131.889
  92.414  133.055
  79.509  140.720
  96.571  135.074
  97.723  136.389
  93.443  122.592
  86.183  132.447
  89.319  149.277
  87.811  128.116
  93.081  128.784
  94.582  131.795
  93.503  134.604
  83.386  145.066
  81.857  123.645
  81.360  120.995
  92.623  138.388
  82.840  147.667
  69.095  135.681
  93.469  132.820
  89.967  147.114
  93.736  146.716
  93.738  144.340
  86.661  146.360
  83.842  139.955
  98.423  126.811
  88.751  126.088
  79.849  126.377
  87.927  138.501
  92.494  120.952
  89.782  138.226
  78.862  129.352
  80.706  136.247
  94.116  136.570
  95.336  142.877
  76.328  110.548
  88.132  134.071
  80.688  128.059
  91.958  122.258
  78.497  128.613
  85.913  123.221
  90.133  125.996
  83.078  125.269
  94.453  133.758
  88.120  126.196
  99.753  146.810
  85.295  134.678
  80.394  138.170
  87.314  138.241
  84.638  140.561
  91.409  140.658
  97.103  127.057
  88.031  129.076
  88.500  141.406
  88.189  126.220
  81.509  141.829
  88.132  143.042
  81.711  137.674
  83.003  141.891
  83.601  136.819
  84.037  125.866
  98.194  132.133
  91.378  113.728
  88.837  137.500
  93.025  141.016
  87.416  138.857
  94.676  120.062
  89.800  143.448
 101.884  147.611
  92.858  136.617
  87.648  132.570
  77.566  134.634
  80.271  125.722
 100.492  136.826
  95.782  125.590
  88.472  135.648
  76.830  150.648
  91.876  136.213
  85.601  134.150
  85.852  140.386
  80.322  140.111
  83.854  137.557
  77.341  137.994
  93.041  131.758
  85.222  140.254
  88.633  134.648
  86.440  143.062
  89.717  129.910
  77.088  143.863
  79.755  127.295
  90.391  138.080
  84.140  125.517
  78.408  120.367
  86.717  144.332
  85.450  133.385
  81.266  136.866
  90.040  135.265
  83.239  148.902
 100.046  145.338
  76.453  132.600
  82.507  125.495
  87.962  144.053
  87.052  136.097
  85.288  131.307
  90.544  139.441
  97.865  141.910
  90.294  135.181
  76.666  142.120
  95.699  135.250
  89.553  131.658
  93.690  137.126
  91.875  142.187
  83.658  142.585
  94.515  133.589
  78.979  138.354
  77.068  144.367
  87.412  126.710
  94.120  134.064
  84.130  141.277
  82.884  132.208
  81.866  137.322
  84.895  142.698
  88.590  125.532
  93.002  129.436
  90.550  136.917
  84.628  139.853
  84.300  138.494
  95.095  139.526
  78.206  142.792
  93.266  135.676
 103.158  136.357
  94.599  145.434
  89.650  134.247
  83.594  130.343
  98.827  125.873
  92.835  144.155
  87.159  147.338
  84.395  141.508
  96.419  135.118
  91.354  132.555
  72.582  127.256
  94.283  133.555
  88.267  144.246
  88.677  134.496
  85.504  122.328
  88.936  149.725
  84.745  147.153
  86.418  129.646
  91.998  135.735
  88.725  136.236
  95.377  128.890
  92.239  134.963
  84.395  128.990
  94.480  151.175
  83.705  129.274
  87.065  134.768
  88.021  137.229
  85.619  142.913
  94.195  123.388
  87.934  129.731
  81.617  120.370
  89.009  137.549
  86.863  132.434
  91.434  141.507
  91.760  131.636
  87.045  137.953
  91.945  134.078
  98.016  135.884
  86.833  134.962
  85.375  133.228
  87.990  138.723
  84.675  124.381
  89.320  140.644
  84.755  122.121
  87.432  125.809
  99.295  153.082
  89.260  119.852
  90.316  135.915
  85.624  128.355
  76.785  130.528
  80.435  139.143
  91.427  132.732
  86.838  148.635
  99.125  134.585
  83.972  142.129
  84.689  131.818
  87.274  133.805
  92.912  142.208
  92.594  138.371
  86.695  135.442
  94.355  135.582
  86.309  146.206
  75.601  135.085
  88.478  121.700
  89.567  139.918
  85.470  125.083
  83.480  141.066
  88.855  130.819
  77.254  118.428
  90.964  129.201
  85.462  134.067
  85.729  139.075
  80.231  146.063
  89.312  130.245
  85.883  130.094
  90.597  148.308
  85.834  143.884
  97.606  140.594
  93.249  135.018
  93.519  147.080
  91.407  148.222
 104.583  146.651
  85.846  146.500
  89.435  128.034
  92.804  129.153
  88.868  132.969
  85.363  125.572
  97.483  124.748
  88.017  131.936
  77.732  141.128
  84.535  136.360
  83.071  152.703
  84.184  153.493
  81.713  141.853
  84.480  144.501
  82.062  119.708
  95.272  148.307
  89.359  137.494
  98.083  135.167
  92.794  120.523
  90.520  138.472
  85.780  129.439
  85.053  147.677
  82.820  122.777
  89.599  133.892
  94.784  136.702
  91.575  128.777
  84.373  140.056
  94.026  128.677
  93.324  118.614
  98.283  124.065
  87.344  131.908
  83.773  139.453
  91.243  130.146
  91.041  127.977
  89.514  130.040
  89.323  118.641
  83.004  139.033
  80.344  111.741
  94.423  132.920
  88.623  142.295
  81.984  129.351
  91.099  131.827
  87.767  135.666
  86.667  136.584
  84.288  138.415
  87.121  145.694
  89.818  137.656
  98.693  140.175
  85.408  147.007
  82.943  143.922
  86.679  132.438
  87.632  136.342
  78.991  141.210
  78.384  142.259
  84.212  133.501
  98.906  125.904
  97.311  133.446
  79.448  134.669
  86.662  137.495
  88.681  139.443
  99.186  143.081
  84.877  149.698
  97.789  135.830
  97.778  133.006
 102.126  127.196
  89.130  141.162
  86.828  124.467
  89.574  134.360
  94.395  142.406
  82.510  135.585
  83.710  122.782
  85.583  136.317
  96.735  138.132
  89.922  141.488
  85.640  131.112
  95.795  144.159
  87.837  121.728
  93.869  139.865
  96.936  137.153
  89.005  143.617
  87.752  138.808
  79.662  131.242
  89.099  134.431
  90.908  145.201
  78.950  124.170
  79.853  131.452
  94.826  138.577
  87.680  125.324
  91.046  142.959
  86.290  139.356
  95.951  133.502
  78.633  140.762
  91.174  142.796
  83.785  137.099
  87.223  140.684
  97.490  136.331
  96.840  136.329
  84.418  129.834
  89.222  116.397
  91.743  136.556
  84.875  140.467
  89.036  136.412
  88.272  140.396
 100.848  129.296
  85.269  150.473
  91.465  141.924
  79.622  151.330
  83.138  135.631
  86.663  135.046
  81.249  139.777
  90.301  135.095
  81.500  126.467
  89.182  133.074
  99.503  132.538
  84.610  143.941
  93.364  133.997
  89.768  142.111
  89.240  127.333
  83.634  135.913
  87.531  129.775
  97.703  138.785
  89.253  138.871
  83.037  131.691
  84.272  141.712
  98.359  128.447
  86.500  142.309
  80.984  135.085
 101.202  132.412
  89.884  140.469
  86.405  118.649
  91.888  145.024
  73.586  145.414
  80.600  141.412
  92.953  117.189
  81.730  131.985
  85.818  136.597
  86.242  135.983
  90.234  128.581
  88.877  134.564
  86.022  142.922
  92.274  136.942
  81.248  135.983
  90.075  130.110
  94.805  132.209
  99.176  127.205
  96.023  146.362
  80.458  134.656
  89.715  144.533
  90.658  141.783
  85.721  135.728
  91.850  116.875
  88.556  118.140
  85.800  138.982
  83.799  125.075
  90.041  125.233
  93.273  139.234
  91.900  121.511
  78.347  127.499
  95.297  150.238
  84.772  137.343
  90.939  146.940
  78.581  135.367
  74.691  128.131
  93.923  129.089
  88.677  135.972
  85.376  143.444
  94.543  135.683
  82.780  141.015
  94.041  149.011
  90.824  139.864
  90.353  135.564
  90.838  135.318
 101.545  124.693
  90.248  135.248
  91.077  148.007
  85.659  139.316
  81.924  136.227
  92.196  134.996
  90.206  129.621
  87.035  134.245
  87.971  155.659
  89.379  133.231
  93.434  139.101
  83.029  136.754
  83.941  129.431
  93.151  142.391
  87.310  146.609
  87.949  146.719
  90.856  136.238
  93.915  133.448
  85.535  127.931
  85.609  146.000
  95.529  140.444
  84.465  123.691
  81.091  149.451
  82.440  141.665
  88.121  134.143
  93.326  129.075
  93.253  128.858
  83.467  143.328
  90.689  137.705
  86.745  140.539
  91.004  146.374
  89.349  124.585
  90.541  126.653
  87.981  146.501
  79.534  141.637
  92.092  135.554
  91.834  138.457
  91.904  130.519
  85.581  146.267
  77.217  134.702
  98.275  133.539
  92.594  125.332
  89.100  134.056
  95.221  124.310
  88.163  125.348
  95.407  128.109
  89.403  148.268
  88.137  129.894
  87.418  142.213
  86.455  144.989
  94.104  135.340
  82.899  125.451
  83.079  128.568
  89.141  119.565
  79.573  142.923
  84.508  134.871
  81.822  135.132
  88.090  133.811
  96.212  122.467
  82.879  137.015
  85.232  142.206
  89.213  147.778
  84.294  127.809
  80.808  138.910
  76.864  137.255
  79.099  130.789
  84.597  140.458
  99.096  108.732
  85.451  139.929
  85.179  146.009
  87.644  137.677
  83.437  146.085
  77.978  138.717
  89.516  131.842
  85.814  138.658
  81.164  135.485
  73.607  135.315
  83.447  125.191
 100.424  130.114
  89.264  133.427
  79.553  117.698
  91.386  140.691
  88.253  136.061
 100.719  142.466
  77.025  138.087
  84.857  122.828
  76.177  140.841
  83.242  132.262
  78.516  146.413
  94.830  136.045
  86.814  142.858
  90.546  138.458
 101.563  142.552
  92.293  142.064
 105.350  150.588
  96.285  142.234
  85.466  129.868
  88.911  138.916
  87.409  128.827
  81.525  156.042
  75.315  134.386
  78.723  143.654
  91.458  127.021
  97.013  126.901
  81.972  150.615
  90.976  124.727
  86.547  137.893
  93.944  140.399
  98.025  137.251
  82.661  116.238
  93.149  133.689
  95.935  146.096
  91.714  122.960
  97.377  133.628
  78.838  124.207
  86.467  124.835
  91.016  127.573
  85.499  126.177
  86.968  133.773
  91.245  132.691
  86.908  127.190
  81.902  136.918
  92.673  135.001
  91.897  115.655
  94.356  117.573
  84.984  139.791
  79.725  139.633
  91.705  128.637
  90.716  131.561
  94.989  134.133
  83.185  115.813
  87.913  128.442
  83.450  145.662
  89.432  146.017
  82.065  138.543
  82.313  111.565
  74.522  128.636
  97.115  138.118
  82.977  150.779
  84.015  119.720
  94.458  131.479
  90.110  129.365
  84.150  143.113
  81.617  133.968
  90.255  134.796
  88.450  128.915
  87.889  147.328
  78.164  129.752
  96.213  144.816
  98.192  132.241
  93.266  128.745
  93.926  132.879
  90.677  135.339
  88.795  137.590
  87.774  129.607
  92.995  137.760
  93.286  138.112
  82.287  153.174
  82.065  144.866
  80.600  153.256
  85.714  116.862
  87.965  149.756
  89.886  128.571
  77.258  132.733
  91.676  146.722
  95.675  142.992
  75.648  136.158
  91.959  125.039
  88.207  138.012
  93.953  124.002
  96.722  144.539
  84.925  133.922
  88.891  126.743
  91.773  133.278
  90.636  131.790
  83.543  137.267
  77.928  136.652
  87.374  145.627
  82.888  139.680
  90.066  122.113
  86.354  117.252
  89.409  127.575
  91.133  134.648
  91.723  142.175
  90.918  129.552
  95.376  128.009
  83.553  150.049
  84.150  139.788
 107.368  140.967
  87.995  132.473
  87.520  135.509
  99.299  129.645
  86.852  134.463
  71.221  148.217
  86.619  126.164
  77.751  149.055
  86.099  127.457
  91.684  129.630
  95.675  133.962
  82.990  140.215
 103.385  136.378
  88.919  126.585
  92.431  127.967
  92.211  144.669
  89.943  145.887
  96.606  138.505
  84.080  124.885
  83.221  142.644
  86.643  145.607
  90.663  135.737
  94.194  139.060
  85.232  157.433
  90.876  124.563
  91.471  129.447
  87.042  135.315
  95.704  140.845
  86.589  127.647
  83.076  142.496
  79.402  138.321
  88.220  110.348
  96.639  135.250
  91.249  137.665
  76.219  128.811
  98.229  124.713
  88.348  129.741
  92.589  118.474
  74.312  143.203
  89.840  137.987
  79.639  146.274
  89.123  136.492
  98.775  133.695
  77.241  146.773
  80.295  135.128
  84.763  129.965
  96.166  137.676
  83.349  136.831
  87.914  129.191
  83.437  124.648
  91.487  141.854
  89.195  117.287
  92.511  126.688
  81.655  129.726
  89.774  135.658
  91.674  134.932
  89.452  138.391
  95.583  132.383
  94.483  143.054
  87.582  129.388
  92.980  153.192
  89.551  124.657
  88.188  149.282
  94.753  138.776
  90.117  127.737
  91.280  119.069
  81.502  127.503
  93.710  141.029
  93.186  136.872
  85.631  148.112
  86.693  137.441
  90.921  135.441
  88.465  134.999
  85.565  137.478
  85.689  126.185
  87.942  135.387
  93.084  144.343
  71.559  133.510
  77.934  136.230
  88.342  139.946
  81.043  143.712
  83.334  127.774
  80.916  124.702
  90.262  123.247
  86.477  146.949
  82.751  140.277
  78.445  127.954
  87.441  133.167
  88.159  141.494
  81.852  150.677
  75.754  147.283
  88.284  118.196
  93.074  140.620
  93.566  133.373
  75.983  139.593
  95.669  137.805
  86.340  129.410
  80.560  130.872
  91.463  134.725
  95.117  120.019
  88.567  137.842
  94.952  120.024
  80.003  129.776
  88.000  137.794
  82.181  135.616
  84.949  130.744
  93.210  133.750
  94.470  131.048
  95.840  137.484
  90.355  140.987
  89.717  139.890
  67.861  124.343
  88.955  130.441
  91.691  138.321
  82.068  133.973
  76.585  135.392
  87.071  137.979
  92.075  129.053
  88.113  133.061
  87.407  145.477
 103.753  146.432
  85.406  135.315
  90.315  146.419
  89.610  133.903
  88.487  141.966
  90.095  139.064
  83.312  142.499
  73.492  151.918
  81.021  142.876
  86.783  138.567
  93.620  113.679
  89.543  144.449
  97.511  132.081
  85.612  140.773
  86.223  143.147
  96.404  133.177
  97.403  137.948
  88.740  134.194
  85.317  139.698
  95.022  138.942
  91.567  133.824
  97.076  143.512
  87.832  131.973
  87.366  128.120
  85.412  137.159
  92.409  138.021
  87.180  132.172
  84.360  124.226
  93.093  137.193
  88.961  132.639
  93.571  131.368
  91.869  141.804
  78.953  148.154
  80.928  155.116
  85.979  126.863
  87.410  121.381
  81.852  132.949
  75.541  150.080
  81.469  134.186
  77.974  134.641
  79.808  130.288
  91.482  133.568
  87.094  138.753
  92.210  133.645
  82.168  139.696
  87.889  140.926
  91.826  129.660
  89.504  136.970
  89.594  151.498
  79.328  148.448
  83.192  123.399
  92.835  132.044
  98.899  138.115
  90.025  134.151
  86.071  131.059
  86.257  140.244
  83.953  129.818
  98.592  134.393
  90.216  132.689
  94.480  131.254
  82.320  150.987
  86.402  138.251
  83.324  142.257
  96.005  145.375
  89.329  130.726
  86.623  136.060
  83.533  143.693
  90.123  125.415
  88.111  141.603
  85.090  142.902
  85.376  142.397
  87.089  137.738
  82.739  132.432
  79.687  130.366
  83.361  145.360
  83.332  134.706
  81.728  133.520
  94.427  147.638
  91.042  147.026
  93.372  126.126
  84.526  129.014
  84.151  117.674
  86.702  143.491
  96.878  138.195
  84.041  133.179
  76.434  138.481
  87.383  138.629
  79.643  132.628
  84.811  128.866
  92.631  136.614
  92.251  135.423
  75.560  140.097
  94.261  139.476
  95.628  145.756
  80.560  137.414
  79.654  146.188
  83.425  128.300
  88.142  138.836
  92.202  136.146
  92.531  130.189
  72.367  136.723
  87.401  116.821
  96.032  146.794
  81.955  114.594
  92.394  126.114
  85.969  132.234
 103.072  130.935
  86.475  135.368
 106.532  149.304
  92.997  138.217
  88.402  135.919
  87.316  138.601
  89.350  136.107
  84.774  136.386
  80.668  132.908
  71.338  132.226
  76.282  132.726
  84.885  124.565
  88.734  149.257
  91.697  137.044
  79.704  137.347
  83.145  133.334
  92.952  137.222
  82.783  140.701
  84.877  139.638
  85.242  137.683
  84.915  140.431
  88.076  131.653
  92.942  136.767
  74.531  126.301
  98.518  137.528
  89.562  123.841
  86.555  133.166
 100.165  130.377
 101.764  127.892
  91.014  148.102
  80.339  151.553
  84.312  138.585
  95.818  135.289
  85.205  137.674
  85.893  125.901
  97.359  128.063
  94.931  138.367
  91.832  126.374
  80.188  142.637
  83.880  135.264
  71.342  153.726
  95.184  133.222
  83.082  134.489
  84.720  134.194
  93.457  138.352
  85.580  130.818
  89.505  142.482
  94.013  124.524
  86.326  140.744
  87.333  131.743
  81.857  134.594
  86.417  130.191
  91.721  142.753
  77.090  133.004
  94.765  131.478
  78.072  131.793
  96.390  129.323
  94.775  124.567
  88.090  141.640
  94.657  139.306
  88.035  134.733
  93.602  135.711
