-133.191  150.037
-142.271  153.895
-142.948  152.926
-148.942  154.944
-142.401  155.550
-139.737  143.526
-138.596  153.323
-134.150  139.559
-140.490  148.119
-140.166  145.871
-140.921  154.762
-135.716  148.138
-138.720  162.208
-117.286  149.936
-129.989  154.344
-119.288  156.440
-134.452  156.004
-114.363  136.024
-127.299  148.436
-137.901  151.215
-140.718  149.611
-129.682  140.881
-132.246  165.359
-135.438  140.383
-136.052  143.807
-123.559  151.205
-141.293  152.528
-131.967  147.339
-129.139  156.223
-128.034  145.699
-127.487  146.582
-137.102  141.551
-135.777  147.653
-137.438  164.298
-118.259  154.910
-146.765  162.402
-138.261  151.273
-116.674  139.143
-141.394  158.603
-133.168  144.552
-135.943  163.612
-131.943  156.387
-147.657  131.101
-132.189  151.967
-144.430  145.167
-125.978  151.667
-155.548  156.604
-145.589  157.974
-144.500  154.943
-120.270  150.107
-132.000  151.847
-150.398  154.128
-138.261  156.379
-118.434  151.140
-106.765  155.827
-137.921  154.623
-151.742  160.585
-134.565  147.371
-128.099  153.884
-133.172  157.357
-117.412  156.912
-137.819  162.847
-119.956  154.772
-139.605  156.082
-139.133  146.692
-134.523  144.781
-135.554  150.595
-137.293  161.787
-128.226  141.394
-130.516  146.745
-137.008  165.928
-132.334  152.151
-137.615  153.856
-144.038  146.308
-138.793  155.533
-125.609  152.007
-135.425  161.675
-134.758  144.549
-127.970  160.913
-141.949  145.600
-135.981  145.285
-124.805  148.050
-133.648  156.975
-123.677  144.707
-119.950  154.191
-127.439  163.215
-135.793  157.886
-143.029  156.156
-134.224  151.421
-134.382  154.823
-133.495  159.419
-142.548  145.566
-139.690  146.891
-128.779  151.273
-137.051  149.818
-121.284  148.312
-137.595  145.123
-133.392  144.258
-138.422  154.102
-134.208  144.422
-118.299  154.453
-126.681  154.727
-124.346  153.985
-140.709  159.810
-118.324  143.984
-141.456  142.854
-132.956  150.608
-134.530  160.520
-117.515  154.650
-130.992  158.242
-131.238  147.839
-131.306  147.047
-139.594  150.299
-107.314  153.759
-122.651  156.145
-136.767  153.629
-142.307  158.366
-113.850  160.897
-142.487  149.918
-121.976  161.544
-139.545  149.781
-136.066  141.201
-138.069  153.205
-119.000  154.605
-136.908  159.207
-125.174  154.907
-133.182  144.092
-133.537  156.268
-142.193  155.816
-127.987  154.868
-142.377  150.176
-127.079  148.231
-142.356  157.896
-132.898  160.893
-116.135  150.162
-136.529  142.769
-134.813  153.818
-137.908  154.433
-135.680  151.250
-127.636  156.893
-145.329  159.146
-137.492  157.177
-135.700  144.950
-145.902  165.048
-134.901  150.576
-112.966  154.902
-136.580  146.765
-116.580  151.374
-141.997  157.701
-135.639  148.313
-142.534  139.000
-133.505  157.387
-134.469  153.209
-127.931  152.692
-132.974  144.322
-142.754  153.441
-152.777  144.669
-141.336  158.009
-107.149  151.640
-136.516  153.691
-125.729  142.989
-125.000  158.034
-150.235  145.184
-131.136  145.769
-147.280  156.610
-119.623  146.227
-135.007  130.836
-144.976  148.687
-123.721  157.155
-146.264  146.688
-138.750  149.323
-121.132  148.191
-152.726  156.940
-147.604  137.277
-128.210  154.076
-112.221  145.702
-119.843  159.695
-144.848  155.104
 -99.568  139.269
-132.854  157.582
-141.248  137.756
-128.150  150.458
-130.851  145.779
-123.311  160.527
-138.902  152.126
-132.019  163.151
-126.894  144.651
-145.180  144.223
-137.558  144.171
-148.053  164.136
-118.112  161.047
-129.516  144.357
-143.967  151.434
-129.194  160.345
-130.866  158.534
-134.130  153.967
-136.162  147.465
-137.168  162.363
-145.443  145.261
-120.268  153.587
-140.486  152.304
-138.811  153.851
-133.067  152.627
-143.114  143.121
-123.709  135.689
-126.445  151.404
-150.737  161.087
-133.683  151.644
-138.023  145.799
-123.296  143.798
-127.969  150.969
-124.441  151.107
-142.040  149.855
-150.634  155.567
-125.227  155.396
-141.591  149.450
-136.091  156.597
-142.732  172.247
-118.654  148.479
-113.870  155.646
-139.311  141.938
-132.687  153.933
-140.856  153.187
-133.950  144.327
-142.882  161.555
-130.115  154.367
-139.451  146.885
-112.551  160.587
-140.338  158.707
-135.802  146.033
-144.932  151.529
-132.578  165.244
-123.048  151.063
-123.159  158.778
-131.945  145.338
-143.912  149.658
-136.539  148.415
-136.336  145.763
-134.412  155.544
-146.546  155.634
-129.843  145.813
-134.751  142.424
-128.226  144.683
-144.482  153.432
-131.263  141.499
-150.859  145.753
-142.218  139.989
-133.545  157.604
-149.411  137.869
-139.441  157.088
-125.080  154.404
-137.144  155.683
-138.966  160.802
-149.339  150.861
-143.345  147.073
-143.522  163.224
-133.039  154.632
-127.082  154.463
-135.826  155.375
-135.463  140.975
-127.351  154.474
-121.795  147.599
-106.482  157.793
-125.231  150.376
-130.641  149.126
-119.707  155.020
-127.347  145.916
-136.568  153.059
-137.253  128.306
-139.008  157.082
-143.220  149.339
-138.536  148.553
-143.383  154.891
-127.219  155.062
-141.857  150.559
-142.689  151.538
-144.850  162.833
-135.377  140.932
-136.922  151.376
-147.746  166.478
-139.379  151.697
-139.867  152.632
-134.676  152.557
-154.829  139.067
-126.087  143.834
-131.501  147.684
-103.726  154.322
-145.321  145.041
-149.398  154.087
-145.874  138.072
-149.766  142.711
-139.985  147.344
-125.549  147.703
-149.162  140.744
-142.079  155.615
-127.816  148.752
-141.270  156.969
-135.201  142.892
-124.252  153.933
-138.627  150.785
-138.543  143.786
-147.679  137.469
-144.062  153.755
-125.813  151.128
-146.856  162.842
-137.449  163.935
-124.892  151.619
-125.282  155.167
-136.678  148.328
-114.598  149.605
-142.073  153.765
-129.279  144.393
-143.941  162.584
-131.827  162.387
-140.143  151.272
-140.545  155.026
-144.976  147.277
-143.770  155.569
-138.403  151.986
-132.545  161.279
-126.539  147.395
-128.278  142.135
-138.777  156.983
-145.271  139.547
-129.402  146.974
-133.009  156.759
-134.915  164.452
-135.679  158.800
-114.398  160.603
-143.673  154.433
-133.749  151.613
-143.988  153.644
-140.278  148.141
-128.186  153.592
-139.391  135.848
-145.935  157.007
-136.052  152.762
-128.188  149.565
-132.214  153.312
-143.395  143.246
-122.017  149.004
-136.809  147.048
-137.273  153.809
-131.270  152.832
-128.579  153.027
-135.060  144.212
-140.168  143.937
-135.371  144.228
-141.516  153.221
-147.053  148.992
-133.097  150.645
-120.432  152.493
-128.660  155.891
-139.940  157.209
-143.948  148.029
-152.461  139.124
-134.925  150.663
-147.582  149.545
-128.371  158.288
-134.117  148.231
-136.221  153.737
-142.352  148.149
-125.788  162.017
-129.172  155.684
-138.943  143.493
-139.849  148.714
-130.242  152.751
-135.633  154.568
-143.276  154.947
-134.274  148.665
-147.327  150.720
-135.086  153.705
-136.159  156.761
-128.426  147.426
-131.040  150.755
-131.040  164.424
-139.181  141.737
-117.268  160.471
-145.224  151.748
-128.199  157.441
-127.504  151.706
-139.355  133.151
-135.117  146.355
-145.779  160.619
-143.926  153.165
-140.077  154.821
-132.528  149.592
-112.541  164.565
-140.341  145.138
-149.594  141.689
-148.476  153.509
-139.693  150.449
-140.163  156.036
-137.179  171.050
-115.051  145.918
-121.278  152.332
-115.934  153.622
-122.021  153.303
-146.969  155.853
-131.934  160.200
-122.152  152.544
-148.779  161.112
-130.411  150.020
-137.983  153.440
-152.987  139.647
-126.024  154.806
-126.757  150.998
-106.824  153.374
-115.245  154.604
-131.493  148.723
-137.751  153.094
-126.521  155.483
-144.060  159.425
-129.925  141.492
-118.787  141.695
-131.322  160.452
-129.967  135.480
-130.117  146.632
-147.068  150.602
-125.423  144.458
-131.553  149.048
-149.502  148.048
-131.739  159.468
-150.858  145.605
-124.865  147.901
-138.640  162.533
-143.740  155.322
-129.722  145.321
-142.797  157.240
-134.083  155.639
-141.282  150.431
-136.821  155.234
-128.908  149.870
-125.362  161.455
-148.797  155.240
-135.541  138.415
-132.261  151.421
-148.298  161.062
-139.843  159.775
-126.824  156.215
-134.739  158.495
-131.909  151.286
-137.976  141.204
-151.484  145.725
-143.662  154.525
-126.196  154.117
-142.100  146.392
-119.961  143.083
-132.938  158.169
-152.822  154.810
-140.733  147.975
-117.904  139.571
-113.702  159.408
-131.375  147.001
-133.116  149.857
-147.938  156.284
-127.747  160.488
-144.477  154.874
-130.898  148.886
-126.233  142.869
-137.655  158.571
-136.487  154.234
-143.985  150.365
-139.289  151.230
-132.890  155.181
-131.661  147.302
-126.837  148.592
-145.817  151.269
-134.457  143.760
-124.169  159.822
-144.142  162.874
-127.544  133.712
-135.284  146.961
-132.875  152.559
-137.236  148.261
-118.655  154.635
-121.197  147.946
-120.909  156.421
-142.944  149.049
-136.412  141.116
-124.319  151.242
-125.230  146.917
-127.919  159.851
-134.966  156.387
-127.870  158.405
-142.457  155.328
-126.502  154.892
-116.803  149.767
-135.782  154.679
-120.994  155.183
-139.387  156.004
-127.067  155.781
-138.396  146.652
-135.543  151.128
-128.972  144.222
-142.728  141.871
-134.290  158.253
-134.364  141.167
-138.662  161.271
-128.211  151.642
-119.569  156.627
-135.661  143.387
-128.595  155.787
-138.974  145.012
-134.813  147.046
-128.874  143.681
-146.573  152.316
-138.098  168.261
-149.731  145.778
-136.743  150.051
-118.137  175.632
-122.191  154.280
-140.179  144.238
-143.917  157.318
-150.986  150.157
-136.249  145.789
-139.580  147.099
-139.964  149.769
-142.802  152.690
-138.024  149.985
-137.036  141.118
-140.813  166.335
-149.306  158.053
-144.316  153.800
-137.033  156.139
-135.770  155.855
-146.388  142.214
-133.370  148.310
-158.765  167.783
-140.028  136.171
-118.192  140.385
-125.688  162.106
-127.686  151.401
-149.685  166.729
-144.496  150.583
-112.706  150.003
-137.019  144.305
-137.002  157.846
-141.098  147.852
-135.909  156.454
-131.481  161.781
-138.646  143.216
-137.365  149.833
-129.163  141.767
-145.284  141.774
-146.965  139.646
-135.615  167.194
-146.075  158.966
-106.041  148.141
-140.852  148.819
-141.127  156.341
-117.174  150.467
-118.829  141.086
-125.274  159.307
-127.237  156.196
-137.105  158.009
-149.598  142.913
-132.873  143.285
-135.464  162.780
-129.896  143.929
-138.890  159.538
-125.663  153.327
-128.294  155.373
-121.192  161.344
-133.659  162.707
-120.189  154.299
-117.272  153.060
-139.906  151.973
-138.114  149.058
-148.521  147.010
-138.109  151.157
-145.487  152.825
-132.575  158.300
-128.955  159.147
-133.434  156.721
-130.506  146.923
-145.532  151.799
-137.543  144.851
-122.474  147.725
-137.316  147.675
-129.407  149.088
-128.287  157.981
-140.643  151.940
-140.820  150.565
-140.346  153.831
-145.692  150.273
-136.489  151.216
-130.577  155.327
-143.660  159.539
-134.635  143.343
-124.216  152.745
-127.727  160.865
-149.858  149.834
-141.819  164.080
-134.167  150.408
-143.616  159.541
-140.667  151.421
-137.665  156.728
-129.343  152.906
-136.063  160.596
-127.187  160.538
-139.003  150.616
-145.782  154.954
-141.658  146.876
-143.941  151.490
-140.677  145.032
-127.404  142.706
-133.317  146.839
-143.213  142.983
-128.626  163.851
-133.242  150.111
-141.309  161.654
-142.178  150.241
-127.076  170.481
-137.949  142.219
-135.011  154.142
-123.284  154.798
-139.373  153.535
-139.441  151.542
-141.057  160.061
-134.195  142.380
-141.420  154.021
-129.749  157.536
-125.592  148.120
-143.464  154.686
-147.109  142.974
-100.418  138.461
-143.377  150.732
-138.224  146.252
-138.754  152.170
-118.111  144.138
-115.064  154.912
-137.572  157.302
-128.766  149.140
-140.809  141.904
-114.878  150.716
-116.835  131.803
-127.857  159.526
-134.260  138.477
-134.087  151.095
-123.396  153.139
-127.902  151.772
-129.727  152.631
-141.486  143.947
-125.636  145.039
-111.381  139.993
-134.497  163.938
-128.528  149.855
-143.979  166.071
-138.104  141.755
-141.431  153.435
-141.270  156.697
-134.872  148.298
-142.550  147.069
-123.949  150.288
-136.803  167.331
-134.015  152.299
-137.531  140.783
-126.312  148.850
-142.186  147.924
-142.930  146.365
-143.237  141.652
-132.116  157.196
-132.356  159.312
-108.640  150.673
-124.214  151.225
-131.780  155.987
-142.896  142.639
-132.685  141.551
-131.686  151.695
-137.665  159.032
-123.697  149.318
-144.705  157.829
-116.744  150.736
-130.469  146.529
-113.747  148.886
-139.240  161.492
-142.156  145.991
-138.873  155.302
-109.361  147.384
-119.184  149.775
-122.469  152.912
-136.469  160.515
-124.989  157.385
-137.307  157.605
-140.901  162.042
-137.332  148.682
-147.269  159.197
-132.017  154.755
-122.667  124.333
-141.101  155.644
-121.429  147.381
-145.311  145.373
-126.289  144.839
-125.153  142.943
-146.547  148.371
-159.979  150.380
-129.896  145.634
-138.243  144.949
-149.735  150.277
-137.213  151.942
-137.977  143.500
-137.032  156.681
-133.383  159.540
-118.474  143.570
-132.531  138.530
-140.779  153.566
-127.825  147.624
-126.141  159.436
-132.598  162.961
-137.125  173.462
-133.632  159.534
-129.780  156.036
-109.912  151.401
-134.936  152.944
-142.500  133.830
-134.946  146.768
-142.125  145.766
-139.721  160.437
-142.311  151.799
-135.231  151.069
-143.759  151.659
-149.701  154.464
-137.045  147.340
-139.253  141.913
-130.692  155.408
-126.509  157.146
-139.225  157.154
-128.597  145.569
-132.500  148.494
-135.907  141.670
-131.943  157.317
-140.349  158.289
-135.809  161.234
-110.568  155.997
-139.880  156.744
-132.644  146.494
-128.058  147.702
-130.984  162.231
-101.586  156.564
-128.171  150.276
-133.211  159.676
-143.651  160.310
-145.106  150.796
-139.603  144.781
-142.608  165.192
-133.723  152.649
-130.355  148.901
-143.146  150.107
-127.894  135.351
-139.355  145.654
-138.435  158.738
-116.892  152.719
-120.922  153.002
-130.780  156.229
-125.552  153.314
-125.288  143.024
-147.646  162.307
-133.330  152.030
-121.259  151.813
-139.796  142.484
-133.635  158.870
-139.639  141.608
-102.540  159.826
-133.487  143.478
-135.910  150.487
-136.981  146.409
-128.867  146.218
-128.734  148.465
-146.086  142.494
-122.014  158.077
-129.443  155.451
-141.969  152.641
-131.603  156.374
-138.000  149.233
-120.373  138.999
-130.953  152.764
-123.968  144.383
-145.060  146.437
-138.359  151.537
-133.299  155.486
-122.304  154.541
-130.449  150.004
-112.211  149.362
-127.010  145.368
-133.940  148.376
-145.060  140.056
-138.144  154.253
-139.213  146.952
-137.240  136.175
-123.413  161.230
-132.329  153.669
-137.295  154.021
-128.661  150.451
-137.061  162.155
-142.767  146.407
-145.778  154.479
-136.596  153.180
-127.650  145.101
-140.437  159.135
-133.195  149.178
-140.882  134.052
-145.202  147.039
-155.321  151.247
-127.440  138.176
-125.276  146.227
-123.558  160.131
-126.191  143.638
-141.560  132.115
-138.471  145.142
-137.528  150.604
-146.635  146.146
-125.444  147.258
-143.855  156.556
-128.893  138.616
-120.508  144.607
-134.606  164.500
-141.176  148.011
-131.487  154.256
-131.010  162.152
-121.062  155.532
-134.576  158.890
-133.234  149.586
-135.296  150.481
-128.509  151.234
-146.427  149.177
-132.262  148.512
-141.974  150.351
-132.427  151.302
-133.451  148.383
-133.905  146.244
-133.617  151.911
-130.219  152.659
-145.404  145.759
-149.723  145.742
-137.186  162.809
-124.563  152.410
-142.016  144.625
-122.172  151.876
-137.436  143.149
-132.569  142.412
-133.193  155.693
-142.056  159.119
-138.707  158.298
-133.630  155.027
-131.758  155.504
-131.015  159.721
-139.099  157.812
-131.601  158.702
-133.054  149.898
-131.390  138.281
-134.504  151.399
-133.385  149.424
-133.412  151.748
-120.720  142.907
-139.142  156.356
-131.774  150.553
-143.182  153.995
-125.186  150.210
-132.263  166.907
-129.207  164.448
-123.749  154.605
-138.381  145.797
-140.380  150.955
-138.568  151.492
-152.228  152.438
-132.310  149.455
-111.810  150.385
-131.976  158.511
-145.861  166.560
-126.940  149.104
-116.759  148.348
-137.627  158.612
-144.741  158.175
-114.654  148.692
-110.187  151.023
-149.382  154.400
-147.889  149.948
-129.937  144.326
-129.550  160.363
-143.794  137.973
-136.907  157.235
-140.276  152.614
-138.598  155.713
-141.331  147.113
-142.202  152.281
-143.575  151.845
-134.159  150.849
-139.269  149.920
-144.360  165.925
-127.674  149.973
-149.068  145.964
-141.624  163.138
-132.526  141.588
-145.412  159.541
-131.599  143.610
-142.254  155.582
-132.499  152.241
-126.907  156.864
-144.824  157.523
-125.494  156.856
-150.865  145.850
-147.080  153.687
-142.014  144.435
-150.046  143.318
-146.837  150.327
-134.857  145.109
-132.570  153.001
-127.534  146.193
-139.614  150.828
-131.613  155.634
-130.576  152.133
-142.713  156.792
-130.096  142.383
-139.003  147.734
-151.683  154.005
-122.468  161.651
-120.232  146.117
-128.437  168.742
-126.437  152.062
-151.017  165.000
-139.777  157.701
-142.305  156.388
-142.450  151.827
-134.794  144.045
-147.225  140.221
-153.758  145.827
-128.174  142.069
-134.938  159.229
-145.631  130.715
-122.317  158.939
-133.787  157.472
-118.852  143.226
-136.876  156.594
-132.097  149.296
-140.319  141.472
-141.231  151.658
-128.228  142.758
-129.440  150.149
-133.276  158.874
-135.136  137.131
-127.819  141.774
-138.510  161.226
-130.177  153.921
-140.721  167.518
-126.842  164.425
-140.246  159.009
-123.567  146.099
-148.954  156.992
-109.452  151.289
-127.690  161.752
-139.394  160.893
-106.490  151.532
-130.395  164.156
-116.432  126.764
-106.786  154.428
-131.247  159.978
-134.185  144.313
-137.482  155.544
-131.402  151.987
-137.494  155.012
-122.401  156.339
-137.778  136.977
-138.913  150.255
-103.248  164.298
-133.712  124.507
-143.140  142.911
-102.616  168.892
-133.529  143.881
-130.984  156.196
-119.639  157.830
-129.000  141.150
-128.728  154.715
-140.591  145.737
-127.781  151.864
-117.457  143.434
-127.337  148.472
-138.252  155.986
-137.287  166.080
-129.651  145.254
-134.737  147.977
-142.372  150.799
-119.300  151.594
-134.900  155.513
-121.681  155.283
-135.620  137.155
-126.998  149.655
-145.923  156.646
-122.262  163.845
-134.424  157.814
-135.787  159.821
-114.149  151.189
-142.535  158.716
-121.858  137.536
-143.363  152.268
-147.919  155.719
-129.579  148.913
-141.857  146.749
-126.307  140.332
-128.089  152.002
