    1   -170.000    0.03046
    2   -150.000    0.03046
    3   -130.000    0.03046
    4   -110.000    0.03046
    5    -90.000    0.03046
    6    -70.000    0.03046
    7    -50.000    0.03046
    8    -30.000    0.03046
    9    -10.000    0.03046
   10     10.000    0.03046
   11     30.000    0.03046
   12     50.000    0.03046
   13     70.000    0.03046
   14     90.000    0.03046
   15    110.000    0.03046
   16    130.000    0.03046
   17    150.000    0.03046
   18    170.000    0.03046
