   -9.64959e+03
   -9.65318e+03
   -9.67008e+03
   -9.65988e+03
   -9.66045e+03
   -9.66175e+03
   -9.66105e+03
   -9.66352e+03
   -9.66781e+03
   -9.66465e+03
   -9.66944e+03
   -9.67081e+03
   -9.67357e+03
   -9.67463e+03
   -9.67098e+03
   -9.67093e+03
   -9.68173e+03
   -9.68177e+03
   -9.67703e+03
   -9.67217e+03
   -9.67490e+03
   -9.67878e+03
   -9.68128e+03
   -9.68141e+03
   -9.68442e+03
   -9.68550e+03
   -9.68597e+03
   -9.68466e+03
   -9.67781e+03
   -9.68369e+03
   -9.67772e+03
   -9.68484e+03
   -9.68146e+03
   -9.69026e+03
   -9.68946e+03
   -9.68721e+03
   -9.68549e+03
   -9.69254e+03
   -9.69725e+03
   -9.69273e+03
   -9.69201e+03
   -9.69104e+03
   -9.68900e+03
   -9.69275e+03
   -9.69128e+03
   -9.68436e+03
   -9.68961e+03
   -9.69448e+03
   -9.69391e+03
   -9.69325e+03
   -9.69020e+03
   -9.69677e+03
   -9.68822e+03
   -9.69713e+03
   -9.70263e+03
   -9.69728e+03
   -9.69727e+03
   -9.70219e+03
   -9.70050e+03
   -9.70457e+03
   -9.70663e+03
   -9.70165e+03
   -9.70144e+03
   -9.69869e+03
   -9.69933e+03
   -9.70179e+03
   -9.69952e+03
   -9.69909e+03
   -9.69434e+03
   -9.69651e+03
   -9.70469e+03
   -9.69139e+03
   -9.69719e+03
   -9.69829e+03
   -9.69031e+03
   -9.69425e+03
   -9.69829e+03
   -9.70181e+03
   -9.70418e+03
   -9.70623e+03
   -9.70122e+03
   -9.70088e+03
   -9.69476e+03
   -9.69537e+03
   -9.69519e+03
   -9.69847e+03
   -9.69405e+03
   -9.69061e+03
   -9.70032e+03
   -9.70335e+03
   -9.70802e+03
   -9.70879e+03
   -9.70356e+03
   -9.70339e+03
   -9.70242e+03
   -9.70018e+03
   -9.70359e+03
   -9.70775e+03
   -9.71167e+03
   -9.71264e+03
   -9.70995e+03
   -9.71891e+03
   -9.71475e+03
   -9.70956e+03
   -9.70440e+03
   -9.70378e+03
   -9.70855e+03
   -9.70691e+03
   -9.70447e+03
   -9.70207e+03
   -9.70380e+03
   -9.70620e+03
   -9.70685e+03
   -9.70870e+03
   -9.71426e+03
   -9.71468e+03
   -9.71343e+03
   -9.70945e+03
   -9.70589e+03
   -9.71053e+03
   -9.71362e+03
   -9.71606e+03
   -9.71353e+03
   -9.71400e+03
   -9.72582e+03
   -9.71627e+03
   -9.72266e+03
   -9.72335e+03
   -9.71831e+03
   -9.71283e+03
   -9.71322e+03
   -9.70868e+03
   -9.71055e+03
   -9.71105e+03
   -9.70460e+03
   -9.70844e+03
   -9.70943e+03
   -9.71542e+03
   -9.71259e+03
   -9.71886e+03
   -9.72380e+03
   -9.72158e+03
   -9.71187e+03
   -9.71347e+03
   -9.71402e+03
   -9.71805e+03
   -9.70958e+03
   -9.71042e+03
   -9.70782e+03
   -9.71094e+03
   -9.70917e+03
   -9.71213e+03
   -9.71352e+03
   -9.70924e+03
   -9.70895e+03
   -9.70820e+03
   -9.70537e+03
   -9.72160e+03
   -9.72202e+03
   -9.72413e+03
   -9.71554e+03
   -9.72262e+03
   -9.71556e+03
   -9.71071e+03
   -9.71638e+03
   -9.71096e+03
   -9.71863e+03
   -9.71824e+03
   -9.71862e+03
   -9.72003e+03
   -9.71746e+03
   -9.72538e+03
   -9.73614e+03
   -9.73671e+03
   -9.73658e+03
   -9.73414e+03
   -9.73581e+03
   -9.72842e+03
   -9.72693e+03
   -9.72400e+03
   -9.72335e+03
   -9.72903e+03
   -9.73517e+03
   -9.72455e+03
   -9.72439e+03
   -9.71893e+03
   -9.72657e+03
   -9.72914e+03
   -9.72023e+03
   -9.72101e+03
   -9.72379e+03
   -9.72598e+03
   -9.72599e+03
   -9.73239e+03
   -9.72916e+03
   -9.72531e+03
   -9.72191e+03
   -9.71850e+03
   -9.71780e+03
   -9.72113e+03
   -9.72379e+03
   -9.72091e+03
   -9.73535e+03
   -9.73176e+03
   -9.72317e+03
   -9.72780e+03
   -9.72626e+03
   -9.72720e+03
   -9.72942e+03
   -9.73076e+03
   -9.73128e+03
   -9.73317e+03
   -9.72707e+03
   -9.72164e+03
   -9.72398e+03
   -9.72550e+03
   -9.72202e+03
   -9.72706e+03
   -9.72152e+03
   -9.72943e+03
   -9.73024e+03
   -9.72592e+03
   -9.72747e+03
   -9.72704e+03
   -9.72637e+03
   -9.72606e+03
   -9.72703e+03
   -9.73078e+03
   -9.73547e+03
   -9.73477e+03
   -9.73827e+03
   -9.73920e+03
   -9.73790e+03
   -9.72859e+03
   -9.72841e+03
   -9.72635e+03
   -9.72524e+03
   -9.72704e+03
   -9.72550e+03
   -9.71507e+03
   -9.72471e+03
   -9.72212e+03
   -9.72228e+03
   -9.72321e+03
   -9.73224e+03
   -9.73152e+03
   -9.72636e+03
   -9.71826e+03
   -9.72323e+03
   -9.72556e+03
   -9.72153e+03
   -9.72053e+03
   -9.71255e+03
   -9.71964e+03
   -9.72021e+03
   -9.72341e+03
   -9.72377e+03
   -9.71844e+03
   -9.72676e+03
   -9.73406e+03
   -9.73011e+03
   -9.72992e+03
   -9.73693e+03
   -9.73906e+03
   -9.73115e+03
   -9.72833e+03
   -9.72662e+03
   -9.72683e+03
   -9.73171e+03
   -9.73505e+03
   -9.72493e+03
   -9.72144e+03
   -9.72260e+03
   -9.71944e+03
   -9.71748e+03
   -9.72057e+03
   -9.72143e+03
   -9.72177e+03
   -9.71916e+03
   -9.72017e+03
   -9.72878e+03
   -9.72244e+03
   -9.71779e+03
   -9.71764e+03
   -9.72169e+03
   -9.72781e+03
   -9.71922e+03
   -9.72190e+03
   -9.72072e+03
   -9.72380e+03
   -9.72171e+03
   -9.72121e+03
   -9.71932e+03
   -9.71920e+03
   -9.71739e+03
   -9.72247e+03
   -9.72654e+03
   -9.72489e+03
   -9.72619e+03
   -9.73216e+03
   -9.73608e+03
   -9.72268e+03
   -9.72378e+03
   -9.72929e+03
   -9.72845e+03
   -9.72299e+03
   -9.72773e+03
   -9.72591e+03
   -9.71994e+03
   -9.71798e+03
   -9.71528e+03
   -9.71204e+03
   -9.71205e+03
   -9.71624e+03
   -9.71491e+03
   -9.71055e+03
   -9.71243e+03
   -9.71170e+03
   -9.71792e+03
   -9.72321e+03
   -9.72211e+03
   -9.72870e+03
   -9.73097e+03
   -9.72772e+03
   -9.72713e+03
   -9.72518e+03
   -9.72294e+03
   -9.72291e+03
   -9.72544e+03
   -9.72359e+03
   -9.72784e+03
   -9.72234e+03
   -9.72696e+03
   -9.73359e+03
   -9.72804e+03
   -9.72939e+03
   -9.73251e+03
   -9.73052e+03
   -9.72766e+03
   -9.72592e+03
   -9.73012e+03
   -9.72607e+03
   -9.72655e+03
   -9.72843e+03
   -9.72509e+03
   -9.72410e+03
   -9.72423e+03
   -9.72252e+03
   -9.72091e+03
   -9.71528e+03
   -9.71153e+03
   -9.71507e+03
   -9.71787e+03
   -9.72177e+03
   -9.71727e+03
   -9.72007e+03
   -9.71973e+03
   -9.72790e+03
   -9.72478e+03
   -9.72187e+03
   -9.71384e+03
   -9.71882e+03
   -9.72117e+03
   -9.70717e+03
   -9.70956e+03
   -9.70754e+03
   -9.71159e+03
   -9.71081e+03
   -9.70420e+03
   -9.71042e+03
   -9.70566e+03
   -9.71222e+03
   -9.71350e+03
   -9.70848e+03
   -9.70962e+03
   -9.71710e+03
   -9.71223e+03
   -9.69951e+03
   -9.70441e+03
   -9.70665e+03
   -9.71331e+03
   -9.72031e+03
   -9.71618e+03
   -9.70716e+03
   -9.71103e+03
   -9.71559e+03
   -9.71450e+03
   -9.71028e+03
   -9.71087e+03
   -9.71831e+03
   -9.71185e+03
   -9.71598e+03
   -9.71873e+03
   -9.71785e+03
   -9.71616e+03
   -9.70906e+03
   -9.70511e+03
   -9.70505e+03
   -9.71584e+03
   -9.71323e+03
   -9.71776e+03
   -9.71182e+03
   -9.70990e+03
   -9.71718e+03
   -9.71406e+03
   -9.71643e+03
   -9.71322e+03
   -9.70813e+03
   -9.70988e+03
   -9.71187e+03
   -9.71880e+03
   -9.72386e+03
   -9.71766e+03
   -9.71938e+03
   -9.72431e+03
   -9.72195e+03
   -9.72415e+03
   -9.72514e+03
   -9.72221e+03
   -9.72245e+03
   -9.73005e+03
   -9.72778e+03
   -9.72011e+03
   -9.72668e+03
   -9.73102e+03
   -9.72094e+03
   -9.71584e+03
   -9.72264e+03
   -9.72106e+03
   -9.72134e+03
   -9.72202e+03
   -9.72707e+03
   -9.71531e+03
   -9.71469e+03
   -9.71536e+03
   -9.71043e+03
   -9.71028e+03
   -9.71349e+03
   -9.71243e+03
   -9.71974e+03
   -9.71840e+03
   -9.71464e+03
   -9.71415e+03
   -9.72293e+03
   -9.71418e+03
   -9.71320e+03
   -9.71618e+03
   -9.71545e+03
   -9.72065e+03
   -9.72525e+03
   -9.72467e+03
   -9.71571e+03
   -9.71800e+03
   -9.71635e+03
   -9.72408e+03
   -9.72626e+03
   -9.72752e+03
   -9.71791e+03
   -9.71166e+03
   -9.71669e+03
   -9.72155e+03
   -9.72067e+03
   -9.72475e+03
   -9.72133e+03
   -9.72736e+03
   -9.73589e+03
   -9.73683e+03
   -9.73879e+03
   -9.73581e+03
   -9.72936e+03
   -9.72676e+03
   -9.72486e+03
   -9.71795e+03
   -9.71753e+03
   -9.71872e+03
   -9.71844e+03
   -9.72194e+03
   -9.72386e+03
   -9.71696e+03
   -9.71649e+03
   -9.72131e+03
   -9.72201e+03
   -9.72399e+03
   -9.72054e+03
   -9.72203e+03
   -9.71378e+03
   -9.71793e+03
   -9.72107e+03
   -9.72434e+03
   -9.71926e+03
   -9.72202e+03
   -9.72764e+03
   -9.72430e+03
   -9.73358e+03
   -9.73176e+03
   -9.72546e+03
   -9.71858e+03
   -9.72480e+03
   -9.72083e+03
   -9.71583e+03
   -9.72347e+03
   -9.72655e+03
   -9.72863e+03
   -9.72607e+03
   -9.72184e+03
   -9.72313e+03
   -9.72742e+03
   -9.72078e+03
   -9.72156e+03
   -9.72354e+03
   -9.72230e+03
   -9.71468e+03
   -9.72360e+03
   -9.73187e+03
   -9.72007e+03
   -9.72855e+03
   -9.72003e+03
   -9.72148e+03
   -9.72309e+03
   -9.72650e+03
   -9.71531e+03
   -9.72316e+03
   -9.72709e+03
   -9.73004e+03
   -9.73639e+03
   -9.72944e+03
   -9.72674e+03
   -9.72703e+03
   -9.72247e+03
   -9.72808e+03
   -9.72509e+03
   -9.72042e+03
   -9.71967e+03
   -9.72492e+03
   -9.72275e+03
   -9.72126e+03
   -9.72262e+03
   -9.72326e+03
   -9.71804e+03
   -9.71850e+03
   -9.71937e+03
   -9.72424e+03
   -9.72733e+03
   -9.72071e+03
   -9.72270e+03
   -9.72877e+03
   -9.73263e+03
   -9.72914e+03
   -9.72805e+03
   -9.73449e+03
   -9.73046e+03
   -9.73638e+03
   -9.73202e+03
   -9.73362e+03
   -9.73377e+03
   -9.73381e+03
   -9.73583e+03
   -9.72659e+03
   -9.73259e+03
   -9.72882e+03
   -9.72321e+03
   -9.72356e+03
   -9.72787e+03
   -9.73479e+03
   -9.72954e+03
   -9.73566e+03
   -9.72714e+03
   -9.73121e+03
   -9.73139e+03
   -9.72730e+03
   -9.73041e+03
   -9.72920e+03
   -9.73250e+03
   -9.73762e+03
   -9.73164e+03
   -9.72904e+03
   -9.72866e+03
   -9.72831e+03
   -9.72481e+03
   -9.71763e+03
   -9.72267e+03
   -9.72104e+03
   -9.72952e+03
   -9.73432e+03
   -9.73642e+03
   -9.74165e+03
   -9.74329e+03
   -9.74172e+03
   -9.73897e+03
   -9.73449e+03
   -9.73405e+03
   -9.73506e+03
   -9.73307e+03
   -9.73699e+03
   -9.73949e+03
   -9.73106e+03
   -9.72835e+03
   -9.73568e+03
   -9.74185e+03
   -9.74549e+03
   -9.74455e+03
   -9.74575e+03
   -9.73923e+03
   -9.74129e+03
   -9.74175e+03
   -9.73534e+03
   -9.73418e+03
   -9.72889e+03
   -9.73316e+03
   -9.72831e+03
   -9.72947e+03
   -9.73640e+03
   -9.73722e+03
   -9.72938e+03
   -9.73343e+03
   -9.72943e+03
   -9.72828e+03
   -9.72798e+03
   -9.72636e+03
   -9.72342e+03
   -9.72449e+03
   -9.72569e+03
   -9.72695e+03
   -9.72585e+03
   -9.72878e+03
   -9.72481e+03
   -9.72414e+03
   -9.72276e+03
   -9.72008e+03
   -9.72298e+03
   -9.72420e+03
   -9.72277e+03
   -9.72725e+03
   -9.72090e+03
   -9.73421e+03
   -9.72791e+03
   -9.72339e+03
   -9.72751e+03
   -9.72630e+03
   -9.72464e+03
   -9.72630e+03
   -9.71597e+03
   -9.71536e+03
   -9.72071e+03
   -9.73483e+03
   -9.73116e+03
   -9.73011e+03
   -9.72572e+03
   -9.73881e+03
   -9.73454e+03
   -9.73728e+03
   -9.73383e+03
   -9.73433e+03
   -9.73950e+03
   -9.73568e+03
   -9.72737e+03
   -9.72544e+03
   -9.72365e+03
   -9.72578e+03
   -9.72351e+03
   -9.71850e+03
   -9.72051e+03
   -9.72246e+03
   -9.72900e+03
   -9.72969e+03
   -9.72753e+03
   -9.72915e+03
   -9.72621e+03
   -9.72279e+03
   -9.72627e+03
   -9.73268e+03
   -9.73423e+03
   -9.72940e+03
   -9.72661e+03
   -9.72661e+03
   -9.72841e+03
   -9.72383e+03
   -9.72457e+03
   -9.72621e+03
   -9.73590e+03
   -9.72199e+03
   -9.72474e+03
   -9.72628e+03
   -9.73041e+03
   -9.73202e+03
   -9.73402e+03
   -9.73465e+03
   -9.73242e+03
   -9.72421e+03
   -9.71998e+03
   -9.71767e+03
   -9.71696e+03
   -9.71902e+03
   -9.72817e+03
   -9.73262e+03
   -9.73200e+03
   -9.73300e+03
   -9.73442e+03
   -9.73758e+03
   -9.73289e+03
   -9.73273e+03
   -9.73235e+03
   -9.73965e+03
   -9.73997e+03
   -9.73912e+03
   -9.73597e+03
   -9.74029e+03
   -9.73941e+03
   -9.74067e+03
   -9.74675e+03
   -9.74033e+03
   -9.73803e+03
   -9.73460e+03
   -9.73714e+03
   -9.74399e+03
   -9.74328e+03
   -9.74218e+03
   -9.74228e+03
   -9.73967e+03
   -9.74442e+03
   -9.75034e+03
   -9.74060e+03
   -9.73965e+03
   -9.73816e+03
   -9.73343e+03
   -9.73065e+03
   -9.74107e+03
   -9.73135e+03
   -9.72402e+03
   -9.72044e+03
   -9.71635e+03
   -9.71844e+03
   -9.71617e+03
   -9.72069e+03
   -9.71626e+03
   -9.71423e+03
   -9.72088e+03
   -9.72782e+03
   -9.71282e+03
   -9.70788e+03
   -9.71959e+03
   -9.71882e+03
   -9.72150e+03
   -9.72253e+03
   -9.72099e+03
   -9.72126e+03
   -9.72112e+03
   -9.72423e+03
   -9.71332e+03
   -9.71969e+03
   -9.71995e+03
   -9.71843e+03
   -9.71943e+03
   -9.71597e+03
   -9.71800e+03
   -9.72199e+03
   -9.72232e+03
   -9.72519e+03
   -9.72802e+03
   -9.73041e+03
   -9.72327e+03
   -9.72474e+03
   -9.72349e+03
   -9.71318e+03
   -9.71365e+03
   -9.71346e+03
   -9.71703e+03
   -9.72024e+03
   -9.71784e+03
   -9.71729e+03
   -9.71522e+03
   -9.71873e+03
   -9.71961e+03
   -9.72444e+03
   -9.72451e+03
   -9.73375e+03
   -9.74604e+03
   -9.74155e+03
   -9.73244e+03
   -9.73404e+03
   -9.73204e+03
   -9.72900e+03
   -9.72902e+03
   -9.73369e+03
   -9.72454e+03
   -9.72282e+03
   -9.72877e+03
   -9.73405e+03
   -9.73254e+03
   -9.72691e+03
   -9.73218e+03
   -9.73027e+03
   -9.72836e+03
   -9.72564e+03
   -9.72532e+03
   -9.73531e+03
   -9.73555e+03
   -9.73128e+03
   -9.72345e+03
   -9.72822e+03
   -9.73617e+03
   -9.73617e+03
   -9.72951e+03
   -9.73668e+03
   -9.74564e+03
   -9.74124e+03
   -9.73170e+03
   -9.73211e+03
   -9.73282e+03
   -9.73117e+03
   -9.72691e+03
   -9.73034e+03
   -9.72924e+03
   -9.73013e+03
   -9.73697e+03
   -9.73421e+03
   -9.74318e+03
   -9.73087e+03
   -9.73276e+03
   -9.73046e+03
   -9.73557e+03
   -9.73677e+03
   -9.72633e+03
   -9.72978e+03
   -9.73045e+03
   -9.73516e+03
   -9.73038e+03
   -9.73714e+03
   -9.73720e+03
   -9.74371e+03
   -9.74762e+03
   -9.74632e+03
   -9.74616e+03
   -9.75175e+03
   -9.74569e+03
   -9.74048e+03
   -9.75245e+03
   -9.75508e+03
   -9.75035e+03
   -9.75758e+03
   -9.74602e+03
   -9.74567e+03
   -9.74476e+03
   -9.74524e+03
   -9.74836e+03
   -9.75294e+03
   -9.75448e+03
   -9.75897e+03
   -9.75680e+03
   -9.75374e+03
   -9.75216e+03
   -9.74785e+03
   -9.74750e+03
   -9.75135e+03
   -9.74917e+03
   -9.74815e+03
   -9.74212e+03
   -9.73693e+03
   -9.74319e+03
   -9.73912e+03
   -9.74495e+03
   -9.74246e+03
   -9.73767e+03
   -9.73714e+03
   -9.73803e+03
   -9.72963e+03
   -9.72727e+03
   -9.73490e+03
   -9.73700e+03
   -9.73644e+03
   -9.73764e+03
   -9.73740e+03
   -9.73750e+03
   -9.74293e+03
   -9.73650e+03
   -9.73653e+03
   -9.72842e+03
   -9.73345e+03
   -9.73349e+03
   -9.74469e+03
   -9.74843e+03
   -9.74289e+03
   -9.75366e+03
   -9.74829e+03
   -9.74336e+03
   -9.73975e+03
   -9.73564e+03
   -9.73296e+03
   -9.73718e+03
   -9.74467e+03
   -9.74108e+03
   -9.74024e+03
   -9.74218e+03
   -9.73919e+03
   -9.74034e+03
   -9.74282e+03
   -9.74810e+03
   -9.74669e+03
   -9.74889e+03
   -9.74780e+03
   -9.74391e+03
   -9.73841e+03
   -9.73297e+03
   -9.73455e+03
   -9.73332e+03
   -9.72784e+03
   -9.73744e+03
   -9.73376e+03
   -9.73809e+03
   -9.74046e+03
   -9.73668e+03
   -9.73482e+03
   -9.73389e+03
   -9.73146e+03
   -9.73239e+03
   -9.74073e+03
   -9.73657e+03
   -9.73935e+03
   -9.74770e+03
   -9.74590e+03
   -9.74971e+03
   -9.74231e+03
   -9.74584e+03
   -9.74300e+03
   -9.73524e+03
   -9.73286e+03
   -9.73801e+03
   -9.72989e+03
   -9.73024e+03
   -9.72959e+03
   -9.72957e+03
   -9.73323e+03
   -9.73380e+03
   -9.73161e+03
   -9.73460e+03
   -9.73364e+03
   -9.74054e+03
   -9.73731e+03
   -9.74739e+03
   -9.74560e+03
   -9.74350e+03
   -9.74428e+03
   -9.73940e+03
   -9.73306e+03
   -9.73625e+03
   -9.73219e+03
   -9.73540e+03
   -9.73376e+03
   -9.73276e+03
   -9.72931e+03
   -9.73413e+03
   -9.73765e+03
   -9.73890e+03
   -9.73483e+03
   -9.73780e+03
   -9.75037e+03
   -9.73796e+03
   -9.74528e+03
   -9.74772e+03
   -9.73891e+03
   -9.73535e+03
   -9.73249e+03
   -9.73424e+03
   -9.73548e+03
   -9.74330e+03
   -9.73724e+03
   -9.74369e+03
   -9.73499e+03
   -9.73260e+03
   -9.73654e+03
   -9.73858e+03
   -9.73075e+03
   -9.73803e+03
   -9.73706e+03
   -9.74262e+03
   -9.73575e+03
   -9.73320e+03
   -9.73593e+03
   -9.73459e+03
   -9.73966e+03
   -9.73970e+03
   -9.74485e+03
   -9.74757e+03
   -9.74407e+03
   -9.74537e+03
   -9.74398e+03
   -9.74888e+03
   -9.74948e+03
   -9.74642e+03
   -9.73854e+03
   -9.74398e+03
   -9.74375e+03
   -9.74976e+03
   -9.74075e+03
   -9.75064e+03
   -9.74799e+03
   -9.74319e+03
   -9.73988e+03
   -9.74028e+03
   -9.74206e+03
