    1   -170.000    150.000    0.03046    0.03046
    2   -150.000    150.000    0.03046    0.03046
    3   -130.000    150.000    0.03046    0.03046
    4   -110.000    150.000    0.03046    0.03046
    5    -90.000    150.000    0.03046    0.03046
    6    -70.000    150.000    0.03046    0.03046
    7    -50.000    150.000    0.03046    0.03046
    8    -30.000    150.000    0.03046    0.03046
    9    -10.000    150.000    0.03046    0.03046
   10     10.000    150.000    0.03046    0.03046
   11     30.000    150.000    0.03046    0.03046
   12     50.000    150.000    0.03046    0.03046
   13     70.000    150.000    0.03046    0.03046
   14     90.000    150.000    0.03046    0.03046
   15    110.000    150.000    0.03046    0.03046
   16    130.000    150.000    0.03046    0.03046
   17    150.000    150.000    0.03046    0.03046
   18    170.000    150.000    0.03046    0.03046
   19   -170.000    130.000    0.03046    0.03046
   20   -150.000    130.000    0.03046    0.03046
   21   -130.000    130.000    0.03046    0.03046
   22   -110.000    130.000    0.03046    0.03046
   23    -90.000    130.000    0.03046    0.03046
   24    -70.000    130.000    0.03046    0.03046
   25    -50.000    130.000    0.03046    0.03046
   26    -30.000    130.000    0.03046    0.03046
   27    -10.000    130.000    0.03046    0.03046
   28     10.000    130.000    0.03046    0.03046
   29     30.000    130.000    0.03046    0.03046
   30     50.000    130.000    0.03046    0.03046
   31     70.000    130.000    0.03046    0.03046
   32     90.000    130.000    0.03046    0.03046
   33    110.000    130.000    0.03046    0.03046
   34    130.000    130.000    0.03046    0.03046
   35    150.000    130.000    0.03046    0.03046
   36    170.000    130.000    0.03046    0.03046
