   170.121
   161.661
   160.627
   157.876
   155.950
   147.052
   168.280
   172.820
   162.277
   153.436
   179.671
   178.784
   170.782
   172.406
   171.880
   174.591
   166.326
   160.754
   160.754
   163.275
   168.485
   161.475
   165.753
   163.511
   163.298
   163.969
   162.853
   163.282
   164.653
   161.638
   170.559
   174.490
   169.835
   159.253
   154.829
   155.214
   165.101
   158.539
   155.464
   159.598
   167.539
   155.324
   162.369
   163.216
   163.473
   167.218
   175.234
   144.839
   161.859
   166.635
   166.087
   167.908
  -179.603
   162.343
   162.830
   155.597
   162.015
   159.178
   147.184
   179.621
   163.298
   163.890
   160.761
  -178.585
   173.314
   172.378
   161.309
   155.119
   161.072
   164.689
   174.563
   172.523
   176.863
  -177.601
   163.577
   160.200
   160.037
   171.255
   170.340
   174.762
   163.580
   170.257
   161.637
   175.579
  -170.707
   172.999
   169.992
   177.424
   173.014
   168.338
   169.138
   161.612
   163.752
   179.453
   165.271
  -177.282
   160.798
   166.357
   167.864
   161.919
   160.591
   154.592
   177.763
   156.703
   165.847
   165.247
   170.921
   169.483
   176.572
  -171.761
   170.442
   147.404
   169.841
   161.252
   154.524
   168.237
   157.292
   168.493
   162.573
   160.790
   162.267
   177.233
   166.776
   161.265
   162.558
   164.358
   166.754
   169.307
   166.900
   153.427
  -178.068
   174.472
   166.592
   156.728
   160.606
   162.997
   172.162
   163.804
   165.818
   175.581
   161.811
   145.566
   148.378
   154.477
   163.125
   165.787
   169.685
   179.469
   166.790
   167.424
   179.065
   161.755
   174.757
   168.528
   172.158
   172.664
  -165.406
   167.997
   156.584
   160.076
  -176.769
   160.701
   177.619
   158.593
   167.889
   161.048
   171.088
   176.186
   169.857
   173.227
   169.930
   158.722
   171.391
  -179.842
   169.771
   170.822
   172.551
   162.681
   166.498
   173.630
   158.114
   166.379
   151.781
   158.332
   152.939
   160.070
   178.796
   145.634
  -177.073
   178.899
   172.612
   168.082
   160.799
   159.416
   169.118
   167.073
  -176.257
   174.136
  -178.205
   165.586
   153.563
   173.258
   162.145
   168.054
   164.384
   161.087
   160.285
   176.325
   170.219
   162.112
   161.382
   154.881
   162.698
   152.658
   178.759
   166.517
   165.275
   165.232
   172.368
   162.098
   176.296
   167.239
   155.897
   179.989
   174.346
   163.941
   156.469
   174.572
   162.182
   178.976
   165.072
   170.185
   177.501
   163.456
   161.710
   154.553
   156.357
   172.006
   167.401
   151.312
   160.747
   158.367
   168.536
   155.307
   171.712
  -179.637
  -177.864
   158.985
   161.874
   159.072
   177.926
   152.310
   152.548
   171.452
   160.331
   161.728
   159.978
   172.368
   149.361
   178.565
   164.291
   167.259
   155.035
   164.697
   160.518
   167.986
   142.932
   171.966
   165.293
   164.263
  -176.381
   167.818
   162.085
   160.931
   167.806
   163.668
   171.716
   160.374
   159.533
   167.358
   155.317
   150.456
   167.953
   148.438
   167.659
   166.107
   176.746
   168.799
   161.602
   159.994
   176.383
   158.544
   172.497
  -178.940
   162.994
   167.226
   171.325
   155.602
   162.678
   163.025
   157.723
   177.400
   167.667
   155.168
   157.574
   169.144
   153.378
   170.550
   175.913
   155.602
   167.608
   163.920
   173.744
   162.450
   173.151
   168.378
   164.705
   172.506
   166.997
   153.953
   171.012
   168.478
   164.500
   173.352
   169.346
   177.651
   159.679
   163.125
   168.631
   162.698
   156.073
   160.349
   158.790
  -172.239
   166.015
   156.869
   165.292
   171.516
   152.173
   171.846
   174.464
   168.467
   175.479
   168.834
   171.207
   164.469
  -176.700
   178.398
   161.766
   154.024
  -178.876
   160.552
   172.387
   167.796
   162.222
   159.690
   163.715
   159.460
   163.058
   165.856
   161.009
   163.651
   156.885
   179.342
   162.348
   159.367
   170.432
   165.952
   171.709
   167.754
   147.871
   178.877
   165.056
   152.453
   151.833
   177.864
   155.532
   173.637
   172.223
   167.014
   175.447
   156.873
   168.159
   173.087
   173.235
   174.839
   170.575
   160.441
   161.907
   150.745
   154.857
   173.025
   156.805
   160.972
   165.023
   172.955
   176.347
   169.184
   164.426
   153.479
   159.733
   163.583
  -176.926
   172.417
   166.472
   163.072
   171.563
   160.641
   176.661
   172.114
   166.478
   163.753
   173.045
   161.096
   174.096
   169.902
   162.086
   140.927
   164.934
   160.068
   163.373
   165.490
   158.821
   177.886
   160.358
   161.213
   169.179
   150.471
  -178.040
   162.276
   174.566
   157.244
   169.386
   161.051
   162.779
   175.946
   159.115
   156.931
   167.141
  -179.856
   178.747
   169.591
   164.525
   160.761
   163.522
   168.754
   179.232
   178.401
  -178.168
   172.430
   163.785
   158.818
   177.949
   174.562
   160.612
   166.097
   173.614
   159.129
   158.163
   169.006
   155.885
   177.026
   153.276
   163.415
  -177.543
   157.801
   162.070
   167.067
   156.861
   170.032
   171.171
  -174.901
   162.807
   156.380
   162.466
   154.834
   167.382
   153.565
   165.319
   165.928
   170.005
   162.260
   169.481
   177.151
   159.751
   157.673
   164.479
   178.152
   174.263
   170.102
   160.429
   161.062
   165.614
   174.617
   161.624
   168.726
   179.610
   158.480
   161.292
   170.614
   166.043
   168.759
   160.873
   173.483
   164.276
   175.967
   175.059
   176.212
   148.381
   165.290
   178.734
   174.562
   168.364
   166.544
   166.327
   172.361
   169.174
   170.813
   150.358
   163.073
   153.623
   167.918
   149.348
   164.671
   175.266
   171.743
   170.454
   174.788
  -178.974
   170.113
   159.179
   166.440
   154.416
   177.845
   167.646
   172.423
   167.819
   170.253
   173.378
   169.316
   176.994
   160.918
   164.120
   168.158
   175.814
  -173.503
   160.746
   160.311
   165.982
  -176.080
   170.480
   156.879
   154.066
   164.678
   161.410
   169.033
   162.721
   167.079
   166.805
   173.073
   178.349
   166.513
   165.567
  -176.901
   153.145
   166.597
   158.543
   168.355
   160.467
   167.091
   165.019
  -179.268
   165.482
   173.584
   168.332
   161.371
   178.780
   176.939
   160.778
   166.290
   156.884
   165.345
   170.509
   162.141
   165.386
   160.448
   154.776
   154.153
  -178.616
   165.596
   175.138
   166.502
   165.775
   172.254
   171.051
   163.173
   157.708
   159.303
   174.778
   165.417
   167.955
   170.428
   158.092
   161.857
   147.887
   158.759
   160.248
   174.983
   162.725
   156.874
   167.412
   170.526
   170.446
  -172.509
   160.348
   174.692
   169.961
   162.233
   174.364
   176.832
   167.488
   162.780
   162.494
   170.670
   177.926
   165.761
   175.177
   157.768
   173.165
   176.630
   165.023
   170.987
   171.488
   158.624
   151.938
   176.074
   168.113
   143.225
   167.964
   178.408
   168.358
   161.059
   174.751
   162.796
   168.855
   160.577
   157.138
   179.436
   169.711
   169.117
   167.366
   176.996
   166.916
   163.687
   171.444
   166.201
   176.653
   164.044
   158.815
   170.341
   155.080
   161.816
   160.606
   177.037
   170.408
   175.371
   164.149
   150.139
   172.998
   153.463
   171.887
   174.440
   152.859
   166.247
   174.491
   179.670
   172.436
   178.547
   169.237
   179.029
   163.785
   151.573
   163.636
   175.891
   168.244
   162.938
   153.614
   166.417
   173.451
   163.674
   165.164
   171.650
   155.993
   176.230
   166.991
   176.290
   167.978
  -177.070
   174.837
   159.395
   168.670
   173.875
  -178.415
   163.594
   167.835
   156.959
   155.612
   166.106
  -179.963
   172.239
   152.133
   161.860
   169.285
   179.570
   167.882
   162.130
   166.961
   165.544
   168.489
   162.021
   169.977
   170.187
   159.534
   176.507
   169.564
   170.314
   166.987
   179.151
   173.301
   174.610
   164.984
   169.606
   171.823
   167.140
   165.397
   156.424
   158.005
   169.163
   163.606
   168.043
   164.696
  -179.924
   178.797
   176.610
   162.033
   178.268
   160.538
   170.471
   165.740
   170.715
   166.616
   155.773
   161.145
   171.601
   174.848
   174.034
   170.128
   166.345
  -175.597
   169.513
   167.649
   151.775
   176.565
  -174.464
   152.158
   169.873
   160.889
   171.810
   160.212
   171.117
   165.123
   152.358
   169.010
   175.798
   171.050
   162.682
   171.162
   167.368
   164.743
   170.868
   162.507
   148.865
   157.127
   173.308
   166.492
   172.072
   158.414
   175.269
   167.262
   161.432
  -170.227
   159.855
  -176.084
   173.320
   171.837
   160.489
   176.229
   171.591
   161.668
   174.553
  -177.737
   172.080
  -176.127
   172.229
   159.343
   153.416
   170.626
   168.427
   173.182
   160.142
   173.747
   175.114
   164.259
   155.829
   167.632
   168.752
   173.986
   151.869
   154.045
   153.719
   164.143
   175.467
   167.132
   149.478
   173.785
   168.550
   169.851
   171.895
   171.318
   165.229
   170.088
   169.233
   159.567
   168.102
   164.783
   162.682
   163.078
  -175.860
   163.289
   163.126
   175.585
   176.266
   163.556
   158.484
   151.973
   171.034
   167.564
   175.624
  -175.799
   157.711
   160.384
   165.859
   168.044
   155.328
   159.338
   175.638
   166.083
   178.134
   164.741
   166.053
   171.670
  -179.835
   164.033
   167.329
   161.990
   148.217
  -176.210
   153.072
   172.002
   179.530
   172.090
   168.442
  -179.328
   155.956
   173.705
   173.171
   152.718
  -169.418
   165.959
   162.748
   161.232
  -178.423
   155.630
   146.714
   158.462
   160.028
   171.501
   174.765
   161.794
   156.824
   166.568
   167.964
   178.155
   177.821
   166.456
  -174.769
   161.016
   162.322
   164.497
   177.386
   164.027
   161.256
   163.773
   170.269
   174.614
   158.078
   164.679
   173.029
   165.203
   160.826
   160.833
   166.986
   170.750
   170.694
   151.990
   174.149
   175.288
   167.371
   158.400
   172.338
   166.103
   158.901
   178.763
   175.321
   170.226
   175.269
   176.428
   166.072
   168.538
   168.994
  -176.886
   168.976
   169.141
   148.759
   172.572
   157.937
   170.279
   158.401
   165.182
   175.040
   173.429
  -176.172
   176.758
   171.127
   161.958
   163.138
   166.178
   171.484
   163.699
  -171.149
   178.128
   164.455
   156.828
   160.994
   162.208
   165.303
   166.518
   178.520
   168.108
   160.238
   164.481
   162.989
   162.978
   163.194
   168.848
  -177.583
   171.546
   157.540
   160.725
   164.269
   172.514
  -179.896
   175.090
   162.415
   157.329
   164.603
   153.802
   163.993
   168.091
   155.131
   175.138
   165.726
   160.480
   167.456
  -177.784
   167.930
   150.614
   165.986
   177.801
   177.745
   162.846
   174.329
   171.420
   167.887
   162.575
   154.944
   166.194
   170.519
   160.768
   160.155
