   -59.989
   -55.833
   -57.525
   -68.789
   -55.922
   -57.119
   -78.077
   -61.699
   -65.599
   -67.653
   -52.511
   -77.207
   -54.381
   -53.137
   -56.758
   -57.813
   -60.563
   -64.096
   -64.149
   -58.375
   -58.031
   -65.488
   -51.259
   -60.724
   -65.990
   -54.263
   -60.020
   -67.321
   -62.466
   -67.147
   -64.592
   -61.236
   -64.798
   -66.554
   -61.032
   -63.902
   -67.086
   -69.882
   -62.730
   -55.395
   -59.973
   -45.877
   -54.152
   -66.105
   -56.784
   -62.201
   -64.713
   -55.776
   -64.406
   -67.990
   -45.862
   -69.435
   -63.159
   -56.020
   -57.791
   -67.737
   -39.184
   -54.509
   -65.117
   -69.641
   -68.126
   -60.344
   -65.039
   -56.400
   -76.686
   -65.133
   -52.404
   -65.083
   -61.667
   -58.171
   -51.086
   -66.868
   -65.377
   -67.864
   -70.205
   -63.311
   -74.584
   -69.931
   -70.737
   -58.228
   -51.870
   -61.470
   -53.061
   -70.706
   -74.520
   -72.160
   -60.247
   -60.869
   -61.117
   -64.279
   -52.073
   -65.258
   -65.570
   -67.015
   -58.509
   -58.269
   -73.778
   -61.309
   -37.179
   -52.012
   -59.141
   -67.813
   -47.225
   -57.289
   -56.741
   -59.525
   -66.912
   -44.893
   -67.584
   -59.969
   -49.337
   -51.341
   -58.974
   -52.636
   -59.178
   -58.198
   -53.210
   -68.167
   -44.969
   -63.883
   -61.911
   -63.178
   -69.606
   -57.492
   -48.122
   -53.507
   -59.470
   -58.079
   -46.855
   -72.416
   -65.787
   -60.807
   -69.294
   -59.530
   -66.112
   -62.388
   -60.451
   -56.210
   -51.961
   -51.640
   -62.200
   -59.104
   -63.712
   -55.329
   -63.132
   -59.296
   -62.786
   -64.498
   -51.056
   -56.122
   -49.651
   -47.486
   -45.167
   -60.480
   -56.055
   -54.139
   -61.589
   -73.214
   -59.929
   -48.019
   -68.480
   -55.488
   -66.686
   -43.104
   -55.346
   -62.994
   -70.569
   -64.910
   -68.807
   -64.076
   -67.500
   -63.332
   -62.824
   -67.810
   -56.025
   -55.988
   -44.199
   -61.296
   -58.106
   -68.752
   -67.419
   -69.245
   -61.349
   -47.065
   -55.764
   -66.074
   -54.408
   -71.997
   -59.307
   -66.780
   -67.537
   -58.690
   -74.327
   -70.136
   -59.427
   -35.224
   -51.748
   -73.912
   -61.710
   -64.238
   -70.541
   -58.141
   -77.512
   -74.182
   -52.922
   -71.016
   -63.357
   -70.107
   -68.114
   -48.806
   -59.568
   -61.547
   -51.493
   -60.963
   -54.322
   -52.639
   -66.517
   -48.944
   -61.923
   -49.151
   -61.338
   -64.870
   -62.112
   -58.975
   -61.561
   -63.361
   -57.328
   -62.914
   -77.681
   -64.454
   -59.531
   -72.997
   -63.478
   -62.704
   -56.530
   -68.911
   -53.894
   -76.246
   -64.825
   -61.130
   -62.759
   -56.455
   -70.790
   -55.254
   -55.251
   -67.853
   -61.546
   -53.978
   -62.819
   -59.798
   -58.398
   -62.146
   -65.601
   -58.933
   -49.203
   -44.825
   -75.554
   -72.527
   -73.614
   -59.794
   -58.629
   -66.730
   -66.437
   -65.336
   -53.591
   -58.746
   -54.862
   -72.395
   -70.370
   -63.942
   -62.692
   -60.252
   -51.148
   -67.821
   -51.713
   -71.610
   -73.748
   -58.368
   -57.649
   -64.806
   -59.093
   -69.852
   -54.177
   -47.504
   -63.815
   -61.251
   -67.118
   -49.361
   -56.584
   -53.589
   -66.199
   -63.734
   -72.453
   -53.476
   -63.792
   -51.807
   -64.517
   -46.580
   -57.293
   -62.107
   -63.782
   -62.210
   -61.092
   -63.404
   -49.936
   -64.469
   -59.256
   -48.257
   -56.939
   -64.790
   -54.588
   -64.316
   -70.836
   -62.995
   -67.686
   -59.981
   -52.024
   -59.003
   -68.175
   -58.404
   -73.231
   -62.410
   -64.597
   -60.621
   -60.626
   -55.710
   -62.053
   -57.595
   -54.140
   -64.904
   -58.608
   -60.796
   -73.171
   -69.797
   -44.462
   -49.604
   -61.144
   -67.402
   -65.081
   -71.296
   -61.029
   -63.904
   -47.873
   -68.638
   -59.017
   -58.049
   -49.688
   -56.237
   -61.419
   -51.943
   -55.289
   -63.292
   -57.071
   -56.739
   -71.984
   -49.491
   -64.609
   -61.449
   -58.372
   -68.993
   -61.764
   -64.257
   -63.718
   -50.590
   -70.759
   -59.293
   -63.512
   -61.611
   -58.173
   -52.738
   -58.765
   -55.708
   -52.881
   -62.939
   -67.183
   -75.325
   -63.325
   -50.223
   -48.893
   -57.458
   -57.791
   -58.965
   -45.425
   -49.010
   -60.025
   -57.718
   -58.113
   -70.039
   -69.776
   -62.470
   -72.089
   -52.585
   -56.692
   -71.894
   -55.292
   -67.367
   -52.661
   -48.889
   -62.198
   -49.858
   -61.884
   -64.186
   -54.846
   -57.293
   -56.469
   -52.197
   -60.488
   -67.813
   -65.310
   -63.613
   -57.792
   -68.026
   -65.867
   -63.023
   -43.320
   -68.696
   -71.124
   -62.619
   -60.124
   -57.486
   -74.452
   -56.145
   -72.686
   -56.326
   -58.910
   -55.682
   -58.240
   -61.849
   -49.338
   -69.350
   -60.412
   -56.290
   -53.192
   -54.085
   -63.764
   -57.272
   -47.741
   -49.318
   -49.792
   -50.325
   -67.054
   -64.499
   -49.909
   -58.583
   -59.012
   -71.122
   -56.974
   -74.451
   -74.401
   -54.695
   -64.911
   -61.101
   -54.510
   -63.292
   -64.604
   -65.587
   -63.933
   -73.988
   -55.504
   -58.266
   -56.909
   -63.701
   -66.436
   -66.836
   -67.751
   -61.124
   -62.642
   -60.498
   -55.369
   -60.512
   -60.293
   -64.562
   -61.060
   -46.419
   -55.661
   -55.847
   -66.482
   -68.763
   -81.892
   -63.529
   -52.557
   -45.366
   -60.442
   -44.498
   -72.593
   -60.083
   -58.875
   -61.374
   -80.240
   -67.518
   -67.975
   -67.422
   -66.304
   -76.789
   -61.658
   -57.908
   -63.539
   -64.816
   -61.132
   -53.164
   -51.055
   -56.777
   -49.399
   -58.783
   -71.629
   -60.636
   -54.829
   -73.126
   -65.292
   -72.643
   -49.208
   -66.777
   -64.913
   -72.368
   -68.609
   -61.457
   -55.643
   -60.009
   -48.876
   -50.123
   -47.351
   -67.712
   -75.652
   -61.930
   -54.537
   -66.173
   -55.785
   -61.978
   -58.391
   -67.308
   -66.992
   -67.848
   -63.608
   -61.121
   -51.453
   -63.245
   -64.240
   -72.509
   -54.989
   -72.551
   -56.530
   -62.379
   -55.812
   -57.282
   -72.470
   -48.863
   -65.391
   -49.796
   -78.438
   -66.480
   -59.875
   -58.517
   -62.351
   -64.009
   -48.196
   -58.143
   -55.268
   -50.967
   -54.125
   -43.916
   -67.861
   -64.347
   -59.762
   -59.509
   -66.632
   -69.563
   -60.514
   -66.274
   -61.651
   -51.823
   -60.043
   -62.935
   -64.646
   -62.271
   -64.964
   -70.093
   -69.047
   -69.531
   -60.238
   -66.529
   -54.995
   -48.080
   -61.309
   -73.465
   -55.531
   -60.309
   -57.288
   -61.727
   -75.908
   -55.107
   -58.084
   -69.396
   -62.168
   -68.766
   -62.496
   -54.405
   -61.381
   -77.279
   -49.181
   -56.645
   -67.678
   -67.920
   -57.070
   -58.008
   -69.525
   -60.634
   -61.795
   -63.556
   -59.328
   -56.242
   -70.699
   -53.845
   -60.017
   -66.892
   -68.036
   -57.727
   -47.650
   -52.683
   -60.962
   -72.039
   -51.410
   -71.280
   -68.536
   -48.548
   -59.782
   -72.944
   -57.670
   -69.042
   -72.840
   -55.955
   -73.396
   -58.869
   -60.616
   -59.868
   -58.502
   -61.019
   -65.382
   -64.247
   -68.473
   -55.863
   -73.283
   -65.379
   -65.904
   -65.406
   -65.395
   -64.865
   -58.050
   -58.709
   -66.092
   -77.057
   -67.748
   -71.446
   -59.864
   -53.329
   -59.140
   -58.828
   -52.993
   -62.264
   -54.977
   -61.926
   -72.698
   -52.710
   -59.772
   -63.716
   -73.373
   -65.029
   -65.397
   -52.165
   -50.711
   -66.059
   -46.706
   -49.140
   -58.497
   -59.170
   -49.459
   -65.545
   -53.842
   -66.862
   -60.185
   -51.326
   -51.478
   -71.525
   -52.914
   -66.102
   -55.210
   -71.740
   -62.743
   -56.991
   -55.104
   -61.603
   -59.283
   -65.784
   -62.596
   -57.656
   -46.586
   -55.238
   -74.556
   -59.112
   -64.027
   -49.047
   -66.870
   -77.683
   -59.251
   -53.992
   -37.668
   -65.227
   -60.797
   -68.058
   -62.142
   -65.253
   -74.507
   -60.823
   -55.650
   -58.260
   -67.884
   -58.433
   -59.635
   -61.622
   -59.150
   -54.303
   -48.635
   -57.690
   -67.456
   -61.640
   -55.350
   -62.042
   -58.410
   -65.716
   -41.882
   -62.940
   -69.311
   -56.748
   -48.753
   -51.143
   -61.670
   -57.864
   -66.094
   -54.431
   -51.590
   -58.217
   -58.521
   -55.681
   -64.032
   -57.722
   -66.919
   -54.812
   -59.263
   -57.341
   -71.888
   -59.536
   -47.044
   -63.339
   -59.398
   -60.961
   -63.771
   -65.584
   -60.656
   -62.684
   -66.252
   -48.538
   -54.702
   -74.597
   -63.013
   -54.170
   -61.351
   -60.040
   -64.382
   -65.575
   -59.639
   -64.478
   -62.725
   -56.705
   -51.537
   -59.761
   -60.696
   -61.470
   -49.253
   -71.935
   -62.370
   -59.838
   -57.331
   -64.087
   -59.144
   -64.530
   -65.549
   -56.783
   -64.880
   -60.943
   -50.671
   -62.104
   -53.088
   -67.560
   -61.416
   -64.263
   -42.904
   -47.308
   -76.000
   -64.429
   -54.005
   -54.238
   -81.498
   -55.067
   -74.394
   -57.652
   -62.592
   -45.526
   -63.920
   -58.895
   -55.299
   -51.354
   -60.758
   -54.953
   -75.955
   -57.497
   -55.285
   -65.278
   -60.712
   -59.281
   -64.788
   -60.963
   -66.909
   -57.681
   -52.510
   -68.787
   -59.257
   -74.943
   -48.571
   -63.291
   -65.345
   -56.649
   -53.057
   -64.890
   -65.273
   -56.916
   -51.422
   -58.353
   -55.499
   -73.820
   -79.863
   -59.223
   -54.601
   -80.824
   -70.797
   -68.121
   -43.311
   -63.507
   -64.634
   -57.360
   -51.583
   -50.013
   -68.093
   -54.735
   -53.080
   -58.647
   -49.338
   -56.613
   -52.933
   -62.518
   -53.320
   -57.974
   -55.049
   -58.245
   -63.504
   -57.980
   -60.530
   -69.395
   -60.686
   -66.134
   -65.295
   -53.287
   -54.001
   -65.166
   -61.419
   -68.025
   -64.110
   -52.377
   -66.794
   -57.890
   -45.113
   -58.974
   -55.991
   -58.753
   -52.314
   -54.911
   -56.757
   -54.147
   -47.719
   -48.996
   -49.250
   -54.929
   -64.850
   -52.680
   -67.317
   -59.781
   -74.383
   -77.309
   -50.516
   -67.464
   -52.271
   -46.889
   -61.967
   -69.080
   -77.668
   -41.417
   -67.980
   -64.012
   -62.320
   -56.846
   -63.110
   -59.038
   -60.284
   -63.269
   -59.678
   -69.788
   -66.002
   -57.128
   -67.760
   -68.887
   -70.415
   -60.994
   -63.154
   -70.655
   -52.972
   -61.452
   -54.427
   -63.721
   -63.902
   -58.493
   -69.913
   -54.643
   -59.483
   -58.912
   -67.297
   -73.313
   -53.465
   -58.998
   -49.045
   -56.706
   -41.859
   -59.177
   -62.816
   -57.758
   -64.582
   -63.386
   -56.216
   -61.739
   -61.787
   -50.977
   -76.523
   -52.644
   -61.779
   -61.491
   -59.255
   -56.506
   -49.051
   -57.116
   -55.846
   -57.597
   -58.479
   -60.987
   -61.221
   -66.027
   -58.399
   -68.348
   -55.576
   -46.557
   -67.439
   -55.914
   -69.452
   -61.181
   -61.758
   -58.161
   -62.931
   -61.361
   -57.724
   -49.094
   -66.301
   -57.335
   -63.312
   -66.053
   -52.426
   -52.559
   -71.051
   -57.435
   -55.582
   -60.995
   -65.323
   -66.296
   -74.172
   -65.866
   -51.582
   -67.169
   -56.532
   -73.051
   -66.864
   -59.209
   -60.432
   -58.480
   -72.420
   -64.188
