   156.777
   153.701
   143.972
   137.657
   157.739
   153.698
   143.736
   141.556
   132.036
   145.728
   138.532
   146.606
   147.714
   123.034
   115.226
   142.329
   159.256
   159.701
   159.679
   147.003
   129.225
   121.040
   111.468
   146.546
   156.969
   147.642
   165.607
   143.273
   120.187
   141.199
   159.826
   146.455
   151.171
   151.591
   136.256
   151.388
   133.039
   141.361
   151.724
   135.944
   143.383
   147.843
   137.041
   140.795
   135.809
   131.986
   109.535
   108.079
   100.226
   107.933
   108.229
   151.448
   153.450
   160.879
   156.029
   135.887
   141.328
   146.114
   145.413
   154.753
   117.145
   155.148
   165.624
   150.468
   137.715
   153.248
   127.942
   125.511
   148.059
   107.663
   105.937
   110.635
   109.379
    99.566
   161.217
   157.508
   140.032
   151.937
   151.259
   142.673
   120.168
   142.754
   159.045
   138.344
   148.701
   148.279
   158.187
   149.817
   113.097
   146.170
   146.615
   146.710
   143.096
   154.357
   140.939
   158.188
   136.669
   162.051
   147.033
   138.068
   164.514
   170.812
   162.047
   152.463
   141.039
   159.249
   139.291
   158.151
   153.124
   153.205
   102.188
    97.175
    95.928
   108.792
   143.835
   145.157
   142.907
   145.085
   151.699
   149.947
   156.703
   111.332
   154.246
   164.280
   126.777
   110.633
    98.125
   100.195
   112.890
    95.800
   146.442
   137.271
   151.878
   138.074
   155.455
   108.876
   111.317
   103.753
   105.949
    99.965
   146.209
   149.335
   147.146
   148.962
   121.751
   143.295
   134.516
   127.338
   154.307
   102.400
   109.300
   151.275
   144.248
   164.826
   135.849
   138.347
   152.782
   143.839
   171.833
   144.774
   132.108
   132.895
   152.596
   148.029
   147.206
   150.636
   150.407
   152.166
   148.196
   145.664
   152.165
   154.202
   147.911
   150.908
   150.429
   150.493
   150.989
   175.838
   160.874
   149.584
   154.920
   150.980
   113.860
   115.928
   116.325
   111.473
   105.889
   108.745
   101.775
   109.149
   107.333
   125.685
   117.824
   143.352
   155.109
   141.269
   132.842
   133.757
   127.625
   143.749
   129.166
   154.664
   149.694
   150.367
   136.584
   143.839
   131.523
   167.658
   150.714
   152.957
   148.396
   153.999
   149.922
   105.577
   115.650
   160.621
   122.190
   108.799
   105.569
   115.930
   115.936
   108.887
   120.078
    96.351
   136.213
   145.314
   140.745
   150.381
   141.437
   141.601
   156.177
   142.430
   141.476
   136.829
   141.012
   109.070
   155.922
   162.729
   155.348
   150.279
   161.137
   150.054
   154.788
   113.957
   134.840
   157.828
   137.316
   165.000
   153.831
   145.114
   104.258
    98.711
   106.614
   123.536
   106.853
   109.127
   150.127
   161.136
   142.270
   158.388
   164.004
   158.395
   150.913
   104.295
   107.547
   131.130
   108.899
   130.791
   138.486
   145.712
   168.897
   142.917
   140.539
   107.246
   129.122
   109.568
   161.344
   153.956
   155.486
   152.758
   140.269
   145.545
   141.276
   149.253
   154.193
   148.895
   149.869
   146.890
   150.283
   156.411
   135.767
   143.461
   154.959
   165.073
   147.000
   151.278
   153.229
   138.492
   162.665
   144.201
   136.365
   144.835
   146.441
   163.576
   143.469
   118.960
   147.521
   151.852
   124.746
   165.775
   153.578
   160.628
   151.761
   153.867
   157.618
   133.499
   141.155
   153.023
   108.567
   101.729
   114.428
   100.972
   145.925
   153.858
   155.157
   152.186
   155.826
   149.905
   144.212
   146.724
   144.177
   140.072
   160.813
   143.459
   161.504
   160.973
   121.750
    93.761
   108.497
   118.239
    97.253
   114.407
   108.428
   115.906
   144.800
   142.833
   137.051
   156.408
   159.381
   151.350
   146.328
   152.209
   147.727
   152.192
   153.903
   151.848
   138.565
   113.717
   118.065
   101.852
   108.464
   105.765
   100.546
   108.970
   119.956
    91.692
   106.765
   154.560
   148.145
   145.542
   130.764
   100.490
   100.415
   113.542
   126.642
   149.208
   152.406
   154.795
   155.147
   154.330
   148.996
   155.790
   156.527
   142.181
   140.046
   159.370
   165.139
   151.701
   145.892
   153.169
   140.925
   146.685
   162.811
   144.789
   143.971
   143.566
   143.529
   139.338
   134.558
   147.175
   150.805
   152.356
   137.429
   145.570
   157.470
   149.611
   135.372
   137.236
   151.382
   152.686
   157.031
   156.307
   160.549
   135.480
   145.541
   145.312
   151.616
   147.727
   161.370
   157.933
   151.050
   173.643
   140.703
   140.122
   143.755
   123.109
   131.970
   130.586
   113.655
   112.383
   118.147
   109.936
   122.120
    99.166
   131.696
   142.491
   153.913
   143.203
   151.177
   153.520
   159.051
   140.648
   158.897
   163.688
   158.694
   157.458
   151.018
   134.655
   152.587
   146.985
   150.549
   156.914
   106.274
   107.399
   108.968
   101.621
   157.215
   125.825
   147.546
   100.822
   114.150
   157.778
   142.526
   122.983
   131.964
   148.923
   155.008
   150.859
   144.936
   151.252
   153.657
   140.930
   148.748
   143.293
   157.479
   150.437
   149.920
   132.817
   149.394
   152.499
   133.526
   159.977
   153.886
   110.592
   106.780
   150.697
   151.909
   148.989
   145.981
   155.155
   129.397
   103.871
   143.817
   150.686
   153.852
   143.394
   150.258
   153.689
   154.955
   160.515
   155.051
   157.034
   153.401
   156.233
   141.584
   135.050
   123.192
   111.913
   103.686
   108.991
   113.913
   106.289
    92.298
   103.214
   117.848
    99.713
    99.519
   101.400
   112.133
   100.335
   107.440
   111.275
    97.665
   110.421
   101.679
   101.231
   112.467
   102.284
   126.684
    95.312
   108.200
   133.627
   159.580
   139.995
   158.081
   155.200
   149.836
   153.588
   136.224
   147.232
   164.468
   153.301
   166.314
   153.918
   141.769
   155.665
   130.661
   159.806
   159.986
   167.106
   104.180
   139.679
   149.147
   141.987
   155.032
   148.534
   145.954
   149.783
   151.708
   157.492
   148.734
   151.073
   161.681
   141.573
   141.837
   139.032
   155.452
   142.311
   149.605
   156.455
   147.307
   150.720
   144.916
   150.220
   155.073
   155.213
   152.299
   116.386
   145.213
   152.805
   166.841
   132.993
   150.148
   141.752
   134.115
   154.681
   132.199
   149.014
   160.887
   147.014
   152.831
   165.443
   150.688
   155.829
   146.012
   128.476
   151.368
   150.586
   147.909
   155.346
   156.395
   155.948
   102.633
   106.168
   119.175
   150.054
   150.001
   137.746
   155.273
   134.678
   150.454
   142.816
   148.020
   129.480
   147.289
   130.724
   160.135
   154.102
   146.589
   154.432
   167.194
   148.449
   161.437
   150.145
   169.989
   148.367
   155.276
   156.177
   147.085
   152.727
   143.512
   163.327
   113.532
   124.581
   164.858
   145.518
   116.502
   162.629
   146.591
   155.992
   151.518
   159.710
   147.616
   127.887
   158.256
   134.078
   135.157
   142.276
   157.897
   152.601
   158.669
   147.714
   152.400
   157.440
   150.876
   135.239
   152.901
   144.127
   159.855
   151.982
   156.594
   152.364
   150.405
   153.322
   138.246
   141.579
   158.572
   143.836
   140.783
   110.350
   128.583
   104.598
    95.903
   114.462
   103.661
   118.815
   109.827
   118.216
   146.018
   131.724
   153.490
   164.732
   151.630
   157.104
   121.518
   142.981
   135.230
   149.257
   149.249
   133.491
   151.307
   142.123
   153.173
   145.214
   143.476
   137.944
   163.849
   144.803
   153.165
   117.227
   156.396
   161.741
   145.222
   161.873
   168.932
   148.369
   156.100
   162.524
   144.938
   159.739
   146.079
   154.120
   155.961
   147.462
   158.063
   158.471
   149.676
   160.031
   149.818
   159.758
   138.483
   146.396
   155.864
   153.817
   144.051
   166.158
   149.936
   143.900
   145.971
   136.548
   134.656
   145.822
   107.102
   102.113
   116.852
   140.683
   137.216
   146.703
   150.201
   138.552
   153.251
   154.145
   159.577
   161.431
   161.350
   151.976
   144.354
   142.663
   147.852
   134.170
   152.140
   147.865
   158.524
   150.979
   142.568
   155.484
   150.695
   144.742
   145.427
   143.915
   134.553
   142.924
   151.770
   108.516
   105.389
   119.858
   162.220
   154.529
   143.098
   152.968
   160.116
   150.750
   129.863
    96.624
   112.116
   108.490
   108.957
   132.169
   103.612
   109.522
   126.744
   102.869
   110.103
    99.822
   105.764
    99.228
   107.660
   123.988
   137.819
   138.487
   122.840
   140.482
   157.435
   146.022
   100.193
   100.426
   126.411
   115.342
   114.513
   121.963
   126.092
   116.348
   118.390
   127.611
   159.830
   138.072
   121.007
   116.992
   162.770
   109.995
   106.170
   104.850
   149.578
   137.422
   142.620
   151.120
   162.687
   156.581
   151.709
   150.364
   147.421
   147.663
   148.421
   145.865
   148.971
   142.103
   149.599
   143.601
   146.062
   143.786
   151.750
   138.565
   148.953
   149.693
   146.668
   146.178
   151.538
   146.460
   163.088
   150.819
   157.683
   157.237
   161.967
   146.936
   156.358
   145.424
   143.038
   156.733
   155.756
   157.778
   147.722
   156.523
   157.454
   144.656
   153.375
   151.067
   142.259
   163.476
   147.079
   158.949
   155.321
   159.606
   148.739
   150.501
   159.572
   101.539
   101.769
   163.629
   158.396
   164.252
   137.288
   142.920
   147.618
   166.991
   166.567
   135.761
   149.612
   161.486
   154.298
   160.643
   149.705
   158.751
   161.427
   153.524
   146.247
   128.409
   115.887
   105.089
   115.572
   121.032
   109.907
   135.373
   142.987
   151.824
   136.273
   148.630
   147.426
   153.624
   159.187
   171.800
   146.597
   123.648
   148.810
   145.638
   138.258
   134.548
   161.373
   151.546
   144.629
   153.661
   154.450
   154.849
   159.289
   136.382
   136.227
   149.049
   165.856
   149.340
   129.332
   151.676
   140.166
   134.302
   149.303
   151.815
   153.091
   142.598
   130.438
   122.500
   136.124
   159.402
   147.019
   142.352
   163.583
   144.642
   159.649
   144.929
   114.774
   103.247
   105.548
    98.058
    91.386
   128.357
   125.704
    88.991
   109.903
   113.158
   120.935
   148.931
   149.756
   144.827
   162.153
   163.976
   174.475
   153.824
   133.908
   165.861
   174.677
   163.723
   142.915
   142.672
   158.472
   151.916
   158.174
   158.390
   140.828
   148.417
   165.153
   154.082
   149.888
   146.077
   148.376
   155.709
   129.413
   144.842
   137.781
   150.741
   112.071
   150.790
   146.643
   128.438
   157.430
   146.339
   137.637
   152.236
   147.574
   141.621
   151.113
   158.378
   137.038
   150.041
   145.378
   153.311
   152.956
   153.627
    99.333
   113.605
    94.762
   128.801
   154.150
   144.336
