    62.131
    78.036
    76.599
    86.779
    67.386
    83.487
    69.363
    73.852
    86.217
    78.480
    63.119
    77.207
    86.153
    65.953
    76.381
    73.020
    73.803
    60.431
    64.994
    74.514
    73.209
    71.283
    68.115
    75.313
    60.123
    56.858
    67.732
    68.584
    55.785
    73.975
    80.026
    54.992
    77.385
    85.747
    72.379
    69.954
    58.681
    73.728
    73.432
    75.377
    69.507
    66.054
    73.804
    76.475
    63.177
    59.185
    62.230
    64.593
    81.089
    73.355
    70.472
    85.992
    72.672
    69.336
    73.239
    78.891
    77.197
    67.861
    63.620
    88.565
    63.411
    70.022
    79.842
    81.060
    71.876
    81.805
    83.337
    71.997
    79.850
    71.394
    73.084
    66.520
    79.874
    85.961
    85.933
    64.562
    63.771
    90.242
    81.697
    68.004
    59.613
    70.496
    68.686
    81.807
    81.222
    75.193
    80.189
    87.837
    82.680
    81.150
    77.601
    75.014
    79.968
    80.032
    72.486
    67.940
    81.642
    70.576
    80.946
    55.480
    88.929
    66.548
    74.279
    70.129
    64.429
    65.197
    77.054
    83.172
    64.792
    76.779
    54.308
    63.867
    65.701
    81.865
    75.384
    75.633
    72.300
    81.581
    71.994
    73.150
    85.030
    80.871
    80.097
    68.769
    83.714
    88.217
    92.574
    77.671
    86.202
    73.728
    70.607
    70.364
    92.186
    67.856
    67.966
    72.329
    69.580
    74.898
    73.241
    74.654
    82.085
    74.447
    80.406
    84.731
    89.868
    81.407
    68.213
    76.387
    82.861
    77.080
    83.268
    91.900
    74.879
    77.772
    77.248
    76.999
    72.162
    88.558
    88.233
    72.006
    74.630
    85.908
    81.584
    80.518
    79.241
    80.690
    66.941
    72.075
    71.094
    77.798
    73.677
    86.817
    71.137
    77.712
    77.658
    82.984
    68.317
    75.534
    73.717
    78.024
    78.779
    78.911
    54.683
    63.615
    70.213
    68.882
    64.790
    68.442
    75.056
    74.595
    62.316
    68.610
    58.071
    68.843
    58.380
    68.748
    84.682
    74.025
    68.862
    69.670
    72.110
    74.016
    73.365
    77.079
    75.199
    72.397
    70.406
    85.472
    75.291
    58.141
    77.134
    56.614
    66.075
    69.538
    89.662
    83.446
    85.304
    77.896
    73.889
    77.731
    84.040
    70.857
    81.708
    77.274
    76.263
    91.459
    80.820
    81.822
    78.434
    77.878
    61.022
    82.033
    75.445
    83.967
    65.847
    77.452
    74.766
    82.533
    78.718
    85.757
    66.097
    77.053
    73.320
    72.912
    68.441
    78.837
    71.765
    65.214
    74.426
    62.455
    78.086
    68.321
    76.922
    71.918
    79.875
    73.425
    75.116
    79.204
    67.559
    78.320
    68.271
    83.034
    78.721
    81.808
    67.007
    78.458
    72.868
    68.582
    75.616
    82.983
    81.655
    60.081
    59.791
    72.187
    78.785
    72.531
    73.115
    64.839
    64.960
    76.739
    65.545
    69.970
    63.196
    79.018
    64.061
    87.352
    79.027
    82.996
    49.067
    67.450
    64.842
    69.842
    66.145
    68.466
    65.368
    80.622
    79.979
    69.396
    70.065
    57.445
    75.508
    66.775
    79.594
    74.603
    71.900
    66.340
    78.676
    75.424
    68.163
    74.204
    81.097
    71.225
    63.572
    70.793
    77.943
    78.178
    62.451
    73.403
    73.938
    63.681
    75.771
    70.217
    86.686
    66.521
    57.663
    59.517
    69.895
    80.616
    67.851
    65.642
    64.021
    63.694
    75.907
    71.864
    78.783
    68.856
    76.534
    76.239
    74.964
    68.624
    65.490
    75.308
    65.764
    68.272
    76.767
    77.755
    76.274
    66.619
    73.557
    75.744
    74.570
    80.548
    75.965
    75.074
    70.680
    67.672
    68.334
    67.407
    61.830
    64.983
    82.199
    75.688
    74.685
    64.526
    76.636
    71.699
    67.948
    68.590
    76.145
    75.503
    63.175
    77.347
    67.485
    59.412
    78.644
    86.284
    87.465
    61.407
    62.634
    81.563
    72.549
    71.382
    80.717
    77.828
    73.018
    72.227
    79.485
    82.643
    77.557
    90.869
    81.357
    77.149
    87.870
    74.567
    75.585
    85.351
    74.995
    89.947
    76.461
    72.102
    87.893
    77.606
    87.785
    68.621
    77.742
    76.428
    72.273
    74.504
    68.917
    85.362
    76.841
    82.864
    82.840
    81.094
    72.472
    69.883
    72.453
    86.114
    66.755
    56.478
    70.067
    84.707
    77.199
    70.083
    66.928
    70.386
    71.022
    70.218
    74.593
    63.711
    81.701
    70.453
    80.471
    69.826
    70.518
    67.883
    63.975
    61.960
    82.124
    72.498
    77.259
    76.930
    72.578
    67.094
    74.832
    76.267
    79.413
    86.890
    82.873
    71.639
    76.222
    74.790
    72.953
    73.909
    74.717
    81.026
    87.128
    83.740
    79.311
    60.260
    81.873
    75.455
    85.589
    79.856
    87.206
    72.045
    88.428
    82.375
    76.249
    74.865
    74.244
    81.306
    69.237
    75.970
    88.871
    70.742
    85.100
    77.656
    83.166
    70.945
    83.470
    78.296
    80.328
    78.346
    75.622
    80.399
    78.158
    71.433
    80.030
    76.125
    79.315
    71.597
    82.165
    78.742
    80.705
    76.424
    70.255
    71.963
    76.002
    82.037
    71.158
    84.180
    91.001
    72.223
    93.006
    79.805
    68.234
    78.056
    75.772
    76.949
    79.496
    72.334
    83.250
    82.183
    70.359
    80.802
    78.211
    70.822
    74.389
    81.318
    78.006
    77.972
    71.590
    87.814
    73.304
    77.449
    72.143
    77.319
    77.408
    72.134
    77.911
    91.103
    72.458
    76.014
    76.201
    72.929
    79.757
    73.050
    74.639
    69.688
    78.360
    77.017
    65.639
    74.285
    81.686
    73.062
    74.939
    59.570
    66.692
    61.360
    80.212
    71.742
    73.861
    69.917
    54.176
    65.435
    87.887
    62.087
    67.068
    73.017
    80.495
    75.022
    63.853
    72.431
    67.609
    83.603
    79.494
    61.432
    76.391
    84.614
    80.298
    79.507
    67.121
    73.208
    66.101
    72.505
    78.630
    74.597
    75.791
    75.433
    83.399
    66.961
    69.753
    69.610
    75.674
    82.851
    77.866
    85.848
    60.839
    62.011
    73.027
    72.603
    73.240
    71.537
    80.921
    63.446
    69.130
    75.765
    51.062
    84.131
    60.344
    80.353
    67.765
    60.183
    54.210
    73.153
    64.892
    78.678
    77.659
    86.126
    82.188
    76.615
    82.906
    82.290
    56.391
    71.588
    67.405
    81.752
    83.828
    72.385
    66.746
    67.938
    69.387
    76.815
    65.195
    66.181
    73.845
    72.549
    62.648
    83.612
    71.639
    72.163
    83.141
    79.044
    69.758
    75.922
    70.952
    81.671
    80.273
    81.735
    81.630
    68.449
    71.339
    79.084
    75.571
    68.478
    82.029
    80.116
    79.441
    75.406
    78.645
    75.550
    69.181
    84.803
    76.684
    88.038
    85.767
    77.927
    76.015
    86.555
    84.799
    77.356
    84.441
    63.302
    79.622
    82.584
    77.620
    80.637
    76.406
    73.090
    71.819
    72.103
    75.008
    59.834
    75.154
    65.766
    75.555
    84.179
    81.405
    72.006
    82.256
    78.546
    75.273
    79.441
    91.831
    69.525
    73.765
    87.584
    72.129
    81.774
    77.655
    71.546
    83.997
    90.828
    83.872
    80.087
    72.900
    83.675
    72.790
    88.992
    75.292
    77.641
    85.998
    71.435
    79.812
    84.991
    83.088
    83.166
    72.977
    68.517
    77.644
    69.316
    78.163
    79.775
    77.840
    80.992
    81.286
    82.714
    82.065
    69.780
    79.066
    82.738
    60.910
    73.754
    70.790
    76.711
    72.607
    80.247
    84.643
    85.034
    90.860
    68.696
    86.943
    75.140
    77.149
    82.406
    92.044
    90.734
    64.188
    78.071
    72.710
    78.137
    79.503
    73.552
    78.132
    86.425
    93.449
    72.985
    72.820
    72.522
    68.992
    71.837
    78.799
    83.195
    75.556
    71.416
    77.201
    85.177
    89.591
    79.702
    83.777
    73.372
    73.890
    65.647
    79.964
    86.119
    76.392
    80.185
    76.588
    79.445
    77.771
    73.420
    82.841
    77.150
    83.864
    75.579
    79.722
    69.159
    80.093
    76.966
    80.432
    72.294
    81.744
    87.850
    84.226
    78.318
    79.476
    53.812
    76.066
    70.656
    82.056
    82.883
    83.231
    78.640
    79.292
    76.664
    77.533
    75.319
    84.134
    72.470
    59.058
    82.537
    73.016
    74.804
    88.852
    73.345
    81.427
    74.622
    69.392
    84.152
    78.719
    82.878
    80.483
    72.749
    71.301
    88.448
    79.411
    74.730
    82.765
    78.091
    80.606
    73.291
    80.123
    74.838
    78.369
    76.971
    68.169
    81.715
    70.856
    82.793
    71.673
    80.882
    97.532
    70.131
    78.011
    82.664
    79.010
    77.114
    65.919
    78.888
    68.267
    88.139
    66.133
    75.753
    63.862
    71.966
    79.268
    81.890
    76.108
    69.923
    63.907
    72.087
    67.123
    65.913
    76.779
    70.644
    60.850
    59.739
    81.015
    81.513
    80.438
    74.955
    70.440
    76.887
    74.295
    74.234
    81.108
    67.678
    77.339
    63.617
    86.276
    74.537
    93.482
    69.577
    64.703
    73.106
    79.900
    79.531
    70.852
    84.230
    71.499
    78.451
    81.040
    81.794
    66.467
    84.842
    74.395
    68.316
    87.556
    83.239
    79.693
    77.800
    75.982
    75.762
    91.469
    85.408
    82.170
    84.139
    68.588
    79.613
    76.264
    74.877
    87.440
    76.581
    79.605
    73.946
    79.171
    81.588
    94.873
    78.802
    71.229
    75.373
    73.052
    63.296
    75.079
    79.303
    79.364
    82.003
    82.248
    89.238
    74.768
    84.043
    66.793
    76.286
    68.237
    64.938
    79.272
    68.843
    79.256
    87.583
    84.696
    68.489
    85.307
    74.458
    70.824
    83.992
    77.978
    73.538
    86.335
    73.659
    78.781
    65.669
    87.453
    85.985
    76.283
    91.603
    72.840
    67.083
    72.257
    80.453
    70.171
    81.784
    76.130
    78.338
    89.303
    74.530
    65.203
    70.057
    80.229
    64.894
    74.471
    71.360
    66.753
    75.385
    67.589
    74.945
    66.377
    58.950
    74.919
    64.934
    66.512
    82.824
    69.869
    75.050
    76.375
    71.795
    83.764
    57.590
    67.950
    70.378
    71.850
    68.582
    59.599
    72.143
    79.055
    77.163
    64.007
    76.147
    62.608
    61.150
    80.217
    67.728
    70.942
    75.057
    77.538
    68.971
    62.069
    73.540
    78.543
    69.298
