   -46.245
   -54.253
   -37.126
   -44.541
   -56.858
   -54.535
   -62.730
   -42.027
   -42.244
   -43.417
   -39.431
   -51.954
   -49.186
   -47.473
   -48.888
   -40.380
   -48.367
   -48.162
   -36.759
   -54.549
   -63.711
   -42.340
   -47.050
   -49.463
   -62.696
   -48.800
   -47.837
   -50.040
   -49.388
   -54.649
   -49.507
   -54.293
   -60.670
   -47.412
   -44.671
   -40.932
   -48.844
   -41.183
   -40.856
   -51.393
   -60.636
   -49.871
   -53.749
   -55.482
   -52.676
   -40.807
   -52.666
   -48.281
   -42.014
   -43.268
   -47.358
   -38.286
   -45.487
   -47.014
   -63.486
   -36.043
   -35.223
   -41.192
   -57.579
   -43.218
   -53.693
   -42.401
   -43.452
   -48.543
   -38.393
   -43.529
   -44.819
   -46.086
   -49.554
   -43.844
   -35.966
   -49.243
   -49.038
   -48.571
   -50.999
   -50.880
   -54.550
   -52.794
   -38.289
   -42.297
   -51.268
   -38.241
   -54.957
   -56.909
   -48.570
   -51.452
   -41.370
   -48.874
   -46.280
   -38.617
   -43.220
   -44.869
   -39.415
   -41.696
   -35.173
   -38.818
   -43.374
   -41.636
   -45.008
   -48.420
   -50.512
   -46.339
   -46.551
   -38.720
   -44.833
   -51.183
   -46.814
   -49.146
   -31.664
   -34.683
   -58.584
   -41.146
   -48.584
   -40.031
   -61.811
   -35.424
   -39.893
   -38.229
   -46.783
   -53.113
   -26.113
   -52.519
   -57.619
   -46.578
   -57.896
   -37.584
   -48.141
   -36.317
   -40.051
   -42.469
   -60.335
   -28.153
   -47.986
   -38.921
   -55.182
   -54.493
   -56.553
   -47.789
   -50.836
   -45.880
   -46.617
   -44.173
   -39.577
   -23.936
   -53.202
   -40.886
   -52.252
   -41.473
   -42.050
   -41.600
   -35.098
   -54.695
   -47.223
   -45.431
   -48.356
   -54.372
   -53.720
   -37.324
   -38.887
   -56.626
   -44.072
   -58.714
   -54.992
   -45.124
   -42.972
   -45.656
   -57.084
   -39.042
   -46.567
   -43.176
   -50.026
   -49.661
   -52.433
   -45.171
   -52.969
   -57.434
   -64.354
   -53.845
   -50.531
   -51.258
   -53.727
   -51.894
   -61.278
   -32.791
   -42.472
   -50.433
   -29.445
   -58.039
   -63.089
   -36.325
   -45.026
   -43.473
   -43.617
   -39.209
   -41.785
   -47.499
   -46.013
   -52.280
   -42.221
   -54.893
   -49.628
   -53.325
   -37.478
   -36.246
   -53.661
   -40.812
   -37.241
   -54.967
   -31.809
   -53.206
   -55.889
   -41.046
   -49.882
   -47.930
   -44.044
   -50.637
   -48.409
   -55.322
   -49.867
   -51.625
   -31.784
   -49.505
   -57.520
   -52.306
   -54.313
   -37.590
   -59.520
   -46.788
   -56.479
   -40.439
   -60.548
   -35.443
   -50.629
   -45.489
   -35.576
   -37.429
   -35.011
   -42.491
   -52.918
   -57.158
   -52.739
   -44.614
   -49.564
   -54.929
   -32.070
   -46.024
   -45.499
   -45.185
   -47.823
   -45.292
   -46.634
   -49.591
   -40.159
   -50.745
   -39.313
   -51.856
   -38.756
   -42.393
   -42.452
   -43.538
   -45.195
   -33.556
   -46.966
   -41.735
   -47.885
   -66.048
   -51.023
   -50.885
   -47.559
   -35.275
   -55.436
   -40.549
   -53.068
   -46.304
   -37.907
   -43.561
   -39.307
   -51.682
   -38.268
   -48.449
   -45.514
   -46.508
   -48.176
   -37.373
   -43.616
   -39.073
   -39.182
   -49.972
   -36.120
   -35.726
   -35.089
   -51.121
   -32.626
   -48.557
   -41.952
   -38.831
   -48.237
   -44.379
   -33.436
   -42.148
   -55.422
   -32.186
   -39.221
   -59.021
   -44.368
   -50.961
   -35.623
   -44.107
   -47.993
   -59.878
   -53.505
   -58.627
   -56.717
   -36.475
   -46.579
   -53.725
   -47.066
   -56.398
   -62.552
   -48.569
   -52.361
   -37.894
   -32.861
   -56.523
   -43.969
   -57.710
   -46.685
   -52.415
   -37.682
   -47.208
   -38.712
   -48.995
   -51.903
   -46.461
   -36.530
   -47.450
   -29.865
   -45.024
   -53.807
   -27.377
   -47.565
   -37.423
   -43.855
   -52.794
   -48.245
   -56.946
   -51.981
   -40.826
   -47.994
   -47.318
   -45.133
   -34.988
   -53.108
   -45.947
   -46.674
   -53.273
   -54.581
   -47.595
   -39.046
   -30.744
   -52.894
   -45.301
   -38.256
   -35.590
   -51.925
   -41.722
   -46.928
   -50.293
   -47.577
   -36.346
   -58.422
   -43.564
   -50.928
   -43.500
   -29.484
   -38.413
   -42.956
   -34.234
   -49.348
   -53.041
   -33.724
   -54.650
   -34.760
   -46.926
   -47.603
   -38.607
   -39.485
   -57.206
   -48.418
   -51.742
   -41.564
   -52.453
   -39.209
   -42.369
   -49.548
   -44.107
   -40.358
   -38.042
   -53.528
   -40.455
   -43.391
   -37.045
   -50.869
   -40.644
   -47.695
   -45.577
   -52.652
   -44.419
   -50.890
   -58.386
   -47.470
   -55.288
   -38.545
   -43.973
   -39.506
   -40.326
   -52.814
   -53.849
   -47.586
   -50.758
   -52.875
   -48.145
   -45.464
   -48.405
   -36.078
   -41.006
   -42.838
   -38.334
   -45.762
   -47.834
   -47.981
   -45.050
   -36.764
   -45.808
   -42.425
   -39.959
   -49.312
   -63.745
   -40.457
   -41.442
   -42.539
   -47.198
   -58.078
   -49.233
   -40.161
   -31.115
   -51.726
   -42.809
   -33.221
   -36.087
   -57.925
   -48.630
   -38.464
   -68.729
   -50.939
   -29.093
   -48.578
   -45.652
   -47.066
   -35.663
   -61.964
   -40.030
   -50.213
   -50.950
   -36.761
   -44.182
   -39.826
   -66.411
   -39.179
   -44.622
   -43.610
   -48.481
   -47.979
   -50.495
   -44.796
   -46.001
   -48.790
   -51.644
   -42.704
   -39.173
   -50.227
   -46.192
   -53.045
   -44.723
   -56.784
   -46.755
   -45.219
   -49.923
   -48.031
   -65.421
   -40.042
   -32.496
   -50.045
   -46.773
   -43.726
   -45.793
   -49.815
   -50.390
   -38.139
   -37.202
   -33.674
   -43.231
   -48.004
   -44.303
   -36.524
   -48.941
   -48.655
   -53.849
   -36.495
   -43.663
   -45.133
   -60.244
   -49.147
   -47.515
   -57.702
   -31.311
   -39.424
   -59.624
   -39.455
   -53.971
   -46.214
   -41.241
   -48.794
   -48.061
   -34.888
   -50.612
   -49.870
   -45.861
   -52.770
   -45.763
   -34.214
   -53.006
   -41.437
   -30.736
   -44.703
   -43.141
   -35.129
   -34.656
   -57.003
   -51.782
   -41.826
   -38.067
   -42.607
   -69.767
   -53.390
   -46.449
   -40.905
   -56.966
   -50.431
   -42.024
   -43.482
   -49.842
   -53.729
   -53.430
   -39.721
   -56.728
   -37.692
   -52.309
   -42.427
   -47.373
   -53.689
   -38.865
   -40.977
   -60.376
   -57.465
   -51.085
   -46.791
   -49.536
   -53.947
   -60.626
   -28.010
   -37.939
   -64.583
   -46.647
   -52.140
   -49.513
   -57.069
   -49.494
   -41.695
   -45.512
   -49.651
   -45.550
   -43.097
   -51.979
   -35.586
   -60.215
   -46.719
   -59.359
   -32.953
   -37.745
   -41.848
   -41.744
   -49.762
   -49.153
   -53.737
   -55.686
   -49.339
   -37.970
   -58.160
   -51.710
   -31.133
   -34.745
   -56.704
   -41.341
   -57.180
   -47.090
   -56.485
   -48.389
   -44.804
   -44.244
   -53.598
   -35.385
   -53.792
   -36.208
   -57.502
   -43.272
   -37.978
   -51.356
   -52.709
   -35.277
   -53.000
   -38.770
   -57.669
   -38.578
   -47.667
   -42.554
   -49.335
   -34.145
   -45.644
   -45.477
   -53.072
   -39.851
   -37.874
   -42.178
   -58.521
   -55.886
   -25.623
   -48.306
   -59.975
   -42.980
   -58.096
   -40.326
   -43.650
   -59.765
   -52.792
   -41.345
   -52.436
   -42.659
   -50.740
   -39.353
   -44.040
   -46.840
   -44.744
   -46.297
   -50.274
   -57.831
   -62.128
   -51.767
   -43.594
   -52.789
   -42.686
   -39.601
   -50.858
   -40.494
   -49.684
   -47.212
   -46.995
   -41.675
   -66.554
   -51.749
   -42.162
   -37.814
   -39.521
   -54.469
   -51.113
   -43.534
   -42.315
   -36.220
   -36.875
   -59.745
   -53.960
   -48.554
   -47.619
   -48.515
   -42.317
   -41.595
   -36.654
   -50.729
   -45.559
   -31.351
   -55.077
   -53.069
   -47.561
   -47.912
   -52.038
   -44.667
   -39.774
   -60.873
   -44.228
   -43.456
   -45.649
   -27.928
   -47.811
   -29.227
   -57.840
   -59.025
   -45.393
   -56.979
   -33.132
   -54.425
   -46.164
   -21.470
   -49.803
   -58.511
   -40.960
   -43.935
   -44.079
   -45.309
   -45.185
   -49.145
   -43.076
   -38.875
   -50.912
   -42.419
   -51.580
   -39.504
   -53.649
   -40.900
   -39.472
   -45.631
   -54.381
   -58.327
   -39.093
   -40.250
   -57.485
   -47.449
   -21.427
   -47.703
   -30.986
   -52.485
   -37.346
   -40.258
   -58.372
   -50.210
   -50.419
   -62.240
   -32.273
   -39.583
   -53.422
   -50.853
   -27.013
   -42.899
   -34.514
   -53.321
   -55.652
   -61.608
   -48.715
   -54.913
   -60.771
   -63.573
   -36.124
   -38.842
   -46.939
   -49.401
   -47.192
   -47.010
   -47.491
   -51.408
   -36.736
   -39.187
   -54.131
   -41.200
   -42.344
   -50.431
   -48.249
   -48.158
   -46.923
   -51.919
   -40.825
   -44.263
   -54.704
   -45.599
   -34.464
   -40.320
   -43.961
   -48.113
   -52.316
   -34.193
   -42.972
   -22.070
   -39.188
   -34.897
   -65.641
   -50.656
   -50.066
   -44.916
   -38.840
   -38.741
   -53.638
   -40.770
   -35.308
   -38.587
   -44.566
   -30.032
   -52.056
   -43.952
   -50.919
   -47.760
   -45.984
   -58.277
   -45.171
   -63.484
   -49.949
   -51.043
   -43.536
   -38.270
   -43.822
   -43.072
   -38.990
   -50.646
   -44.443
   -53.372
   -40.735
   -47.265
   -37.182
   -47.320
   -46.667
   -46.925
   -51.653
   -56.361
   -50.748
   -39.159
   -49.410
   -41.806
   -38.072
   -45.873
   -49.676
   -41.353
   -38.726
   -48.658
   -61.651
   -47.613
   -54.928
   -50.566
   -43.721
   -48.536
   -45.040
   -56.997
   -51.677
   -44.533
   -54.970
   -49.205
   -32.775
   -32.839
   -27.738
   -37.096
   -35.529
   -46.298
   -39.852
   -50.794
   -50.370
   -46.653
   -53.905
   -39.761
   -36.706
   -46.789
   -34.775
   -43.613
   -47.742
   -47.664
   -45.362
   -37.314
   -38.748
   -44.000
   -45.904
   -46.570
   -58.500
   -49.710
   -35.805
   -45.442
   -42.191
   -47.423
   -52.745
   -57.703
   -51.356
   -46.167
   -42.358
   -33.379
   -49.148
   -40.766
   -37.297
   -32.592
   -49.320
   -41.413
   -44.491
   -36.837
   -51.780
   -50.214
   -50.970
   -51.756
   -42.251
   -57.890
   -45.539
   -61.161
   -37.861
   -44.560
   -42.291
   -52.899
   -37.994
   -51.901
   -54.722
   -49.073
   -39.299
   -45.025
   -51.495
   -39.275
   -52.140
   -53.164
   -40.336
   -26.468
   -52.774
   -52.581
   -41.046
   -49.668
   -56.611
   -56.069
   -43.339
   -46.526
   -48.414
   -47.670
   -54.944
   -35.014
   -33.593
   -42.619
   -46.626
   -56.379
   -38.103
   -54.474
   -46.080
   -34.487
   -24.849
   -41.136
   -44.722
   -65.359
   -35.980
   -57.492
   -52.520
   -33.317
   -53.064
   -44.169
   -42.271
   -37.820
   -48.776
   -44.590
   -43.239
   -48.586
   -37.695
   -60.947
   -53.072
   -45.933
   -51.398
   -49.805
   -24.932
   -39.010
   -31.414
   -34.357
   -51.798
   -51.351
   -48.832
   -52.501
   -46.396
   -55.870
   -52.705
   -35.958
   -49.350
   -47.475
   -37.996
   -33.443
   -42.096
   -28.370
   -43.312
   -52.198
   -55.620
   -48.976
   -43.669
   -55.649
   -52.691
   -49.074
   -37.955
   -33.286
   -46.230
   -56.688
   -47.415
   -37.368
   -48.161
   -63.629
   -44.175
   -36.055
   -51.345
   -58.107
