   -75.143
   -89.846
   -82.129
   -84.539
   -81.314
   -90.611
   -90.523
   -99.988
   -92.763
   -82.630
   -72.181
   -87.156
   -82.575
   -74.244
  -108.072
   -94.209
   -95.922
   -86.757
   -90.620
   -94.784
   -93.489
   -83.358
   -74.386
   -88.173
   -91.799
   -82.252
   -98.854
   -72.423
   -87.297
   -91.202
   -87.073
   -81.468
   -84.002
   -79.179
   -90.487
   -89.108
   -85.828
   -77.586
   -74.878
   -84.103
   -94.861
   -89.022
   -75.794
   -82.826
   -84.196
   -91.317
   -73.022
   -78.297
   -77.603
   -93.212
   -88.680
   -88.646
  -104.477
  -104.639
   -81.267
   -92.809
   -75.954
   -84.263
   -87.545
   -84.095
   -91.674
   -75.621
   -81.797
   -82.446
   -81.737
   -85.797
   -90.321
   -82.577
   -86.390
   -98.179
   -91.751
   -78.683
   -88.227
   -80.273
   -81.926
   -94.070
   -85.553
  -102.871
   -96.503
   -97.675
   -90.692
   -95.065
   -90.462
   -90.376
   -74.971
   -87.156
   -90.907
   -92.571
   -87.022
   -94.662
   -87.767
   -88.041
   -97.014
   -92.509
   -92.575
   -83.935
   -86.665
   -82.306
   -85.739
   -84.949
   -91.582
   -92.898
   -99.726
   -85.420
   -87.011
   -77.200
   -85.715
   -85.938
   -90.790
  -101.170
  -112.186
   -95.594
   -79.480
   -88.269
   -80.355
   -90.144
   -75.275
   -98.811
   -92.472
   -79.011
   -92.085
   -94.588
   -85.900
   -99.992
   -97.211
   -90.061
   -92.734
  -103.115
   -83.787
   -88.630
   -93.142
   -88.309
   -90.098
   -81.374
   -87.837
   -89.334
   -91.263
   -88.391
   -87.271
   -81.809
   -88.910
   -90.302
   -96.778
   -72.338
  -101.840
   -88.131
   -82.007
   -83.517
   -79.870
   -77.904
   -75.002
   -70.606
   -84.280
   -83.234
   -93.356
   -90.096
   -92.240
   -86.203
   -80.302
   -91.555
   -81.479
   -93.101
   -89.085
  -101.086
   -72.348
   -81.856
   -76.400
  -102.305
   -82.795
   -77.778
   -92.023
   -93.524
   -82.039
   -93.984
   -98.322
   -76.164
   -84.495
   -89.117
   -93.367
   -88.326
   -89.142
   -87.952
   -82.363
   -93.734
   -89.201
   -79.836
   -77.310
   -85.118
   -85.709
   -95.851
   -92.212
   -86.767
   -79.557
   -71.370
   -87.258
   -88.722
   -89.255
   -87.383
   -93.937
   -84.452
   -74.829
   -80.577
   -87.990
   -88.459
   -82.021
   -93.593
   -94.007
   -86.779
   -84.079
   -74.016
   -93.364
   -86.843
   -79.714
   -70.773
   -84.606
   -95.935
   -88.831
  -102.027
   -71.198
   -87.396
   -86.400
   -91.778
   -87.594
   -89.980
   -88.859
   -77.512
   -88.105
   -98.859
   -88.479
   -94.857
   -96.497
   -99.622
   -77.066
   -81.124
   -82.319
   -94.033
   -80.733
   -84.925
   -85.865
   -88.869
   -87.154
   -93.675
   -84.812
   -87.398
   -82.661
   -86.459
   -88.350
   -78.445
  -104.351
   -81.167
   -81.293
   -91.722
   -87.655
   -89.210
   -86.696
   -88.097
   -81.403
   -88.826
   -94.721
   -85.430
  -106.850
   -82.999
   -84.856
   -93.977
   -94.534
   -79.447
   -77.046
   -90.137
   -80.044
   -94.149
   -89.162
   -94.211
   -98.356
  -100.966
   -83.794
   -93.707
   -86.159
   -87.266
   -88.106
   -95.989
   -90.438
   -85.038
   -85.400
   -84.068
   -96.419
   -90.415
   -86.048
   -88.177
   -74.010
   -88.439
  -103.183
   -91.203
   -86.583
   -80.515
   -72.085
   -90.873
   -96.638
   -82.648
   -91.390
   -86.538
   -89.970
   -87.429
   -96.728
   -86.946
   -67.088
  -108.568
   -82.839
   -92.354
   -89.331
   -97.272
   -78.127
   -86.697
   -77.388
   -93.929
   -80.640
   -85.446
   -83.420
   -88.388
   -85.628
  -109.633
   -85.046
   -81.479
  -102.266
   -70.792
   -78.858
   -88.736
   -84.573
   -95.381
   -83.811
   -90.361
   -83.498
   -85.202
   -82.271
   -97.865
   -92.759
   -91.436
  -100.011
   -94.188
   -89.025
   -89.784
   -84.442
   -80.762
   -78.145
   -87.515
   -76.143
   -96.751
   -92.186
   -88.821
   -89.445
   -95.699
   -90.122
   -89.412
   -95.617
   -94.106
   -89.799
   -79.453
   -85.650
   -85.369
   -82.592
   -81.058
   -86.674
   -76.784
   -85.835
   -82.938
   -87.406
   -91.215
   -74.857
   -89.366
   -79.184
   -88.010
   -76.183
   -81.289
   -83.231
  -105.523
   -82.756
   -94.016
   -84.810
   -83.980
   -68.886
   -82.637
   -92.366
   -87.816
   -82.929
   -99.176
   -89.581
   -78.895
   -80.918
   -80.913
   -94.465
   -93.376
   -93.036
   -75.917
  -101.965
   -87.112
   -80.439
   -99.102
   -84.621
   -80.270
   -82.418
   -80.736
   -80.501
   -86.848
   -95.209
   -91.973
   -83.502
   -93.251
   -94.361
   -82.856
   -85.193
   -74.833
   -82.355
   -94.336
  -107.383
   -86.216
  -100.906
  -104.270
   -92.588
   -98.985
   -92.493
   -70.516
   -95.433
   -89.550
   -88.890
   -87.655
   -95.640
   -74.834
   -80.139
   -95.622
   -98.332
   -88.559
   -92.017
   -97.523
   -82.526
   -89.748
   -78.151
  -100.741
   -79.009
   -76.182
   -83.278
   -96.630
   -83.086
   -80.900
   -88.492
   -81.187
   -94.491
   -84.730
   -84.102
   -82.184
   -83.099
   -88.705
   -87.830
   -80.424
   -76.329
   -77.930
   -84.368
   -88.742
   -86.573
   -96.026
   -94.747
   -90.965
   -88.114
   -98.175
  -104.077
   -83.621
   -83.042
   -82.367
   -92.515
   -88.252
   -85.795
   -91.150
   -90.307
   -86.733
   -90.929
  -107.097
   -70.101
   -81.840
   -82.386
   -92.638
   -83.330
   -94.916
   -94.054
   -89.397
   -73.559
   -75.668
   -84.029
   -85.295
   -94.498
   -82.204
   -97.428
   -87.290
   -94.218
   -78.108
   -80.797
   -91.501
   -85.102
   -88.753
   -97.358
   -79.880
   -87.455
   -86.564
   -84.701
   -93.120
   -83.860
   -88.981
   -91.544
   -89.232
   -93.846
   -82.963
   -81.223
   -68.596
   -91.723
   -91.271
   -78.482
   -88.627
   -80.656
   -84.027
   -85.802
   -85.902
   -79.322
   -86.957
   -99.475
   -87.479
   -85.471
   -87.925
   -95.782
   -96.917
   -90.097
   -78.213
   -80.254
   -85.071
   -85.038
   -80.942
   -96.265
   -80.650
   -94.631
   -78.950
   -89.425
   -86.312
   -88.824
   -91.978
   -86.252
   -91.876
   -92.715
   -79.831
   -78.242
   -84.949
   -90.293
   -86.086
   -93.969
   -73.606
   -96.386
   -91.000
   -89.526
   -78.473
   -88.362
   -89.187
   -87.880
   -96.692
   -93.431
   -84.679
   -74.121
   -78.290
   -84.887
   -89.307
   -90.612
  -100.753
   -75.403
   -89.787
   -82.896
   -86.548
   -90.019
   -79.895
   -88.476
   -89.962
   -82.724
   -75.253
   -92.198
   -95.582
   -70.548
   -79.297
   -76.267
   -93.528
   -77.349
   -87.058
   -84.568
   -81.660
   -90.148
  -102.482
   -84.949
   -96.761
   -80.542
   -86.192
   -81.626
   -88.347
   -79.692
   -82.464
   -94.829
   -89.496
   -89.102
   -86.430
   -81.680
   -96.248
   -97.003
   -84.614
   -93.745
   -91.104
   -85.441
   -97.472
   -81.220
  -106.940
   -93.592
   -72.302
   -86.575
   -87.653
   -84.550
   -84.007
   -79.151
   -82.397
   -92.283
   -79.784
   -96.703
   -91.968
   -90.664
   -87.041
   -84.498
   -85.820
   -85.334
   -79.298
   -96.547
   -95.182
   -80.688
   -98.564
   -88.960
   -95.472
   -88.802
   -75.831
   -82.470
   -85.421
   -89.362
   -77.616
   -97.504
   -82.995
   -93.627
   -78.336
   -93.653
   -89.062
  -106.095
   -95.096
   -84.054
   -93.883
   -93.399
   -82.758
   -77.717
   -89.732
   -68.437
   -80.855
   -87.666
   -76.222
   -91.783
   -89.080
   -90.457
   -79.629
   -95.404
   -88.048
   -85.296
   -91.372
   -83.339
   -76.681
   -70.532
   -98.522
   -83.966
   -93.727
   -79.451
   -93.494
   -87.452
   -84.030
   -96.766
  -101.878
   -91.500
   -82.032
  -100.090
   -73.031
   -90.503
   -88.283
   -87.031
   -80.430
   -84.446
   -75.981
   -87.875
   -85.663
   -86.978
  -103.333
   -93.254
   -91.880
   -84.081
   -78.245
   -88.440
   -89.915
   -97.488
   -93.869
   -89.759
   -86.749
   -95.027
   -99.283
   -92.643
   -95.270
   -82.105
   -95.703
   -81.591
   -90.706
   -87.685
   -84.236
   -78.971
   -92.955
   -98.917
   -83.193
   -97.531
   -94.244
   -88.154
   -88.641
   -85.487
   -83.572
   -85.790
   -95.483
   -92.304
   -76.349
   -87.985
   -96.013
   -81.633
   -85.957
   -89.895
   -95.230
   -89.063
   -85.956
   -93.979
   -93.169
   -84.333
   -81.629
   -86.330
   -88.154
   -93.977
  -100.333
   -85.343
   -86.695
   -91.075
   -82.856
   -78.894
   -73.448
   -86.190
   -80.673
   -69.716
   -87.118
   -83.040
   -87.994
   -90.066
   -78.797
   -77.694
   -94.793
   -83.944
   -82.770
   -91.249
   -82.947
   -82.401
   -77.130
   -92.687
   -74.074
   -84.444
   -78.832
  -104.916
   -84.317
   -83.036
   -87.274
   -94.775
   -69.698
   -98.112
   -89.457
  -107.939
   -95.252
   -92.478
   -90.740
   -87.299
   -82.694
   -92.689
   -93.516
   -80.205
   -91.524
   -92.784
   -71.676
   -83.144
   -91.219
   -87.900
   -96.406
   -96.912
   -87.457
   -79.782
   -78.926
   -85.051
   -87.591
   -99.101
   -86.137
   -84.566
   -85.107
   -82.902
   -91.376
   -86.131
   -84.978
   -88.492
   -92.123
   -82.829
   -95.548
   -93.982
   -80.827
  -105.000
   -83.321
   -80.981
   -85.595
   -86.319
   -85.204
   -81.076
   -92.209
   -88.143
   -69.453
   -85.570
   -72.919
   -87.663
   -73.975
   -89.904
   -96.079
   -97.965
  -102.452
   -91.276
   -85.648
   -92.142
   -85.649
   -69.043
   -80.755
   -84.948
   -92.667
   -86.081
   -90.370
   -92.643
   -90.624
   -80.565
   -84.161
   -81.813
   -84.143
   -92.289
   -92.259
   -83.306
   -93.135
   -85.315
   -90.079
  -100.925
   -94.265
   -85.836
   -77.639
   -89.388
   -74.430
  -110.627
   -87.648
   -89.753
   -90.021
   -81.928
   -86.960
   -84.761
   -77.271
   -88.231
   -81.656
   -73.813
   -88.668
   -92.052
   -81.368
   -89.422
   -83.311
   -99.046
   -92.795
   -87.467
   -92.418
   -92.499
   -91.478
   -79.388
   -91.482
   -86.702
   -79.116
   -78.811
   -73.773
   -91.550
   -87.048
   -89.003
   -87.149
  -103.141
   -86.756
   -84.022
   -94.949
   -89.966
   -80.127
   -83.875
   -82.116
   -91.354
   -88.958
   -84.307
   -76.718
   -87.449
   -87.168
   -82.838
   -84.306
   -75.431
   -77.464
   -89.433
   -90.102
   -94.416
   -93.189
   -96.387
   -83.202
   -94.554
   -88.753
   -88.434
   -77.634
   -83.604
   -83.962
   -90.247
   -94.711
   -84.045
   -97.460
   -86.056
   -86.148
   -83.411
  -102.591
   -81.990
   -96.351
   -95.359
   -99.881
  -102.322
   -83.139
   -87.142
   -82.576
   -99.024
  -101.018
   -94.238
   -86.126
   -90.457
   -76.973
   -81.507
   -78.897
   -73.034
   -80.755
   -96.326
   -85.605
   -94.100
   -92.115
   -89.675
   -81.893
   -85.093
   -91.025
   -91.220
   -85.094
   -86.364
   -81.187
   -89.014
   -77.207
   -84.119
   -95.232
   -87.500
   -93.112
   -94.594
  -100.467
   -97.172
   -89.205
   -92.410
   -92.660
   -88.433
   -81.815
   -89.211
  -100.526
   -90.699
   -98.702
   -97.109
   -85.738
   -92.529
   -73.602
   -83.215
   -97.434
   -75.262
   -81.263
   -89.738
   -73.396
   -74.158
   -91.194
  -101.682
   -86.751
   -82.025
   -87.253
  -100.462
   -87.151
   -88.919
   -81.400
   -76.603
   -95.894
   -85.548
   -94.417
