  -149.541
  -145.627
  -136.450
  -129.194
  -136.999
  -135.278
  -148.944
  -154.344
  -131.948
  -136.598
  -145.016
  -126.616
  -136.419
  -136.647
  -151.545
  -134.167
  -142.392
  -139.255
  -144.961
  -125.047
  -142.442
  -139.995
  -142.715
  -135.255
  -156.010
  -140.903
  -137.781
  -125.939
  -137.876
  -134.590
  -133.994
  -136.554
  -124.957
  -124.730
  -146.119
  -131.756
  -123.491
  -130.600
  -136.515
  -144.406
  -143.165
  -127.340
  -127.110
  -135.417
  -138.572
  -142.180
  -133.295
  -119.540
  -126.093
  -135.901
  -126.518
  -132.547
  -139.029
  -128.379
  -136.202
  -153.028
  -144.731
  -141.046
  -150.316
  -134.568
  -123.623
  -145.750
  -129.553
  -142.826
  -146.259
  -137.253
  -126.799
  -137.643
  -124.645
  -142.591
  -130.976
  -130.109
  -123.701
  -139.300
  -128.283
  -122.247
  -127.888
  -139.736
  -133.823
  -138.615
  -136.490
  -128.337
  -123.442
  -146.766
  -138.996
  -128.457
  -130.217
  -130.032
  -110.885
  -125.980
  -134.068
  -136.104
  -138.354
  -142.053
  -144.094
  -134.407
  -128.424
  -131.605
  -116.096
  -145.552
  -136.036
  -149.320
  -129.420
  -155.291
  -132.050
  -135.705
  -129.871
  -131.024
  -140.567
  -139.304
  -133.352
  -135.617
  -116.722
  -109.002
  -117.172
  -136.943
  -139.240
  -130.276
  -126.154
  -128.679
  -136.854
  -133.288
  -145.555
  -138.756
  -137.032
  -111.408
  -134.941
  -115.075
  -138.057
  -138.032
  -140.259
  -137.199
  -133.941
  -128.019
  -144.288
  -142.798
  -137.399
  -134.417
  -134.066
  -129.943
  -129.514
  -144.994
  -137.035
  -130.713
  -145.459
  -145.927
  -136.627
  -133.242
  -139.934
  -126.915
  -137.639
  -136.347
  -128.193
  -136.407
  -143.184
  -139.314
  -123.088
  -142.187
  -136.766
  -119.208
  -147.477
  -136.176
  -132.477
  -141.904
  -127.861
  -145.727
  -120.537
  -135.826
  -125.182
   -97.322
  -125.646
  -145.658
  -112.875
  -111.991
  -147.186
  -146.531
  -142.031
  -129.274
  -143.292
  -123.299
  -145.611
  -125.738
  -125.314
  -133.262
  -138.907
  -138.966
  -136.019
  -132.902
  -140.136
  -136.971
  -126.465
  -137.488
  -139.329
  -149.650
  -143.603
  -139.455
  -133.007
  -109.530
  -135.755
  -129.135
  -137.091
  -130.036
  -129.698
  -142.061
  -122.252
  -147.784
  -141.214
  -127.198
  -118.609
  -131.924
  -129.068
  -130.123
  -140.782
  -128.386
  -134.678
  -140.895
  -132.238
  -132.346
  -137.456
  -134.567
  -122.826
  -125.135
  -137.958
  -141.828
  -126.685
  -144.681
  -125.912
  -141.783
  -140.118
  -126.940
  -132.764
  -147.826
  -129.071
  -143.219
  -141.404
  -128.850
  -128.233
  -137.113
  -136.586
  -124.383
  -134.774
  -138.461
  -133.858
  -137.583
  -137.222
  -120.508
  -145.747
  -116.530
  -137.342
  -142.328
  -142.264
  -130.016
  -140.726
  -133.006
  -132.266
  -131.502
  -129.286
  -142.175
  -136.111
  -134.085
  -136.314
  -137.076
  -115.477
  -135.256
  -110.270
  -140.339
  -125.665
  -141.774
  -130.366
  -124.903
  -145.118
  -131.955
  -112.812
  -126.224
  -134.131
  -148.689
  -132.718
  -115.645
  -133.510
  -107.895
  -124.764
  -141.195
  -131.695
  -148.087
  -135.512
  -136.657
  -139.333
  -137.507
  -134.423
  -121.310
  -133.017
  -131.443
  -142.417
  -127.844
  -132.927
  -142.179
  -137.328
  -122.161
  -122.024
  -133.618
  -133.184
  -135.103
  -135.323
  -138.736
  -111.636
  -125.084
  -130.574
  -138.269
  -127.342
  -129.728
  -130.745
  -141.360
  -119.372
  -134.667
  -128.331
  -140.142
  -130.461
  -138.875
  -139.302
  -141.727
  -139.579
  -136.044
  -135.858
  -114.642
  -125.702
  -120.551
  -130.979
  -149.356
  -128.697
  -129.078
  -132.484
  -138.008
  -140.767
  -131.773
  -139.869
  -126.781
  -132.949
  -152.531
  -141.053
  -138.201
  -135.095
  -136.759
  -134.837
  -138.993
  -138.806
  -132.594
  -115.910
  -127.353
  -127.686
  -124.302
  -137.607
  -134.859
  -135.525
  -138.334
  -140.995
  -149.590
  -128.776
  -143.608
  -137.469
  -137.146
  -132.824
  -151.409
  -154.093
  -127.688
  -123.936
  -146.108
  -139.907
  -133.357
  -145.432
  -123.121
  -128.208
  -136.650
  -123.883
  -131.048
  -151.363
  -119.158
  -144.938
  -143.593
  -129.830
  -120.275
  -148.794
  -126.881
  -116.464
  -120.534
  -111.317
  -133.710
  -137.758
  -137.371
  -134.930
  -126.141
  -117.008
  -137.704
  -144.444
  -132.893
  -131.472
  -133.371
  -139.083
  -127.813
  -128.699
  -130.280
  -127.496
  -110.085
  -133.201
  -132.928
  -145.130
  -142.183
  -140.181
  -132.172
  -130.676
  -140.664
  -144.270
  -116.008
  -159.780
  -121.308
  -137.663
  -135.804
  -143.961
  -134.546
  -142.443
  -121.083
  -128.006
  -147.012
  -135.155
  -135.923
  -134.524
  -137.413
  -132.107
  -129.585
  -133.717
  -139.484
  -142.285
  -138.750
  -135.894
  -134.813
  -137.516
  -142.009
  -118.654
  -139.362
  -129.901
  -117.525
  -134.490
  -124.231
  -110.020
  -122.526
  -121.252
  -138.692
  -127.007
  -139.138
  -119.445
  -135.767
  -128.466
  -128.645
  -124.980
  -140.887
  -135.839
  -133.310
  -110.591
  -131.357
  -145.333
  -120.493
  -141.304
  -135.914
  -146.279
  -139.531
  -137.731
  -132.136
  -115.073
  -133.281
  -130.544
  -132.273
  -128.791
  -136.806
  -140.865
  -145.749
  -133.949
  -137.692
  -141.317
  -133.937
  -132.102
  -138.442
  -137.282
  -112.421
  -136.950
  -125.083
  -148.683
  -146.535
  -139.418
  -134.985
  -128.313
  -121.729
  -143.671
  -137.552
  -124.489
  -129.750
  -129.580
  -148.027
  -142.402
  -134.089
  -127.281
  -140.592
  -137.354
  -138.758
  -143.074
  -148.302
  -139.489
  -111.549
  -128.142
  -145.475
  -128.693
  -146.473
  -144.701
  -150.354
  -144.802
  -137.631
  -139.417
  -138.374
  -130.742
  -121.958
  -129.721
  -143.138
  -135.530
  -142.410
  -137.510
  -135.133
  -143.994
  -140.709
  -136.026
  -137.440
  -139.668
  -143.100
  -145.403
  -132.637
  -144.592
  -114.613
  -134.381
  -136.449
  -136.104
  -136.094
  -130.945
  -135.978
  -141.485
  -138.753
  -129.894
  -135.209
  -150.395
  -134.728
  -132.745
  -133.456
  -134.418
  -144.189
  -128.573
  -134.406
  -143.842
  -144.009
  -119.167
  -140.891
  -133.686
  -128.028
  -138.389
  -142.586
  -125.147
  -134.630
  -142.725
  -133.939
  -140.811
  -133.793
  -140.396
  -142.604
  -140.305
  -141.544
  -132.190
  -146.301
  -131.568
  -135.138
  -139.011
  -138.299
  -130.711
  -126.222
  -142.396
  -133.433
  -135.394
  -117.248
  -139.009
  -111.718
  -133.397
  -145.549
  -158.759
  -125.585
  -127.895
  -128.302
  -115.063
  -133.938
  -136.787
  -147.383
  -148.298
  -152.916
  -141.656
  -129.966
  -137.928
  -130.394
  -134.663
  -145.952
  -148.434
  -142.759
  -122.791
  -133.891
  -137.820
  -121.857
  -142.015
  -126.020
  -150.235
  -137.289
  -139.552
  -123.237
  -140.414
  -132.531
  -131.445
  -115.887
  -149.766
  -132.024
  -126.244
  -134.323
  -131.149
  -138.848
  -140.806
  -135.084
  -119.641
  -105.407
  -142.028
  -127.633
  -133.891
  -122.254
  -114.837
  -136.788
  -138.539
  -136.321
  -126.023
  -107.206
  -130.897
  -125.097
  -128.843
  -122.545
  -147.801
  -121.959
  -139.301
  -141.224
  -132.529
  -110.897
  -124.227
  -127.554
  -138.333
  -131.256
  -147.256
  -147.723
  -128.966
  -143.788
  -146.795
  -141.644
  -125.889
  -114.830
  -139.350
  -140.244
  -127.182
  -115.210
  -131.933
  -146.327
  -123.210
  -120.777
  -145.469
  -114.362
  -126.902
  -133.210
  -136.848
  -130.732
  -133.943
  -142.599
  -119.794
  -143.769
  -117.228
  -122.069
  -145.155
  -133.149
  -144.117
  -131.527
  -147.179
  -135.361
  -137.579
  -137.886
  -134.006
  -130.664
  -128.342
  -133.909
  -141.289
  -131.258
  -141.509
  -143.510
  -150.003
  -140.295
  -142.716
  -148.201
  -137.182
  -125.592
  -141.980
  -137.788
  -143.231
  -137.850
  -147.279
  -136.572
  -128.703
  -136.154
  -138.132
  -140.503
  -130.497
  -123.561
  -125.353
  -124.106
  -125.138
  -142.868
  -137.838
  -138.977
  -139.084
  -142.433
  -134.998
  -140.202
  -138.626
  -130.992
  -136.801
  -142.297
  -142.773
  -134.233
  -142.008
  -111.025
  -128.374
  -135.613
  -128.461
  -137.014
  -116.594
  -139.286
  -136.436
  -151.594
  -144.119
  -147.743
  -135.912
  -124.414
  -150.012
  -140.418
  -138.654
  -143.125
  -131.349
  -140.698
  -133.631
  -155.290
  -147.597
  -140.982
  -122.063
  -140.807
  -138.254
  -132.308
  -135.606
  -126.284
  -140.882
  -142.563
  -127.295
  -144.467
  -134.451
  -134.597
  -144.024
  -111.487
  -115.454
  -132.309
  -140.275
  -131.963
  -137.496
  -144.193
  -141.892
  -135.134
  -142.438
  -130.692
  -135.733
  -143.297
  -132.679
  -146.098
  -103.270
  -131.193
  -129.063
  -137.317
  -142.140
  -131.537
  -151.224
  -125.649
  -125.595
  -132.233
  -140.131
  -116.970
  -135.740
  -146.003
  -141.116
  -141.333
  -143.524
  -147.119
  -126.048
  -126.009
  -133.176
  -131.673
  -137.350
  -121.649
  -118.735
  -139.160
  -138.448
  -145.584
  -129.572
  -123.372
  -128.074
  -141.355
  -127.440
  -114.069
  -133.479
  -131.676
  -137.239
  -132.519
  -150.767
  -132.803
  -144.958
  -124.244
  -117.629
  -130.407
  -130.145
  -138.244
  -141.543
  -137.741
  -145.518
  -128.557
  -130.100
  -148.514
  -148.805
  -128.141
  -148.168
  -118.420
  -139.351
  -127.341
  -126.921
  -142.544
  -118.982
  -139.510
  -132.288
  -136.937
  -147.065
  -128.351
  -138.856
  -136.533
  -144.905
  -141.634
  -143.978
  -143.403
  -126.075
  -126.271
  -126.344
  -121.349
  -132.638
  -145.045
  -139.606
  -146.052
  -138.092
  -131.383
  -149.361
  -116.234
  -127.701
  -128.424
  -131.930
  -134.083
  -139.002
  -120.557
  -141.810
  -116.533
  -118.800
  -138.714
  -156.407
  -129.820
  -111.867
  -142.912
  -119.169
  -127.340
  -138.163
  -134.883
  -145.038
  -121.245
  -123.929
  -130.360
  -125.756
  -125.555
  -130.361
  -122.410
  -140.053
  -139.987
  -135.619
  -147.554
  -139.639
  -139.971
  -125.984
  -114.859
  -123.589
  -131.608
  -133.290
  -142.635
  -125.868
  -139.476
  -141.866
  -135.172
  -119.320
  -131.254
  -131.824
  -141.128
  -118.761
  -134.732
  -123.014
  -151.864
  -112.111
  -133.765
  -140.845
  -137.632
  -131.394
  -128.359
  -121.585
  -137.863
  -140.797
  -111.031
  -127.396
  -125.545
  -138.839
  -138.597
  -147.136
  -149.279
  -131.671
  -131.528
  -127.787
  -128.756
  -124.837
  -151.346
  -130.120
  -111.059
  -136.033
  -134.870
  -118.501
  -143.788
  -146.299
  -129.064
  -135.646
  -138.155
  -132.288
  -128.631
  -140.624
  -116.071
  -134.230
  -112.138
  -139.732
  -120.461
  -132.222
  -136.072
  -142.160
  -127.794
  -140.494
  -141.398
  -142.389
  -136.833
  -139.884
  -141.746
  -131.931
  -139.811
  -115.536
  -145.238
  -138.530
  -129.535
  -136.544
  -136.610
  -133.169
  -134.415
  -138.776
  -146.045
  -140.570
  -127.960
  -130.515
  -139.710
  -133.057
  -138.501
  -143.277
  -136.596
  -150.343
  -128.688
  -134.130
  -142.948
  -143.530
  -146.842
  -142.649
  -108.534
  -133.964
  -130.452
  -143.648
  -138.954
  -114.335
  -151.585
