    69.860
    62.243
    59.689
    57.576
    51.006
    56.458
    72.606
    53.997
    50.711
    50.349
    65.521
    58.421
    60.763
    49.538
    71.203
    63.122
    54.605
    57.307
    69.606
    51.076
    48.366
    48.397
    34.360
    59.002
    56.300
    37.300
    62.784
    47.118
    45.594
    63.263
    60.193
    61.669
    51.451
    50.658
    62.923
    67.037
    50.096
    64.368
    54.056
    50.495
    62.074
    56.777
    59.080
    58.520
    53.649
    52.608
    49.246
    56.702
    51.497
    63.824
    59.393
    53.888
    46.073
    57.529
    53.452
    54.476
    61.273
    58.954
    56.445
    63.326
    48.744
    45.195
    67.364
    71.256
    42.026
    62.084
    55.358
    51.933
    56.099
    57.328
    47.792
    55.271
    57.178
    53.843
    51.059
    58.833
    67.952
    53.654
    52.214
    63.723
    54.253
    52.356
    63.391
    42.485
    62.735
    46.978
    65.278
    65.448
    58.378
    65.301
    69.997
    51.477
    62.942
    52.567
    60.751
    47.450
    56.314
    56.258
    38.949
    51.617
    54.684
    61.473
    61.417
    57.948
    59.310
    61.824
    60.686
    52.144
    48.339
    66.054
    59.654
    64.420
    65.833
    51.511
    54.183
    70.885
    55.970
    45.607
    53.970
    68.521
    64.322
    66.406
    52.730
    40.616
    57.296
    72.641
    54.351
    52.565
    53.459
    64.079
    56.106
    58.947
    49.781
    53.876
    61.912
    55.889
    60.464
    63.127
    55.041
    65.776
    61.661
    54.080
    76.953
    60.882
    73.450
    69.376
    55.157
    66.750
    71.342
    66.015
    59.471
    70.156
    71.060
    82.730
    61.133
    68.972
    73.954
    61.703
    74.328
    71.786
    59.504
    53.054
    65.552
    80.072
    70.789
    66.956
    75.541
    70.884
    63.339
    64.691
    58.111
    79.920
    63.601
    62.148
    69.768
    75.362
    63.004
    58.736
    67.617
    69.100
    63.752
    66.583
    77.091
    77.786
    69.915
    66.036
    54.733
    60.403
    75.358
    73.036
    72.460
    55.386
    72.108
    62.454
    44.543
    68.255
    57.325
    63.570
    60.147
    67.384
    64.431
    69.729
    59.115
    59.938
    65.054
    50.569
    59.541
    60.416
    56.340
    43.412
    59.138
    69.096
    63.340
    37.505
    66.130
    53.046
    51.204
    59.949
    60.635
    47.992
    62.921
    70.490
    65.608
    70.604
    56.414
    51.118
    64.424
    56.931
    66.259
    66.695
    73.647
    59.478
    51.790
    59.216
    42.957
    60.412
    58.344
    52.653
    51.835
    58.644
    49.783
    69.586
    55.559
    53.318
    47.918
    41.411
    58.428
    40.059
    54.285
    62.125
    67.477
    67.659
    59.722
    45.902
    57.736
    56.572
    63.104
    54.834
    50.813
    63.220
    66.599
    58.027
    56.299
    50.091
    45.146
    45.279
    50.184
    61.867
    56.493
    60.410
    70.830
    62.849
    62.437
    61.896
    67.558
    57.547
    49.346
    48.632
    69.065
    45.475
    59.609
    53.749
    63.455
    53.066
    52.583
    60.395
    66.408
    67.750
    51.513
    51.544
    59.889
    70.295
    59.941
    54.740
    70.904
    47.410
    55.230
    42.474
    42.112
    58.882
    57.528
    55.255
    49.766
    57.280
    75.794
    52.416
    63.301
    58.244
    48.518
    60.447
    47.860
    67.114
    66.699
    61.219
    61.289
    55.424
    61.073
    59.042
    64.781
    58.282
    66.350
    60.977
    51.567
    55.642
    67.131
    65.779
    52.818
    54.542
    54.559
    49.094
    49.139
    52.504
    56.681
    53.281
    56.315
    50.256
    75.202
    71.153
    61.879
    56.198
    53.707
    67.548
    55.193
    58.264
    56.376
    51.531
    46.164
    62.255
    40.650
    72.575
    56.083
    57.116
    51.281
    50.832
    62.924
    68.971
    71.843
    68.972
    54.616
    64.523
    59.150
    45.050
    67.539
    65.929
    59.041
    55.651
    47.087
    59.345
    59.872
    58.183
    43.331
    48.845
    57.581
    56.049
    57.539
    51.283
    55.917
    48.670
    60.788
    63.542
    44.877
    51.974
    58.138
    37.710
    50.288
    52.620
    56.393
    56.787
    59.271
    60.897
    57.530
    47.269
    64.940
    54.503
    60.427
    52.009
    53.698
    59.809
    35.976
    45.844
    56.933
    62.254
    68.011
    55.985
    61.299
    39.960
    59.897
    51.401
    43.402
    60.320
    43.841
    53.193
    47.965
    62.472
    57.127
    67.962
    66.238
    57.325
    60.215
    56.848
    58.674
    45.577
    55.359
    52.537
    64.466
    54.371
    65.585
    55.151
    58.950
    52.163
    49.200
    52.313
    60.832
    62.965
    58.162
    57.808
    62.333
    70.903
    52.113
    59.579
    48.784
    64.202
    51.866
    62.800
    62.075
    68.094
    46.458
    50.531
    58.674
    46.974
    54.271
    57.958
    62.015
    76.434
    60.713
    42.845
    49.197
    65.577
    74.512
    71.742
    55.047
    53.472
    57.079
    59.930
    58.126
    63.984
    61.137
    71.992
    56.806
    66.875
    51.833
    49.159
    53.094
    61.300
    51.068
    46.535
    59.435
    56.601
    52.467
    56.447
    51.561
    58.207
    40.744
    57.478
    57.974
    38.991
    67.231
    63.919
    63.649
    56.627
    58.938
    63.862
    60.929
    61.496
    51.911
    57.148
    55.765
    46.110
    49.691
    51.485
    62.959
    54.250
    50.722
    60.593
    63.696
    50.426
    69.013
    49.132
    47.398
    51.266
    64.371
    68.353
    49.942
    61.036
    53.022
    60.470
    56.101
    54.727
    54.647
    54.236
    59.685
    62.478
    56.764
    66.605
    52.268
    49.253
    56.370
    54.403
    57.155
    56.559
    56.772
    71.035
    60.554
    54.253
    56.199
    58.113
    50.906
    46.214
    47.225
    60.940
    54.087
    55.929
    47.303
    51.835
    58.446
    66.533
    52.926
    84.647
    57.587
    61.639
    76.603
    58.540
    69.488
    71.559
    70.384
    69.649
    71.762
    54.639
    66.656
    61.814
    61.008
    43.231
    60.317
    58.653
    62.410
    69.202
    59.303
    52.919
    64.096
    69.084
    63.548
    55.000
    53.050
    49.913
    68.796
    67.255
    48.235
    66.994
    54.277
    53.963
    50.606
    58.635
    69.436
    49.200
    56.749
    49.911
    61.201
    58.674
    61.195
    56.430
    50.185
    66.226
    49.458
    62.154
    56.750
    60.170
    62.545
    40.921
    45.582
    61.008
    57.432
    62.054
    59.222
    76.791
    39.344
    57.468
    45.019
    67.394
    62.316
    66.558
    56.249
    60.490
    69.344
    40.323
    58.932
    64.557
    55.949
    61.585
    43.284
    50.880
    48.723
    54.757
    69.544
    62.316
    70.973
    77.064
    57.116
    59.513
    64.817
    58.099
    60.558
    76.826
    74.351
    65.212
    71.825
    66.532
    65.573
    73.910
    71.999
    64.963
    77.365
    58.519
    72.803
    58.111
    47.042
    68.909
    57.992
    55.605
    51.268
    56.452
    50.854
    48.595
    52.815
    67.619
    62.818
    46.389
    58.424
    63.223
    42.755
    55.118
    47.664
    53.798
    66.182
    49.446
    62.479
    65.428
    55.055
    63.017
    46.954
    66.895
    45.316
    52.322
    49.060
    55.916
    68.851
    50.270
    61.506
    57.604
    72.226
    55.665
    61.415
    49.703
    59.520
    69.493
    47.072
    53.613
    51.121
    67.166
    66.404
    56.599
    63.761
    66.294
    67.237
    56.296
    59.030
    52.471
    52.793
    58.072
    68.230
    47.459
    63.783
    54.891
    56.973
    57.195
    64.246
    60.428
    58.180
    68.629
    73.202
    58.451
    59.048
    51.075
    55.625
    63.487
    66.117
    47.368
    66.089
    65.579
    44.940
    62.357
    67.322
    49.803
    61.050
    54.274
    51.394
    53.038
    66.163
    54.284
    51.048
    60.947
    37.923
    52.524
    58.594
    52.220
    57.452
    55.605
    66.421
    35.696
    53.876
    61.855
    55.017
    62.931
    53.031
    58.007
    61.136
    48.238
    59.844
    51.611
    67.822
    68.236
    55.057
    72.940
    67.813
    62.751
    69.063
    65.796
    60.762
    68.583
    58.565
    54.753
    52.969
    59.618
    54.792
    50.573
    63.518
    62.695
    52.184
    62.999
    71.878
    53.126
    43.665
    55.465
    55.224
    56.517
    58.263
    54.266
    49.144
    61.847
    70.163
    58.841
    57.697
    46.984
    68.541
    59.814
    55.866
    62.307
    65.525
    61.470
    51.870
    61.702
    53.006
    62.927
    55.342
    61.584
    63.693
    53.463
    48.020
    67.156
    64.628
    56.027
    62.503
    53.796
    76.657
    53.846
    67.785
    61.953
    58.423
    60.253
    62.852
    63.936
    55.273
    66.698
    46.169
    64.666
    61.825
    60.642
    63.432
    55.918
    56.919
    60.671
    48.792
    48.677
    45.098
    55.044
    72.354
    44.709
    69.762
    57.082
    52.583
    60.327
    57.631
    57.804
    40.751
    51.520
    62.357
    54.382
    53.552
    45.484
    50.296
    68.554
    51.553
    61.998
    51.181
    55.402
    50.826
    52.728
    69.114
    56.404
    58.178
    58.411
    62.907
    34.896
    46.902
    52.064
    57.760
    73.064
    61.819
    58.620
    60.343
    48.017
    44.370
    49.958
    59.819
    59.727
    78.102
    64.879
    71.624
    61.034
    67.181
    56.413
    72.649
    53.496
    59.373
    54.203
    58.955
    50.168
    66.650
    68.334
    54.960
    61.016
    55.287
    56.400
    53.722
    55.294
    63.932
    66.562
    54.613
    70.982
    73.850
    61.582
    53.583
    45.304
    59.722
    50.806
    47.916
    59.204
    56.013
    58.337
    47.814
    55.384
    52.360
    60.014
    64.641
    66.465
    64.084
    62.832
    54.405
    50.519
    55.141
    76.670
    41.762
    60.396
    49.771
    61.959
    54.119
    69.106
    66.874
    64.691
    56.451
    78.999
    53.507
    66.620
    72.529
    71.373
    73.478
    67.529
    62.380
    67.692
    60.286
    51.356
    61.308
    55.456
    55.986
    47.785
    50.161
    50.233
    59.594
    63.826
    66.167
    68.021
    53.726
    53.457
    47.962
    43.954
    56.907
    56.930
    53.916
    56.021
    54.772
    57.236
    54.075
    70.103
    66.792
    51.880
    54.030
    60.824
    69.568
    50.787
    73.882
    64.740
    50.119
    52.868
    63.072
    61.217
    48.085
    55.339
    61.297
    50.023
    56.207
    58.810
    62.685
    60.786
    49.044
    53.352
    63.422
    47.683
    49.989
    66.023
    70.994
    69.302
    45.620
    45.496
    59.447
    57.234
    45.617
    51.847
    71.529
    56.078
    69.536
    63.340
    59.185
    51.604
    58.882
    73.765
    69.457
    63.844
    65.795
    53.337
    50.641
    61.647
