    42.791
    52.477
    44.705
    48.677
    35.710
    48.434
    28.781
    36.141
    31.717
    44.200
    33.982
    42.256
    23.791
    49.128
    35.001
    41.328
    46.379
    34.029
    38.316
    31.633
    42.245
    54.637
    51.663
    32.768
    41.465
    35.863
    41.708
    33.585
    46.740
    14.958
    41.919
    45.204
    31.635
    36.428
    34.934
    48.591
    54.168
    35.189
    53.996
    52.365
    48.772
    37.146
    41.679
    33.032
    45.497
    37.114
    45.586
    44.868
    49.807
    45.666
    33.869
    47.107
    64.537
    42.050
    41.483
    26.216
    43.120
    36.130
    45.654
    25.440
    52.264
    45.905
    40.074
    49.060
    59.673
    40.033
    33.428
    49.031
    45.563
    39.240
    47.226
    56.477
    42.659
    54.667
    44.947
    51.831
    43.434
    46.734
    39.241
    55.727
    34.947
    46.087
    39.141
    49.900
    40.064
    36.810
    45.030
    36.818
    35.227
    26.770
    29.716
    38.925
    34.431
    45.528
    38.397
    50.808
    46.554
    63.013
    60.059
    24.265
    32.286
    51.654
    40.180
    54.742
    46.165
    30.499
    37.747
    41.059
    48.371
    43.388
    46.596
    31.391
    24.730
    26.789
    32.006
    31.505
    33.655
    34.109
    48.445
    33.898
    50.256
    38.810
    39.824
    38.181
    42.128
    45.492
    53.669
    34.957
    48.737
    40.808
    52.024
    47.806
    46.193
    48.989
    48.125
    34.197
    46.235
    39.585
    30.902
    58.419
    36.466
    47.565
    30.424
    45.442
    57.867
    34.283
    39.923
    65.937
    41.342
    35.217
    48.481
    31.564
    45.787
    52.140
    49.489
    55.145
    40.823
    45.602
    48.278
    42.285
    36.449
    39.860
    34.965
    46.375
    64.253
    27.094
    49.319
    37.629
    42.879
    35.462
    53.993
    39.630
    43.641
    51.974
    48.308
    38.174
    40.970
    49.292
    28.876
    45.360
    21.001
    36.205
    33.841
    43.915
    41.796
    58.325
    43.524
    31.045
    32.666
    51.754
    56.175
    56.600
    43.257
    40.049
    39.944
    47.974
    44.076
    55.440
    42.576
    43.830
    31.911
    49.193
    46.315
    56.532
    41.350
    52.813
    39.515
    42.302
    41.085
    41.719
    50.896
    43.028
    57.867
    33.210
    38.554
    24.018
    64.767
    38.451
    50.555
    40.349
    45.316
    43.272
    48.434
    57.219
    34.735
    44.068
    67.284
    43.496
    42.510
    40.429
    40.740
    31.875
    52.899
    42.486
    37.627
    56.903
    36.711
    41.170
    40.092
    57.839
    38.570
    49.121
    42.463
    44.025
    44.980
    31.835
    32.677
    44.711
    36.180
    36.571
    22.297
    41.416
    43.799
    17.515
    33.947
    35.047
    47.563
    52.562
    44.588
    45.042
    36.735
    42.766
    36.366
    45.886
    40.560
    38.259
    38.690
    55.741
    41.334
    43.498
    39.119
    51.019
    43.971
    42.923
    46.704
    47.005
    44.053
    37.110
    36.220
    42.386
    43.007
    40.025
    45.976
    55.500
    41.297
    22.547
    41.266
    42.553
    46.023
    28.110
    43.908
    34.511
    53.256
    40.774
    38.343
    39.413
    46.663
    39.787
    46.666
    50.717
    40.273
    59.843
    41.979
    44.032
    34.766
    44.131
    42.562
    44.460
    48.232
    50.791
    34.500
    37.622
    49.346
    44.579
    15.962
    31.262
    39.111
    37.973
    21.389
    19.993
    47.093
    34.113
    51.414
    42.452
    39.357
    29.043
    41.501
    45.706
    37.334
    39.601
    38.745
    36.311
    35.252
    46.036
    38.582
    36.718
    27.535
    48.097
    50.103
    22.248
    34.360
    24.033
    45.787
    28.137
    50.255
    41.049
    19.110
    37.154
    51.949
    45.312
    44.069
    46.890
    28.586
    40.068
    43.922
    42.239
    38.174
    47.149
    49.590
    31.280
    46.260
    42.465
    46.444
    34.196
    43.931
    44.241
    41.939
    39.323
    47.443
    21.635
    47.421
    52.879
    47.523
    43.968
    27.064
    49.025
    55.449
    48.943
    39.642
    40.056
    39.232
    39.869
    31.570
    28.289
    44.075
    41.595
    46.469
    45.319
    41.797
    47.067
    47.872
    36.818
    35.711
    37.229
    49.159
    45.495
    31.501
    33.302
    46.625
    44.208
    56.652
    38.227
    46.903
    45.155
    41.309
    42.398
    41.140
    60.333
    41.584
    50.740
    36.785
    44.211
    34.976
    54.682
    44.594
    41.707
    31.172
    30.181
    48.730
    50.730
    46.990
    31.917
    53.307
    40.029
    41.935
    36.320
    45.546
    27.969
    35.789
    43.144
    32.005
    46.226
    42.248
    44.969
    41.813
    42.219
    50.131
    44.422
    45.446
    43.774
    45.744
    55.410
    38.330
    27.471
    60.398
    53.583
    46.007
    43.227
    47.157
    31.677
    38.537
    53.376
    39.173
    52.956
    46.183
    46.377
    45.969
    44.437
    36.691
    23.080
    45.139
    50.893
    25.834
    37.586
    42.512
    44.596
    48.975
    43.186
    35.360
    40.548
    46.060
    52.715
    50.684
    46.401
    46.609
    43.627
    46.422
    47.659
    45.469
    46.331
    51.230
    44.905
    51.523
    46.257
    37.810
    40.325
    54.056
    44.854
    32.267
    33.538
    39.690
    44.708
    46.020
    46.200
    39.597
    38.474
    44.726
    43.583
    35.760
    45.204
    47.381
    29.142
    41.831
    40.336
    35.277
    35.736
    39.001
    22.998
    53.820
    38.603
    32.980
    48.820
    41.089
    28.424
    46.541
    43.090
    23.868
    36.727
    47.849
    46.925
    41.058
    27.091
    31.547
    48.781
    41.134
    39.687
    43.463
    35.653
    45.272
    25.556
    53.821
    41.570
    29.469
    40.288
    55.743
    53.079
    48.205
    37.166
    32.831
    42.946
    43.240
    35.237
    47.943
    45.479
    43.884
    39.394
    32.879
    38.246
    44.925
    46.453
    44.995
    41.202
    38.634
    46.335
    36.129
    45.150
    33.011
    44.142
    43.088
    43.716
    33.529
    52.089
    40.658
    40.517
    55.281
    44.167
    40.682
    42.437
    44.590
    33.389
    50.015
    37.831
    39.456
    42.415
    50.219
    48.478
    45.454
    33.966
    29.163
    35.468
    50.805
    37.848
    32.830
    44.554
    35.658
    43.146
    50.473
    39.937
    38.806
    15.843
    39.850
    36.798
    39.498
    51.139
    30.063
    54.729
    39.709
    50.951
    40.694
    46.612
    49.035
    47.580
    54.882
    34.912
    22.549
    29.720
    42.482
    40.976
    44.877
    44.889
    41.598
    46.047
    39.922
    52.540
    33.317
    38.658
    51.139
    50.583
    60.033
    54.445
    56.049
    32.018
    33.029
    41.472
    43.904
    43.973
    50.373
    51.160
    41.482
    41.336
    35.179
    45.724
    23.271
    36.607
    35.102
    39.363
    47.773
    44.397
    34.572
    54.703
    50.858
    41.687
    37.572
    55.947
    43.581
    36.081
    47.210
    40.677
    43.283
    40.735
    43.978
    50.601
    40.169
    36.303
    38.905
    49.843
    31.154
    44.310
    53.616
    50.735
    53.798
    42.666
    62.988
    42.200
    28.629
    34.343
    37.667
    27.301
    32.717
    55.168
    35.456
    40.941
    50.049
    44.279
    35.178
    49.227
    53.642
    60.587
    56.188
    52.726
    32.792
    46.243
    27.425
    31.749
    39.807
    48.510
    46.827
    38.745
    36.945
    41.585
    54.617
    40.575
    42.038
    38.165
    30.080
    61.042
    50.829
    43.633
    36.358
    39.138
    41.842
    31.127
    49.554
    37.874
    34.656
    37.931
    55.886
    37.145
    33.662
    45.600
    46.558
    35.646
    40.476
    38.439
    39.871
    44.819
    47.957
    36.044
    44.101
    43.733
    31.198
    49.890
    48.385
    36.147
    46.275
    38.885
    43.727
    28.010
    56.986
    47.383
    51.119
    41.077
    49.660
    36.622
    38.427
    45.668
    37.688
    39.187
    45.586
    35.565
    44.442
    49.178
    40.930
    35.680
    55.754
    31.659
    35.161
    35.058
    33.706
    40.124
    47.769
    33.700
    42.856
    44.148
    38.678
    41.801
    54.474
    36.019
    22.781
    41.494
    42.979
    28.012
    39.886
    42.575
    46.936
    43.291
    59.329
    48.036
    40.643
    44.337
    42.975
    43.481
    44.565
    42.481
    33.651
    50.730
    46.586
    50.388
    36.608
    53.259
    48.223
    47.069
    38.984
    45.407
    42.199
    44.192
    31.212
    40.528
    46.218
    31.300
    52.816
    43.651
    50.879
    28.052
    39.692
    45.561
    39.404
    50.679
    36.057
    34.434
    28.010
    53.367
    26.719
    27.443
    51.176
    32.067
    33.788
    34.966
    41.731
    47.100
    40.638
    50.456
    39.462
    50.891
    38.641
    42.998
    47.556
    55.109
    43.324
    49.946
    47.439
    50.240
    30.069
    39.460
    56.224
    49.457
    31.252
    39.731
    66.394
    46.889
    48.207
    45.979
    22.504
    42.451
    29.477
    43.258
    49.846
    41.631
    41.146
    32.527
    52.025
    36.400
    25.539
    45.695
    58.881
    34.828
    26.966
    36.451
    32.171
    54.709
    52.745
    35.461
    57.827
    21.506
    48.369
    46.226
    36.581
    37.930
    45.322
    58.747
    49.443
    45.715
    41.499
    32.743
    39.412
    47.463
    38.586
    51.779
    53.562
    47.696
    40.767
    39.152
    56.527
    54.962
    48.437
    40.958
    46.783
    32.370
    31.364
    41.121
    40.768
    38.074
    49.745
    55.357
    50.841
    37.612
    49.511
    52.711
    52.878
    38.031
    54.401
    36.641
    61.129
    21.772
    46.748
    17.517
    56.643
    47.003
    40.453
    43.380
    40.857
    45.837
    47.113
    39.573
    41.457
    37.459
    42.217
    44.345
    43.675
    49.430
    32.075
    50.974
    38.413
    35.191
    51.453
    59.189
    50.750
    43.799
    46.486
    32.520
    59.295
    31.129
    37.741
    42.241
    14.284
    40.794
    27.967
    37.003
    41.761
    64.143
    55.618
    58.291
    47.287
    58.571
    49.360
    65.578
    56.506
    61.870
    56.403
    47.676
    67.624
    66.293
    43.472
    38.340
    40.444
    29.985
    40.901
    41.180
    50.469
    38.710
    51.991
    40.422
    45.537
    47.064
    27.139
    55.013
    16.788
    37.091
    39.601
    42.938
    37.675
    53.179
    38.952
    38.443
    37.390
    41.674
    37.328
    37.653
    37.491
    40.518
    29.787
    47.230
    54.219
    44.163
    38.206
    32.985
    28.323
    42.595
    39.108
    33.598
    47.317
    47.612
    46.702
    39.849
    43.994
    48.160
    47.536
    46.242
    48.249
    44.696
    41.829
    46.684
    45.863
    39.876
    48.086
    45.907
    46.288
    56.615
    47.340
    41.061
