   -34.180
   -32.239
   -41.978
   -28.279
   -27.051
   -31.898
   -39.944
   -30.848
   -30.699
   -35.581
   -14.104
   -42.609
   -41.286
   -33.964
   -40.539
   -24.605
   -14.756
   -13.617
   -18.826
   -32.158
   -35.799
   -27.012
   -41.362
   -20.851
   -41.140
   -29.231
   -28.348
   -34.991
   -31.806
   -28.959
   -24.166
   -24.844
   -16.162
   -30.077
   -32.769
   -24.588
   -18.825
   -17.287
   -43.693
   -33.208
   -33.312
   -35.264
   -42.772
   -23.908
   -35.988
   -33.385
   -22.853
   -33.413
   -31.491
   -38.505
    -9.762
   -26.362
   -29.578
   -33.153
   -29.447
   -26.141
   -29.210
   -19.870
   -40.600
   -21.872
   -39.506
   -23.859
   -33.830
   -38.077
   -23.475
   -40.227
   -30.031
   -39.898
   -25.048
   -32.733
   -19.811
   -26.354
   -38.676
   -23.242
   -33.354
   -28.793
   -25.959
   -22.928
   -27.021
   -26.714
   -29.771
   -34.352
   -38.000
   -29.818
   -24.698
   -36.261
   -22.693
   -27.645
   -34.681
   -20.262
   -12.265
   -29.190
   -29.179
   -41.866
   -32.478
   -27.883
   -21.851
   -19.030
   -32.002
   -34.944
    -5.041
   -32.155
   -24.453
   -19.406
   -27.581
   -28.267
   -17.813
   -23.463
   -29.408
   -30.246
   -19.491
   -22.917
   -31.165
   -31.767
   -30.603
   -27.731
   -36.039
   -29.227
   -28.526
   -29.998
   -34.449
   -41.035
   -25.612
   -42.121
   -30.461
   -28.210
   -30.604
   -40.912
   -43.642
   -35.374
   -24.084
   -20.329
   -23.653
   -25.117
   -27.226
   -27.817
   -18.359
   -23.521
   -14.457
   -28.561
   -35.518
   -37.894
   -39.848
   -34.941
   -18.569
   -23.999
   -27.932
   -27.221
   -31.830
   -34.369
   -24.063
   -33.831
   -38.432
   -29.403
   -28.479
   -17.383
   -27.261
   -28.665
   -39.869
   -34.860
   -32.031
   -38.919
   -29.541
   -19.171
   -29.449
   -32.917
   -35.894
   -30.702
   -29.599
   -23.383
   -35.143
   -29.579
   -16.610
   -34.361
   -26.836
   -13.343
   -26.483
   -38.471
   -38.224
   -30.215
   -34.688
   -50.375
   -34.220
   -35.190
   -25.794
   -29.184
   -41.892
   -40.267
   -28.208
   -30.739
   -30.933
   -30.765
   -25.981
   -25.488
   -33.375
   -25.492
   -44.810
   -39.876
   -35.212
   -42.802
   -33.090
   -18.002
   -26.579
   -24.859
   -27.773
   -41.714
   -27.276
   -33.688
   -16.021
   -32.657
   -29.032
   -20.982
   -27.875
   -30.281
   -35.705
   -30.293
   -34.434
   -40.298
   -28.502
   -40.848
   -22.227
   -24.130
   -30.772
   -20.238
   -27.546
   -38.332
   -22.282
   -25.323
   -30.883
   -30.815
   -33.700
   -33.335
   -31.675
   -30.625
   -36.281
   -29.550
   -34.120
   -48.365
   -28.038
   -19.228
   -32.708
   -28.355
   -26.026
   -15.642
   -29.544
   -35.553
   -28.039
   -32.201
   -38.994
   -38.847
   -25.138
   -25.241
   -26.725
   -44.303
   -29.986
   -36.812
   -32.982
   -32.020
   -36.534
   -47.786
   -25.047
   -36.108
   -30.004
   -22.155
   -34.509
   -30.731
   -29.617
   -33.950
   -31.477
   -30.963
   -10.408
   -26.763
   -39.083
   -33.162
   -31.256
   -25.924
   -21.657
   -40.719
   -22.934
   -39.418
   -26.437
   -37.289
   -36.143
   -29.464
   -25.682
   -29.092
   -31.479
   -32.305
   -47.418
   -17.619
   -24.749
   -32.761
   -41.095
   -39.088
   -32.031
   -21.423
   -30.420
   -36.153
   -30.864
   -27.648
   -27.513
   -25.799
   -24.807
   -23.757
   -21.459
   -57.720
   -39.568
   -17.494
   -31.219
   -29.380
   -22.869
   -42.905
   -21.562
   -27.019
   -26.120
   -45.150
   -34.275
   -28.367
   -23.382
   -24.688
   -22.823
   -26.986
   -29.357
   -24.183
   -26.239
   -23.754
   -35.215
   -29.855
   -51.425
   -26.250
   -36.196
   -22.795
   -26.927
   -27.179
   -25.372
   -15.505
   -31.464
   -19.932
   -25.051
   -32.540
   -32.471
   -22.919
   -39.434
   -23.025
   -30.881
   -34.552
   -17.345
   -17.718
   -32.859
   -27.155
   -45.266
   -22.411
   -23.452
   -35.269
   -33.665
   -27.431
   -25.999
   -44.306
   -32.484
   -20.698
   -30.805
   -39.873
   -47.186
   -26.943
   -37.203
   -25.054
   -36.193
   -34.684
   -21.519
   -38.337
   -18.044
   -33.178
   -36.939
   -43.078
   -30.462
   -36.949
   -20.854
   -34.356
   -26.793
   -35.822
   -32.591
   -44.715
   -33.370
   -23.858
   -30.148
   -27.886
   -32.364
   -25.628
   -30.034
   -37.979
   -23.813
   -40.411
   -36.854
   -37.393
   -22.051
   -29.079
   -29.118
   -36.194
   -40.266
   -27.835
   -29.012
   -30.298
   -26.353
   -37.378
   -45.445
   -26.485
   -28.819
   -36.129
   -26.106
   -26.691
   -36.633
   -51.131
   -33.739
   -40.025
   -26.063
   -32.438
   -46.624
   -34.289
   -23.835
   -50.069
   -34.437
   -26.233
   -43.707
   -32.039
   -35.541
   -29.516
   -46.965
   -42.302
   -29.160
   -37.586
   -24.708
   -22.380
   -47.573
   -37.481
   -35.883
   -37.430
   -33.261
   -33.285
   -21.296
   -32.832
   -29.656
   -31.454
   -39.643
   -29.299
   -31.554
   -35.747
   -37.532
   -36.938
   -20.516
   -53.610
   -26.711
   -30.926
   -37.170
   -37.432
   -31.650
   -20.848
   -31.925
   -34.929
   -24.803
   -31.631
   -34.551
   -38.945
   -28.148
   -27.290
   -32.518
   -23.658
   -30.506
   -30.477
   -26.300
   -20.321
   -30.291
   -14.999
   -32.495
   -31.403
   -45.800
   -26.604
   -44.861
   -20.346
   -25.935
   -24.939
   -38.369
   -27.628
   -49.098
   -37.918
   -31.897
   -34.793
   -20.522
   -41.731
   -38.063
   -32.093
   -49.746
   -31.335
   -32.091
   -35.061
   -21.631
   -27.004
   -50.019
   -40.261
   -23.982
   -36.182
   -31.124
   -33.232
   -30.568
   -25.417
   -16.860
   -36.531
   -45.977
   -28.934
   -41.723
   -34.732
   -32.481
   -21.379
   -31.485
   -21.176
   -20.275
   -24.890
   -27.206
   -30.876
   -18.181
   -34.052
   -20.176
   -15.569
   -36.484
   -28.374
   -31.423
   -24.882
   -27.231
   -28.479
   -30.390
   -36.355
   -39.862
   -34.559
   -20.959
   -18.827
   -23.676
   -37.793
   -37.510
   -40.194
   -28.202
   -37.201
   -28.851
   -35.724
   -20.666
   -33.951
   -29.408
   -34.125
   -37.802
   -34.182
   -41.299
   -42.641
   -26.724
   -26.623
   -27.290
   -22.299
   -31.247
   -43.782
   -42.699
   -33.329
   -39.810
   -38.963
   -29.978
   -33.329
   -40.191
   -35.483
   -25.626
   -25.578
   -32.759
   -22.727
   -34.233
   -20.948
   -25.797
   -40.340
   -47.620
   -23.486
   -22.430
   -19.799
   -27.066
   -41.036
   -34.744
   -36.198
   -32.090
   -30.224
   -25.809
   -29.283
   -37.837
   -26.051
   -17.168
   -29.713
   -33.391
   -45.237
   -32.189
   -33.257
   -27.381
   -30.921
   -39.038
   -32.356
   -39.523
   -24.297
   -22.528
   -25.438
   -33.778
   -26.724
   -32.316
   -27.389
   -45.898
   -33.885
   -35.767
   -24.344
   -40.026
   -37.471
   -25.854
   -52.280
   -25.159
   -28.694
   -34.443
   -20.596
   -29.360
   -24.403
   -30.530
   -34.446
   -21.153
   -23.947
   -30.219
   -27.164
   -20.548
   -16.306
   -33.995
   -37.476
   -23.542
   -30.962
   -29.479
   -40.046
   -36.831
   -32.689
   -25.617
   -47.165
   -20.136
   -38.586
   -36.775
   -37.926
   -38.358
   -13.867
   -36.908
   -29.188
   -38.558
   -39.686
   -39.294
   -36.180
   -27.048
   -41.002
   -24.795
   -37.604
   -36.899
   -25.310
   -30.200
   -35.245
   -32.423
   -35.103
   -38.497
   -22.539
   -35.737
   -41.980
   -27.816
   -21.586
   -15.029
   -43.707
   -49.154
   -25.082
   -25.993
   -28.260
   -32.947
   -28.996
   -31.313
   -39.124
   -27.370
   -39.511
   -29.586
   -31.916
   -32.140
   -38.811
   -35.653
   -36.847
   -31.887
   -29.053
   -44.229
   -36.753
   -37.761
   -15.461
   -34.040
   -35.623
   -37.381
   -39.682
   -30.998
   -27.523
   -29.013
   -37.168
   -40.021
   -32.616
   -28.474
   -33.089
   -32.526
   -33.401
   -33.174
   -36.197
   -32.903
   -14.372
   -28.256
   -39.117
   -50.092
    -7.705
   -25.384
   -37.264
   -34.713
   -41.474
   -25.986
   -41.081
   -21.981
   -25.679
   -27.233
   -40.967
   -37.064
   -36.292
   -36.455
   -29.212
   -30.848
   -32.757
   -31.348
   -27.124
   -38.359
   -21.353
   -41.932
   -30.894
   -42.821
   -19.682
   -31.677
   -23.545
   -31.267
   -26.972
   -42.843
   -31.409
   -40.995
   -41.293
   -26.526
   -29.255
   -23.249
   -27.525
   -38.702
   -32.583
   -44.681
   -20.837
   -37.040
   -29.772
   -27.387
   -33.313
   -51.981
   -29.888
   -42.928
   -34.441
   -32.674
   -37.184
   -28.637
   -32.141
   -36.430
   -26.782
   -48.494
   -30.300
   -26.377
   -23.528
   -37.150
   -36.257
   -22.375
   -32.396
    -2.549
   -36.272
   -36.596
   -31.271
   -25.983
   -44.117
   -41.274
   -27.824
   -38.469
   -19.674
   -44.448
   -28.796
   -24.859
   -22.765
   -24.556
   -37.822
   -29.311
   -35.076
   -26.837
   -28.366
   -34.918
   -19.324
   -17.957
   -27.438
   -20.821
   -32.244
   -33.507
   -36.829
   -31.097
   -46.502
   -30.491
   -31.975
   -39.136
   -33.145
   -29.483
   -35.670
   -40.329
   -36.843
   -35.799
   -37.522
   -36.562
   -35.316
   -48.789
   -41.441
   -33.711
   -28.456
   -36.492
   -35.456
   -26.621
   -31.466
   -30.096
   -30.047
   -32.745
   -30.531
   -35.456
   -32.902
   -27.903
   -40.606
   -28.933
   -20.288
   -35.304
   -29.410
   -19.378
   -38.735
   -26.581
   -28.041
   -26.202
   -25.168
   -21.572
   -28.356
   -45.706
   -38.327
   -36.403
   -24.107
   -20.359
   -24.243
   -45.246
   -35.696
   -30.436
   -35.822
   -38.129
   -37.831
   -20.497
   -23.613
   -27.759
   -29.633
   -37.813
   -29.725
   -35.958
   -48.756
   -43.108
   -31.032
   -35.399
   -34.370
   -30.753
   -34.554
   -33.771
   -32.221
   -34.277
   -34.462
   -30.553
   -37.466
   -18.047
   -31.378
   -36.670
   -27.345
   -41.643
   -31.208
   -17.430
   -23.682
   -30.009
   -20.800
   -27.077
   -30.291
   -22.487
   -31.039
   -30.348
   -31.929
   -30.410
   -36.456
   -23.735
   -31.369
   -31.744
   -26.623
   -23.461
   -29.799
   -24.709
   -34.440
   -29.772
   -32.619
   -31.780
   -19.683
   -26.858
   -34.581
   -32.301
   -29.643
   -43.479
   -23.164
   -34.336
   -39.333
   -26.640
   -29.249
   -38.459
   -25.230
   -25.201
   -35.423
   -31.620
   -42.502
   -19.522
   -31.244
   -50.018
   -37.744
   -38.180
   -45.182
   -30.860
   -25.818
   -28.792
   -33.343
   -26.821
   -23.747
   -24.837
   -33.892
   -21.492
   -29.129
   -33.164
   -36.083
   -35.117
   -27.863
   -23.220
   -34.767
   -49.301
   -33.585
   -21.590
   -17.023
   -27.362
   -30.785
   -30.345
   -38.633
   -34.142
   -23.916
   -30.045
   -27.922
   -28.873
   -22.616
   -21.189
   -40.686
   -26.809
   -42.842
   -28.606
   -30.427
   -37.673
   -37.515
   -35.250
   -31.786
   -24.974
   -49.398
   -27.090
   -34.896
   -25.796
   -18.227
   -25.144
   -32.118
   -25.151
   -35.818
   -40.270
   -49.280
   -30.442
   -40.591
   -39.461
   -34.582
   -29.093
   -19.961
   -40.635
   -35.107
   -32.279
   -31.154
   -30.462
   -32.253
   -28.292
   -31.918
   -32.353
   -41.127
   -27.433
   -49.728
   -33.603
   -43.580
   -38.028
   -29.011
