  -154.286
  -161.566
  -143.606
  -147.496
  -141.845
  -150.371
  -163.090
  -139.957
  -152.254
  -149.707
  -149.795
  -148.223
  -150.226
  -134.807
  -155.664
  -156.302
  -147.478
  -142.342
  -138.126
  -155.978
  -145.586
  -150.243
  -159.447
  -148.659
  -144.295
  -142.585
  -142.448
  -133.580
  -139.871
  -166.051
  -146.765
  -147.012
  -148.741
  -160.614
  -146.638
  -149.352
  -142.327
  -150.754
  -147.852
  -140.925
  -151.644
  -157.686
  -157.150
  -161.277
  -140.859
  -160.120
  -154.871
  -148.032
  -144.104
  -160.246
  -137.292
  -154.328
  -149.530
  -166.356
  -152.504
  -147.241
  -158.488
  -142.380
  -153.403
  -157.277
  -150.808
  -145.297
  -163.316
  -137.139
  -152.267
  -142.405
  -153.655
  -154.209
  -137.067
  -156.545
  -156.692
  -146.174
  -154.516
  -149.515
  -150.627
  -146.049
  -143.154
  -148.895
  -153.494
  -147.081
  -135.551
  -156.764
  -145.559
  -137.987
  -156.179
  -168.054
  -160.045
  -145.500
  -162.156
  -142.982
  -145.377
  -141.964
  -151.303
  -147.300
  -151.498
  -147.760
  -147.915
  -134.589
  -149.183
  -151.097
  -149.120
  -147.968
  -160.800
  -146.629
  -153.700
  -147.094
  -161.555
  -157.935
  -151.955
  -150.221
  -152.123
  -154.594
  -144.848
  -143.783
  -152.810
  -143.743
  -143.745
  -144.122
  -146.106
  -143.936
  -152.799
  -154.889
  -143.178
  -141.980
  -135.700
  -138.201
  -146.868
  -141.243
  -152.411
  -151.662
  -144.743
  -151.516
  -140.437
  -159.048
  -150.849
  -146.655
  -149.635
  -159.822
  -153.126
  -138.573
  -149.872
  -143.861
  -145.229
  -153.321
  -118.159
  -139.802
  -160.277
  -145.117
  -155.464
  -153.941
  -146.090
  -147.141
  -158.398
  -157.680
  -132.937
  -154.057
  -147.119
  -151.377
  -143.450
  -148.922
  -144.717
  -156.260
  -148.867
  -152.445
  -135.798
  -159.625
  -151.091
  -148.558
  -136.777
  -139.423
  -156.843
  -145.191
  -155.697
  -151.372
  -139.675
  -144.972
  -146.720
  -152.186
  -144.448
  -156.772
  -151.344
  -144.641
  -152.624
  -158.660
  -158.379
  -149.982
  -148.136
  -154.683
  -140.914
  -141.745
  -146.421
  -154.652
  -143.157
  -137.836
  -147.629
  -150.426
  -144.253
  -159.096
  -152.473
  -157.498
  -157.695
  -134.553
  -148.451
  -148.870
  -142.628
  -148.340
  -141.483
  -141.911
  -156.156
  -139.564
  -152.109
  -141.307
  -156.870
  -141.360
  -158.315
  -145.196
  -156.036
  -159.316
  -148.255
  -146.567
  -151.252
  -156.730
  -147.158
  -146.410
  -135.004
  -148.382
  -154.472
  -147.182
  -145.081
  -142.409
  -133.957
  -137.183
  -148.133
  -144.520
  -147.274
  -151.470
  -149.346
  -139.428
  -142.686
  -147.456
  -143.199
  -157.884
  -146.083
  -144.184
  -154.526
  -146.164
  -159.159
  -150.982
  -153.343
  -140.668
  -148.850
  -142.721
  -153.914
  -155.316
  -148.407
  -149.664
  -143.437
  -148.989
  -144.803
  -140.504
  -147.889
  -139.976
  -137.951
  -143.598
  -141.533
  -156.113
  -145.369
  -165.513
  -158.382
  -155.736
  -150.413
  -148.283
  -150.407
  -144.838
  -123.069
  -151.716
  -134.719
  -151.571
  -151.075
  -156.383
  -143.905
  -144.715
  -152.534
  -161.039
  -153.848
  -150.189
  -147.597
  -158.370
  -138.667
  -152.500
  -152.105
  -156.469
  -155.731
  -149.865
  -148.682
  -154.751
  -144.484
  -144.355
  -137.291
  -142.086
  -147.744
  -146.558
  -153.577
  -156.154
  -142.880
  -147.686
  -148.557
  -147.196
  -155.502
  -157.543
  -151.788
  -153.532
  -145.358
  -148.477
  -141.058
  -140.009
  -148.409
  -154.495
  -145.126
  -127.553
  -152.279
  -137.777
  -166.405
  -155.168
  -142.996
  -155.234
  -159.934
  -146.371
  -160.594
  -144.125
  -161.402
  -148.351
  -157.564
  -159.137
  -161.322
  -144.090
  -149.814
  -140.937
  -152.656
  -161.207
  -141.537
  -145.969
  -161.849
  -138.708
  -146.433
  -151.776
  -150.301
  -163.755
  -147.090
  -139.305
  -156.824
  -159.357
  -149.810
  -137.380
  -137.287
  -154.287
  -153.217
  -143.886
  -150.501
  -145.428
  -156.084
  -158.856
  -154.496
  -154.889
  -152.061
  -148.633
  -144.526
  -148.579
  -152.322
  -150.844
  -143.635
  -146.413
  -146.466
  -137.346
  -153.240
  -141.059
  -147.012
  -142.897
  -150.734
  -134.834
  -147.649
  -141.417
  -145.024
  -143.988
  -154.467
  -151.118
  -149.911
  -136.443
  -139.320
  -138.374
  -142.777
  -141.148
  -159.911
  -154.256
  -141.520
  -145.028
  -154.785
  -146.483
  -151.671
  -147.363
  -156.369
  -136.150
  -151.551
  -152.019
  -145.413
  -140.168
  -136.430
  -145.086
  -142.085
  -137.360
  -153.634
  -142.186
  -155.961
  -144.873
  -133.584
  -146.459
  -142.994
  -153.570
  -147.936
  -152.962
  -147.518
  -147.571
  -141.447
  -146.036
  -144.650
  -151.784
  -140.125
  -148.424
  -155.651
  -160.704
  -158.677
  -145.264
  -160.156
  -154.007
  -153.562
  -150.569
  -146.338
  -141.381
  -148.855
  -140.575
  -156.436
  -155.738
  -136.981
  -151.979
  -147.460
  -144.196
  -137.828
  -139.174
  -148.652
  -148.310
  -148.658
  -142.969
  -160.747
  -145.222
  -143.114
  -146.456
  -151.642
  -146.889
  -152.470
  -150.050
  -153.631
  -149.480
  -146.414
  -151.767
  -147.905
  -142.539
  -145.454
  -142.247
  -142.408
  -154.696
  -155.435
  -151.597
  -146.544
  -149.682
  -145.375
  -144.755
  -152.417
  -150.803
  -157.077
  -147.198
  -143.116
  -147.958
  -148.318
  -153.562
  -154.445
  -149.372
  -150.168
  -147.367
  -143.999
  -139.826
  -148.882
  -157.381
  -133.302
  -150.182
  -142.160
  -152.845
  -150.381
  -152.141
  -153.917
  -152.070
  -155.141
  -134.481
  -149.724
  -137.970
  -155.008
  -149.846
  -149.427
  -156.505
  -152.959
  -147.785
  -147.426
  -144.880
  -149.640
  -145.661
  -141.433
  -150.259
  -151.198
  -150.520
  -148.370
  -161.489
  -160.956
  -153.496
  -152.366
  -152.745
  -144.991
  -150.685
  -127.270
  -145.751
  -161.176
  -158.037
  -148.396
  -141.520
  -151.759
  -146.431
  -146.313
  -151.087
  -143.747
  -160.558
  -150.291
  -138.645
  -151.880
  -156.733
  -154.063
  -143.940
  -141.845
  -144.202
  -147.489
  -151.008
  -162.023
  -149.367
  -152.504
  -140.278
  -158.286
  -148.567
  -122.666
  -154.375
  -149.178
  -152.534
  -153.559
  -149.866
  -155.053
  -147.818
  -147.183
  -154.133
  -137.245
  -144.371
  -146.250
  -146.327
  -148.211
  -145.658
  -150.344
  -151.455
  -143.492
  -138.461
  -153.243
  -154.583
  -154.792
  -140.114
  -143.537
  -142.833
  -157.484
  -156.930
  -142.693
  -144.571
  -146.693
  -154.177
  -147.620
  -150.375
  -153.354
  -143.089
  -150.509
  -148.578
  -145.217
  -159.633
  -156.939
  -139.841
  -142.256
  -147.476
  -147.283
  -146.902
  -144.997
  -127.586
  -138.492
  -154.245
  -139.666
  -160.079
  -141.970
  -136.564
  -147.493
  -149.019
  -139.954
  -147.622
  -143.113
  -144.654
  -150.969
  -141.573
  -161.829
  -146.867
  -154.595
  -157.460
  -143.064
  -158.445
  -139.063
  -155.862
  -145.217
  -149.695
  -143.237
  -159.320
  -154.723
  -155.874
  -137.187
  -144.611
  -145.033
  -151.329
  -150.863
  -153.643
  -158.304
  -155.044
  -147.086
  -147.323
  -143.477
  -146.299
  -156.215
  -149.025
  -157.268
  -148.208
  -140.660
  -157.736
  -154.295
  -136.572
  -158.347
  -163.965
  -152.603
  -148.209
  -147.864
  -135.607
  -145.409
  -140.764
  -152.259
  -159.621
  -145.776
  -132.152
  -140.860
  -152.587
  -145.420
  -147.476
  -155.786
  -133.038
  -152.329
  -142.887
  -163.448
  -151.703
  -141.872
  -153.300
  -155.795
  -142.200
  -140.205
  -154.573
  -156.379
  -148.864
  -150.871
  -154.023
  -137.310
  -157.997
  -135.087
  -154.996
  -145.199
  -151.336
  -140.704
  -154.736
  -144.573
  -150.699
  -139.982
  -154.643
  -153.540
  -149.785
  -153.379
  -150.316
  -155.359
  -149.740
  -155.530
  -146.744
  -143.074
  -164.022
  -149.280
  -153.708
  -143.200
  -150.487
  -148.735
  -138.054
  -144.891
  -149.660
  -159.803
  -154.713
  -150.794
  -138.742
  -144.644
  -154.046
  -153.266
  -144.186
  -149.773
  -146.728
  -150.251
  -159.685
  -136.664
  -150.882
  -147.971
  -156.963
  -166.879
  -139.346
  -152.218
  -154.047
  -142.686
  -155.802
  -142.573
  -143.769
  -165.671
  -151.612
  -156.743
  -157.945
  -143.537
  -141.853
  -144.752
  -144.761
  -146.145
  -147.409
  -150.499
  -155.902
  -142.029
  -151.634
  -157.679
  -143.452
  -165.806
  -159.342
  -142.058
  -149.537
  -136.920
  -148.625
  -148.426
  -152.444
  -156.174
  -139.254
  -159.162
  -156.478
  -152.610
  -147.784
  -149.348
  -141.607
  -145.853
  -147.610
  -136.850
  -144.900
  -158.075
  -154.204
  -151.256
  -139.489
  -150.438
  -142.010
  -157.104
  -146.579
  -148.006
  -150.339
  -155.809
  -136.733
  -153.771
  -161.738
  -152.994
  -156.415
  -145.592
  -143.612
  -150.572
  -159.534
  -154.613
  -155.116
  -159.319
  -138.959
  -143.174
  -144.484
  -149.325
  -142.381
  -148.032
  -147.000
  -142.088
  -147.888
  -152.495
  -161.983
  -135.383
  -142.911
  -138.057
  -160.093
  -154.802
  -151.345
  -158.138
  -151.010
  -149.574
  -162.007
  -152.911
  -149.099
  -132.457
  -148.421
  -155.044
  -149.399
  -157.442
  -145.512
  -151.845
  -143.657
  -156.019
  -153.699
  -157.012
  -143.276
  -145.182
  -145.738
  -151.488
  -144.538
  -154.796
  -150.445
  -146.072
  -137.236
  -138.895
  -147.823
  -140.206
  -144.264
  -139.207
  -151.367
  -149.570
  -149.919
  -146.320
  -161.210
  -142.992
  -140.832
  -140.938
  -135.867
  -148.819
  -139.825
  -144.195
  -144.809
  -148.283
  -144.136
  -143.155
  -148.133
  -135.717
  -153.382
  -141.574
  -153.598
  -152.263
  -164.050
  -158.210
  -137.101
  -141.693
  -136.986
  -157.534
  -146.696
  -139.328
  -144.697
  -136.251
  -141.509
  -146.792
  -160.333
  -143.777
  -139.748
  -147.773
  -138.667
  -148.867
  -144.185
  -149.242
  -143.264
  -144.661
  -163.587
  -152.458
  -148.238
  -150.964
  -158.671
  -165.473
  -153.318
  -155.503
  -148.543
  -148.801
  -143.499
  -153.851
  -131.549
  -142.713
  -147.000
  -146.538
  -143.912
  -142.487
  -134.248
  -150.154
  -144.575
  -164.896
  -143.166
  -149.946
  -152.519
  -151.715
  -153.259
  -139.471
  -145.441
  -141.376
  -137.630
  -153.556
  -138.384
  -141.571
  -156.494
  -155.841
  -155.349
  -157.454
  -146.469
  -149.149
  -158.038
  -145.051
  -155.772
  -154.771
  -146.224
  -163.038
  -161.392
  -151.902
  -157.551
  -149.019
  -144.165
  -151.873
  -158.531
  -141.251
  -146.182
  -142.056
  -154.112
  -146.444
  -145.650
  -156.938
  -129.275
  -141.135
  -149.453
  -153.819
  -147.795
  -151.170
  -150.783
  -127.918
  -151.412
  -149.547
  -154.731
  -144.596
  -156.144
  -144.052
  -133.588
  -146.578
  -160.231
  -146.969
  -150.529
  -159.008
  -150.545
  -144.628
  -147.124
  -145.769
  -158.151
  -151.901
  -149.271
  -149.901
  -142.604
  -141.099
  -153.035
  -143.486
  -153.379
  -146.466
  -148.845
  -148.607
  -150.368
  -142.465
  -150.856
  -153.898
  -144.937
  -162.360
  -141.070
  -144.460
  -142.260
  -147.108
  -146.982
  -154.644
  -153.394
  -150.153
  -159.930
  -160.917
  -140.168
