    91.341
    89.590
    88.242
    81.652
    74.467
    68.657
    90.505
    67.109
    88.572
    89.467
    84.253
   100.941
    85.487
    86.740
    89.159
   100.458
    86.076
    92.944
    88.317
    83.101
    90.947
    89.055
    91.276
    92.420
    96.214
    85.490
    79.571
    82.245
    95.906
    94.823
    87.609
    90.417
   105.544
    88.427
    89.867
    88.039
    91.131
    89.084
    90.725
    93.144
    84.471
    89.630
    86.659
    84.515
    90.966
    89.559
    87.913
    89.812
    84.446
    90.616
    82.614
    77.155
    83.163
    85.651
    92.900
    82.357
   101.132
    91.540
    86.026
    78.067
    98.120
    84.029
    87.550
    84.649
    86.697
    94.149
    86.128
    85.349
    93.278
    83.341
    90.224
    87.105
    85.966
    96.901
    79.445
    96.674
    85.336
    83.499
    95.599
    89.146
    92.013
    76.894
    93.144
    89.313
    92.698
    87.675
    89.341
    90.551
    82.333
    87.470
    80.051
    83.241
    89.048
    86.245
    80.562
    88.851
    92.220
    86.505
    93.021
    79.174
    89.331
    92.336
    86.382
    91.049
    85.937
    80.996
    94.808
    81.253
    85.470
    92.090
    90.823
    97.866
    78.253
    87.899
    81.158
    93.566
    92.764
    96.144
    99.447
    97.217
    87.264
    89.842
    78.777
    92.572
    80.714
    88.517
    84.780
    83.073
    78.802
    86.203
    93.076
    81.139
    79.749
    79.762
    88.693
    80.941
    94.239
    78.607
    97.810
    85.301
    88.856
    83.425
    74.611
    87.636
    80.691
    82.585
    83.546
    93.828
    85.355
    91.554
    94.602
    85.269
    76.227
    79.345
    97.244
    86.933
    78.343
    89.466
    78.873
    82.270
    79.596
    78.998
    80.954
    81.959
    85.557
    77.910
    71.091
    86.607
    77.606
    86.867
    79.467
    79.988
    87.514
    81.030
    74.551
    77.553
    75.997
    72.966
    89.529
    91.711
    85.384
    63.365
    75.793
    71.979
    84.343
    78.698
    95.123
    95.281
    84.307
    81.293
    95.312
    73.379
    84.331
    86.999
    85.687
    86.530
    79.503
    85.269
    88.813
    82.773
    87.492
    91.421
    86.324
    86.110
    90.358
    85.912
    91.869
    89.099
    90.044
    92.456
    85.177
    90.596
    87.126
    79.622
    99.466
    83.448
    81.160
    82.051
    93.164
    81.026
    84.208
    94.290
    97.059
    84.778
    90.831
    91.554
    91.496
    87.866
    85.166
    90.602
    91.984
    79.863
    74.864
    85.616
    90.868
    89.216
    97.095
    81.790
    81.354
    96.268
    88.470
    87.935
    91.637
    78.261
    83.810
    79.675
    94.587
    87.758
    86.895
    93.078
    84.904
    83.676
    84.451
    72.475
    87.409
    86.151
    85.073
    90.795
    87.481
    90.634
    93.910
    92.559
    96.940
    91.161
    96.320
    92.071
    87.833
    89.167
    94.670
    90.457
    92.270
    92.646
    80.290
    81.379
    81.120
    90.004
    90.392
    73.448
    95.347
    91.723
    83.149
    98.500
   101.230
    85.341
    91.487
    86.762
    82.088
    88.586
    98.244
    96.045
    96.978
    87.087
    87.837
   100.698
    85.981
    81.950
    79.632
    92.931
    86.471
    86.948
    88.703
    79.533
    76.762
    87.092
    81.869
    74.949
    84.404
    83.821
    91.307
    79.252
    75.565
    89.391
    68.579
    91.917
    91.477
    76.034
   100.077
    87.724
    89.980
    93.437
    86.348
    84.690
    86.756
    90.600
    89.846
    74.940
    85.117
    83.051
    86.434
    82.899
    86.249
    87.440
    76.014
    81.018
    82.170
    83.491
    97.869
    77.903
    77.439
    89.395
    87.195
    86.112
    88.831
    74.491
    77.475
    96.689
    83.340
    81.833
    86.198
    98.581
    84.788
    94.901
    83.589
    92.265
    93.212
    85.640
   101.635
    87.577
    89.426
    88.202
    91.716
    85.819
    78.805
    86.703
    89.737
   100.258
    78.681
    69.908
    90.118
    86.260
    73.596
    77.459
    79.971
    86.751
    87.465
    92.623
    93.556
    90.260
    83.661
    84.300
    77.748
    77.450
    80.096
    77.374
    97.218
    88.379
    87.034
    87.373
    90.494
    81.412
    84.514
    89.511
    89.300
    89.790
    84.622
    79.224
    93.014
    93.384
    78.848
    77.472
    78.639
    82.122
    91.298
    76.744
    84.430
    92.999
    92.085
    89.241
    95.440
    88.939
    89.722
    91.802
    86.337
    83.282
    92.024
    95.033
    86.717
    86.985
    79.081
    81.069
    81.257
    92.553
    95.677
    83.895
    97.640
    84.505
    98.670
    87.233
    86.220
    88.200
    93.845
    81.289
    82.292
    93.607
    87.367
    90.927
    97.215
    76.354
    86.692
    84.325
    87.031
    87.063
    81.307
    87.584
    69.933
    89.483
   101.592
   100.115
    89.053
    92.960
    81.309
    88.756
    94.628
    77.745
    69.379
   101.717
    83.924
    90.449
    81.065
    83.476
    77.852
    87.436
    83.574
    90.483
   101.415
    91.669
    88.368
    80.417
    91.392
    86.803
    87.662
    83.967
    82.933
    92.383
    94.298
    79.256
    90.230
    82.226
    88.703
    87.006
    79.796
    90.886
    87.146
    86.863
    87.618
    81.714
    79.080
    83.823
    79.607
    81.758
    90.071
    91.498
    91.939
    89.387
    88.262
    90.587
    90.280
    93.140
    90.498
    86.113
    92.401
    92.179
    86.926
    74.962
    84.674
    93.476
    78.667
    88.293
    89.302
    81.390
    96.433
    88.939
    86.315
    93.912
    91.159
    91.084
    89.209
    87.520
    93.406
    85.697
    90.828
    80.715
   100.014
    69.308
    85.980
    86.724
    91.905
    83.734
    78.401
    89.006
    89.096
    86.984
    85.302
    94.329
    93.606
    84.687
    85.860
    85.318
    85.308
    85.404
    80.324
    93.729
    88.149
    92.474
    92.113
    78.385
    88.831
    95.404
    89.074
    76.993
    90.013
    84.632
    82.243
    91.620
    90.190
    75.435
    87.112
    85.350
    85.489
    89.229
    91.315
    93.217
    85.749
    91.184
    77.072
    99.671
    77.241
    95.993
    81.720
    88.569
    75.959
    79.520
    88.834
    88.928
    85.258
    92.701
    90.882
    73.383
    75.165
    84.302
    90.612
    89.539
    89.478
    90.949
    78.122
    92.188
    93.027
    78.654
    92.564
    86.889
    86.150
    87.501
    75.867
    98.710
    85.535
    79.131
    86.175
    90.691
    90.827
    94.073
    99.410
    98.544
    88.469
   100.156
    76.859
    91.765
    95.755
    95.483
    85.688
    87.604
    95.160
    82.457
    91.375
    90.959
    82.757
    81.498
    81.958
    84.786
    87.138
   103.066
    68.557
    84.341
    90.600
    84.115
    77.265
    78.142
    75.333
    91.629
    86.641
    82.581
    76.018
    82.346
    93.892
   100.602
    91.209
    92.889
    95.934
    75.551
    87.666
    94.828
    82.336
    88.212
    90.818
    93.844
    94.774
    92.320
    81.172
    99.010
    77.823
    79.952
    90.042
    95.288
    78.282
    96.823
    94.026
    90.469
    81.164
   101.421
    88.120
    81.001
    82.259
    90.938
    89.331
    96.643
    91.814
    92.777
    82.133
    85.754
    80.548
    87.570
    86.937
    83.992
    81.985
    93.247
    92.773
    95.407
    85.263
    94.819
   104.215
    77.541
    94.374
    87.510
    85.649
    78.996
    92.468
    92.773
    84.746
   100.615
    87.109
    67.917
    78.710
    87.253
    78.049
    72.830
    77.180
    86.684
    69.580
    81.596
    61.405
    86.660
    79.100
    81.207
    82.039
    76.999
    96.017
    75.247
    79.320
    76.560
    84.826
    82.199
    64.334
    75.186
    86.833
    82.372
    74.797
    87.335
    81.530
    82.791
    77.835
    90.054
    87.341
    88.112
    81.981
    98.682
    82.894
    80.903
    72.099
    90.181
    94.792
    85.053
    78.994
    90.591
    83.503
    82.477
    78.610
    86.929
    88.169
    92.035
    96.147
    92.957
    82.947
    94.886
    90.921
    82.056
    93.841
    91.860
    89.644
    88.164
    78.606
    73.913
    84.721
    77.755
    80.420
    77.168
    81.493
    84.463
    78.950
    86.989
    90.091
    70.440
    82.387
    95.383
    78.743
    82.882
    91.086
    97.498
    91.713
    78.532
    80.654
    91.057
    84.648
    84.230
    75.755
    86.976
    78.358
    90.044
    96.215
    79.137
    83.947
    80.297
    85.010
    98.438
    81.150
    83.887
    87.301
    88.839
    96.880
    81.053
    89.750
    82.188
    79.585
    93.628
    71.250
    88.212
    79.174
    80.892
    87.485
    74.649
    70.340
    77.261
    86.404
    79.327
    79.446
    70.028
    89.226
    87.809
    82.953
    76.313
    90.994
    90.382
    84.744
    72.635
    81.770
    79.951
    83.889
    85.545
   100.158
    90.428
    82.767
    82.275
    73.359
    79.919
    84.645
    72.659
    95.112
    77.631
    84.388
    89.383
    89.416
    94.119
    93.537
    79.349
    83.495
    80.329
    81.413
    86.325
    87.731
    87.923
    78.641
    75.603
    91.460
    86.295
    96.453
    91.074
    88.948
    92.952
    74.980
    82.095
    88.984
    85.930
    90.536
    94.580
    90.859
   102.602
    94.207
    85.864
    94.032
    81.812
    80.753
    86.877
    88.003
    87.089
    85.283
    90.820
    90.974
    78.168
    85.006
    77.148
    89.489
    83.386
    82.361
    83.340
    83.579
    81.445
    81.165
    91.915
    88.430
    84.901
    89.787
    79.289
    84.369
   100.630
    87.592
    87.377
    92.398
    83.517
    87.843
    76.976
    83.395
    84.563
    77.681
    81.280
    91.061
    92.679
    92.497
    84.734
    78.513
    79.083
    85.327
    74.900
    83.847
    85.332
    85.257
    86.955
    83.394
    87.123
    86.664
    85.312
    87.808
    82.413
    82.949
    88.353
    84.783
    92.389
    90.619
    81.640
    87.779
    81.737
    90.296
    92.947
    78.756
    85.706
    80.840
    83.986
    80.414
    88.370
    91.511
    79.041
    74.241
    78.836
    93.274
    93.255
    84.884
    72.577
    82.958
    84.213
    84.818
    86.659
   104.108
    90.355
    89.130
    91.620
    91.710
    87.863
    89.708
    80.291
   106.861
    83.392
    94.016
    92.343
    88.979
    87.201
    93.005
    94.494
    92.547
    80.036
    77.683
    91.023
    82.391
    79.712
    80.493
    93.553
    86.475
    87.714
    88.867
    92.424
    86.580
    90.220
    86.415
    81.204
    70.740
    82.959
    85.324
    85.321
    87.990
    85.716
    82.091
    82.328
    85.760
    86.625
    79.784
    92.147
    88.869
    86.127
   102.401
    87.889
    87.723
    86.570
    87.947
    97.125
    72.822
    82.010
    92.590
    84.046
    87.315
    94.867
    91.715
   101.449
    91.886
    96.274
