  -166.169
  -153.473
  -162.038
  -170.151
  -157.739
  -158.433
  -154.506
  -165.157
  -163.195
  -162.348
  -171.092
  -168.279
  -160.583
  -158.831
  -162.519
  -166.752
  -155.348
  -158.820
  -151.926
  -159.132
  -167.005
  -157.774
  -168.437
  -162.645
  -161.037
  -160.346
  -169.503
  -162.933
  -174.160
  -155.507
  -170.181
  -154.720
  -155.135
  -153.860
  -152.435
  -151.981
  -169.687
  -161.335
  -162.128
  -160.130
  -159.168
  -163.351
  -164.195
  -172.784
  -163.608
  -166.014
  -156.395
  -163.459
  -167.208
  -155.391
  -158.437
  -167.638
  -157.394
  -164.995
  -161.515
  -158.413
  -156.535
  -154.483
  -169.539
  -163.052
   178.535
  -150.851
  -159.433
  -157.210
  -159.092
  -148.316
  -152.565
  -156.038
  -168.617
  -167.670
  -168.775
  -160.050
  -153.201
  -157.671
  -166.979
  -159.695
  -153.225
  -156.883
  -158.660
  -158.224
  -142.075
  -156.158
  -169.614
  -172.179
  -152.046
  -158.584
  -160.944
  -163.475
  -168.726
  -169.840
  -172.667
  -160.096
  -159.588
  -154.913
  -161.132
  -152.442
  -171.777
  -161.994
  -159.267
  -174.461
  -161.508
  -155.558
  -157.059
  -162.633
  -156.401
  -164.146
  -157.108
  -171.669
  -150.716
  -157.859
  -152.975
  -159.761
  -165.013
  -165.108
  -151.145
  -162.087
  -157.458
  -157.360
  -163.888
  -155.065
  -173.299
  -163.644
  -154.845
  -154.604
  -149.722
  -155.299
  -147.959
  -151.118
  -163.993
  -176.827
  -158.920
  -168.056
  -165.281
  -164.815
  -165.823
  -162.352
  -171.778
  -163.922
  -157.608
  -175.203
  -158.420
  -151.484
  -146.397
  -161.998
  -167.200
  -148.303
  -158.296
  -160.359
  -158.891
  -164.019
  -155.381
  -153.301
  -150.974
  -169.194
  -156.004
  -146.008
  -160.526
  -164.957
  -154.205
  -161.392
  -156.653
  -150.143
  -157.485
  -171.534
  -151.451
  -166.542
  -156.843
  -152.135
  -154.372
  -160.427
  -178.041
  -164.859
  -145.466
  -168.802
  -175.465
  -160.175
  -150.536
  -161.714
  -151.758
  -165.721
  -158.259
  -154.050
  -150.011
  -161.370
  -173.789
  -158.482
  -152.503
  -167.942
  -166.210
  -163.471
  -166.587
  -168.177
  -162.112
  -157.070
  -159.377
  -163.885
  -159.190
  -145.892
   179.914
  -165.429
  -162.306
  -157.175
  -158.513
  -160.640
  -171.811
  -172.946
  -157.612
  -153.720
  -169.062
  -151.402
  -161.947
  -154.716
  -163.390
  -171.958
  -153.737
  -166.231
  -167.975
  -164.176
  -155.966
  -160.819
  -149.059
  -163.838
  -165.979
  -166.395
  -171.378
  -169.763
  -157.171
  -167.763
  -165.125
  -158.411
  -155.540
  -175.302
  -153.825
  -158.926
  -166.430
  -150.445
  -171.270
  -170.260
  -158.415
  -157.160
  -157.470
  -167.002
  -156.788
  -153.885
  -151.427
  -167.896
  -156.823
  -178.280
  -166.287
  -162.447
  -160.503
  -161.928
  -152.029
  -164.791
  -154.371
  -173.565
  -160.054
  -157.659
  -164.494
  -155.665
  -178.154
  -168.734
  -154.451
  -158.597
  -158.622
  -159.260
  -166.367
  -170.649
  -167.350
  -150.571
  -158.972
  -158.361
  -157.929
  -161.478
  -154.861
  -158.420
  -171.638
  -156.800
  -167.810
  -148.890
  -166.037
  -163.938
  -159.087
  -164.676
  -164.789
  -177.303
  -162.665
  -162.275
  -176.415
  -145.519
  -151.333
  -157.255
  -156.977
  -154.490
  -169.994
  -152.105
  -173.481
  -161.656
  -158.890
  -163.495
  -153.077
  -164.720
  -173.465
  -170.231
  -167.852
  -172.077
  -168.879
  -161.223
  -174.389
  -165.599
  -148.987
  -157.499
  -170.918
  -170.056
  -162.303
  -162.686
  -154.898
  -154.213
  -156.410
  -158.653
  -162.426
  -160.339
  -159.013
  -167.226
  -155.491
  -152.808
  -152.538
  -153.901
  -150.180
  -170.199
  -153.186
  -160.831
  -173.989
  -163.195
  -175.530
  -163.053
  -158.824
  -160.408
  -161.870
  -165.357
  -168.086
  -152.407
  -168.423
  -163.834
  -164.431
  -157.707
  -156.335
  -163.896
  -161.209
  -160.357
  -158.097
  -165.184
  -163.553
  -172.121
  -161.929
  -163.343
  -154.844
  -167.370
  -157.045
  -162.280
  -159.167
  -174.195
  -173.708
  -158.918
  -165.396
  -165.596
  -169.503
  -151.406
  -174.991
  -159.166
  -163.231
  -152.418
  -177.134
  -149.566
  -156.584
  -138.568
  -164.884
  -156.743
  -172.697
  -159.028
  -162.616
  -163.834
  -171.366
  -171.734
  -157.905
  -157.026
  -157.337
  -162.923
  -149.211
  -157.199
  -169.757
  -162.173
  -156.651
  -163.392
  -163.036
  -170.719
   178.257
  -168.637
  -170.342
  -159.139
  -161.054
  -166.163
  -168.092
  -172.123
  -151.135
  -159.939
  -163.883
  -162.800
  -162.077
  -161.882
  -159.721
  -166.211
  -163.277
  -153.718
  -164.933
  -157.531
  -168.977
  -146.027
  -165.004
  -142.579
  -170.532
  -155.346
  -156.833
  -166.258
  -163.977
  -167.813
  -158.581
  -152.657
  -157.185
  -161.119
  -172.283
  -174.181
  -154.135
  -154.483
  -158.039
  -152.000
  -166.433
  -158.772
  -156.262
  -170.212
  -169.781
  -160.431
  -155.068
  -159.761
  -158.261
  -167.344
  -171.410
  -165.798
  -161.675
   179.319
  -166.599
  -161.114
  -153.889
  -169.577
  -172.148
  -173.146
  -156.898
  -161.720
  -172.021
  -164.523
  -160.764
  -170.692
  -177.664
  -168.107
  -168.686
  -159.703
  -173.377
  -156.933
  -160.991
  -165.623
  -157.137
  -152.079
  -155.672
  -158.249
  -153.803
  -161.008
  -172.461
  -165.881
  -161.410
  -167.175
  -162.504
  -163.139
  -169.505
  -158.249
  -162.558
  -165.064
  -168.029
  -161.762
  -158.246
  -159.325
  -160.411
  -157.124
  -150.046
  -159.477
  -170.443
  -156.002
  -162.806
  -158.941
  -155.869
  -166.315
  -138.735
  -162.225
  -173.157
   175.715
  -161.847
  -169.327
  -161.283
  -159.815
  -166.304
  -175.601
  -159.175
  -164.909
  -168.783
  -165.624
  -161.696
  -162.510
  -170.934
  -156.924
  -153.576
  -148.764
  -156.029
  -157.313
  -161.392
  -152.417
  -151.907
  -168.980
  -172.261
  -171.814
  -161.650
  -165.849
  -151.113
  -157.233
  -158.065
  -149.763
  -158.805
  -166.050
  -160.883
  -157.191
  -170.815
  -168.522
  -166.134
  -160.686
  -166.835
  -167.791
  -164.760
  -157.003
  -170.617
  -156.345
  -155.234
  -161.159
  -157.521
  -163.541
  -152.384
  -164.518
  -161.701
  -162.213
  -158.407
  -159.321
  -166.872
  -158.458
  -164.387
  -179.327
  -161.410
  -157.374
  -164.184
  -164.126
  -156.827
  -156.185
  -171.464
  -158.475
  -157.564
  -162.198
  -161.980
  -154.648
  -169.051
  -155.208
  -172.290
  -168.940
  -152.623
  -159.252
  -158.102
  -167.019
  -164.207
  -149.525
  -170.670
  -166.839
  -154.494
  -160.749
  -162.427
  -161.714
  -166.933
  -171.504
  -165.951
  -172.264
  -165.331
  -171.733
  -163.713
   175.376
  -171.996
  -156.744
  -166.397
  -155.549
  -159.597
  -159.500
  -162.276
  -163.840
  -161.565
  -169.717
  -170.185
  -161.183
  -167.513
  -165.416
  -165.594
  -140.159
  -166.419
  -156.836
  -159.014
  -162.860
  -163.254
  -162.290
  -169.865
  -152.867
  -153.490
  -149.746
  -169.669
  -162.891
  -157.769
  -156.886
  -174.111
  -171.752
  -173.032
  -146.085
  -166.021
  -166.629
  -143.999
  -173.871
  -158.523
  -170.915
  -161.406
  -165.395
  -162.342
  -150.871
  -161.194
  -168.145
  -150.651
  -161.502
  -162.587
  -160.821
  -159.497
  -166.540
  -169.938
  -170.461
  -166.548
  -173.002
  -158.960
  -170.408
  -162.434
  -162.060
  -171.615
  -169.371
  -151.558
  -152.885
  -163.472
  -168.543
  -160.880
  -163.390
   179.808
  -164.297
  -156.013
  -163.068
  -163.503
  -161.742
  -154.134
  -163.098
  -165.746
  -165.888
  -165.986
  -158.604
  -162.701
  -162.737
  -158.843
  -170.896
  -160.066
  -154.681
  -152.197
  -155.243
  -158.523
  -171.334
  -163.962
   177.195
  -155.806
  -156.983
  -158.842
  -159.340
  -167.067
  -155.346
  -167.900
  -159.977
  -148.781
  -168.116
  -163.015
  -162.580
  -171.194
  -172.158
  -162.140
  -160.477
  -167.222
  -167.589
  -149.517
  -153.677
  -152.411
  -167.265
  -156.662
  -160.569
  -170.251
  -151.973
  -170.158
  -158.544
  -163.408
  -160.513
  -162.906
  -160.070
  -165.825
  -152.684
  -150.727
  -159.300
  -158.352
  -156.207
  -160.059
  -153.792
  -166.554
  -156.539
  -166.205
  -171.800
  -169.535
  -161.017
  -162.814
  -157.176
  -157.903
  -164.589
  -174.240
  -161.749
  -168.340
  -154.323
  -157.649
  -164.823
  -164.236
  -157.490
  -155.866
  -171.524
  -174.440
  -145.908
  -157.682
  -154.581
  -156.571
  -164.147
  -157.427
  -165.151
  -165.235
  -166.642
  -168.050
  -151.521
  -156.617
  -160.192
  -149.770
  -167.648
  -160.992
  -163.392
  -158.584
  -162.104
  -149.265
  -149.181
  -160.748
  -171.505
  -177.924
  -174.382
  -164.410
  -155.559
  -160.929
  -160.162
  -149.243
  -157.222
  -154.262
  -154.869
  -148.410
  -153.542
  -154.423
  -148.123
  -151.832
  -156.326
  -157.788
  -158.461
  -155.224
  -162.904
  -166.335
  -160.428
  -148.769
  -156.782
  -165.690
  -164.123
  -150.022
  -168.870
  -170.709
  -168.223
  -156.519
  -179.474
  -147.838
  -165.580
  -168.131
  -155.899
  -155.825
  -170.585
  -173.977
  -148.155
  -153.443
  -153.954
  -159.649
  -163.756
  -156.591
  -157.149
  -157.834
  -170.358
  -148.194
  -159.811
  -148.739
  -151.997
  -159.145
  -159.610
  -164.214
  -155.513
  -174.610
  -162.138
  -171.489
   176.475
  -179.659
  -158.763
  -156.460
  -155.197
  -163.832
  -158.538
  -173.583
  -172.669
  -160.961
  -168.345
  -163.141
   177.193
  -163.217
  -167.997
  -158.126
  -160.063
  -149.254
  -163.438
  -153.170
  -171.515
  -151.227
  -157.419
  -173.185
  -155.115
  -174.764
  -168.502
  -175.744
  -163.058
  -155.438
  -164.301
  -160.085
  -164.832
  -162.662
  -166.160
  -157.918
  -151.443
  -159.666
  -170.891
  -153.120
  -165.227
  -157.538
  -159.888
  -159.673
  -159.243
  -163.066
  -160.440
  -165.290
  -170.558
  -166.485
  -159.679
  -154.043
  -164.409
  -169.597
  -148.279
  -155.931
  -166.429
  -164.455
  -164.899
  -177.943
  -155.354
  -171.186
  -160.561
  -159.490
  -174.087
  -171.141
  -162.533
  -178.355
  -155.480
  -164.277
  -160.044
  -148.064
  -165.771
  -161.720
  -165.619
  -159.507
  -154.909
  -160.420
  -166.677
  -150.905
  -156.239
  -151.940
  -152.474
  -150.843
  -161.936
  -159.771
  -160.921
  -159.084
  -167.616
  -169.805
  -162.481
  -162.084
  -153.844
  -164.096
   176.780
  -163.544
  -164.019
  -159.139
  -152.245
  -164.438
  -143.484
  -155.563
  -171.069
  -157.033
  -163.679
  -164.615
  -171.751
  -152.593
  -165.390
  -174.155
  -166.357
  -172.239
  -165.025
  -161.183
  -167.653
  -157.682
  -170.178
  -159.750
  -161.360
  -171.038
  -157.892
  -170.841
  -170.189
  -152.200
  -164.173
  -163.357
  -167.004
  -155.465
  -158.482
  -162.629
  -166.106
  -158.492
  -150.362
  -156.224
  -170.959
  -160.797
  -178.376
  -161.322
  -144.510
  -155.108
  -171.204
  -156.491
  -160.163
  -156.964
  -161.809
  -159.223
  -169.770
  -157.217
  -160.012
  -172.839
  -159.997
  -142.269
  -163.655
  -162.090
  -165.761
  -144.235
  -162.845
  -155.793
  -166.181
  -149.669
  -156.356
  -152.288
  -156.813
  -171.872
  -165.110
  -147.984
  -149.285
