  -105.135
   -93.058
  -107.317
   -95.650
   -97.278
   -95.637
  -106.474
  -125.675
  -110.841
  -116.047
   -91.310
  -110.028
   -94.959
   -91.300
   -96.290
  -115.598
   -99.139
  -104.479
  -114.669
  -112.584
  -102.865
  -105.913
   -90.884
   -79.830
   -99.790
   -95.670
   -98.363
  -108.658
  -107.509
   -95.291
  -108.781
  -106.031
   -92.734
  -100.757
  -104.777
   -96.932
  -108.744
  -101.547
  -103.728
   -96.247
   -77.270
   -89.616
  -113.524
  -102.487
  -110.774
  -102.607
  -103.761
  -101.812
  -105.829
  -108.764
  -101.468
  -103.098
   -93.591
  -116.912
   -86.972
   -99.405
  -109.369
   -99.840
  -113.907
  -118.883
  -106.439
  -118.995
  -121.962
   -95.579
  -103.908
   -82.970
   -90.703
  -101.678
  -108.295
  -101.860
  -111.398
   -90.468
  -110.340
   -97.963
  -105.567
   -90.708
  -104.416
   -93.214
  -107.897
   -94.538
   -98.001
   -96.482
  -103.745
   -87.214
  -121.452
   -98.227
  -106.583
   -88.856
  -102.272
   -95.905
  -100.242
  -104.726
   -99.141
  -101.752
  -119.018
  -115.716
  -100.226
   -98.541
   -93.864
  -112.244
  -100.538
  -105.880
  -108.052
  -103.489
  -104.444
  -108.770
   -91.847
  -120.588
   -99.466
  -102.423
  -101.810
  -102.603
  -104.637
  -103.249
  -104.015
  -102.657
  -107.345
  -100.244
   -98.483
   -97.937
  -100.929
   -85.639
   -99.040
   -98.735
   -95.535
  -104.387
   -98.900
  -106.077
   -90.613
  -108.252
   -89.174
  -118.051
  -101.647
  -109.198
  -108.108
  -118.524
  -118.839
  -110.243
  -108.344
  -116.691
   -98.002
  -105.254
  -110.884
  -101.194
  -114.476
  -116.039
  -112.367
   -98.126
  -112.553
   -99.459
   -98.850
  -114.299
  -117.399
   -95.490
  -110.742
  -110.790
  -106.080
  -109.173
   -89.119
   -95.649
  -115.222
  -109.227
  -116.860
  -102.062
  -121.058
  -100.918
  -115.574
  -114.567
  -100.196
  -116.620
  -102.849
  -113.718
   -95.373
  -119.006
   -83.795
  -106.644
  -114.546
   -98.142
   -96.369
   -96.954
  -116.346
  -101.874
   -94.516
   -90.353
  -103.995
   -94.199
   -92.975
  -109.502
   -95.538
   -87.579
   -89.039
  -105.188
   -97.087
   -88.341
   -99.258
  -102.987
   -86.475
  -109.263
  -108.361
   -97.772
  -110.165
  -112.543
  -115.132
  -119.551
  -100.126
  -112.443
   -97.876
   -85.334
  -100.192
   -98.602
  -104.193
  -107.275
  -114.985
  -103.063
  -109.917
  -106.998
   -99.924
   -99.977
   -96.934
  -115.145
   -96.801
   -95.720
  -102.975
   -96.266
   -95.720
  -103.782
  -101.386
  -101.348
  -107.585
   -94.864
  -115.411
  -134.125
  -105.293
   -93.337
  -109.700
   -81.439
   -95.899
   -90.460
  -104.114
   -99.036
  -102.020
   -97.295
   -98.376
   -93.876
   -93.705
  -100.040
   -91.968
  -110.619
  -100.069
   -85.606
   -90.101
  -110.739
   -94.258
  -104.789
   -91.646
  -104.251
  -106.113
  -109.664
   -94.408
   -95.749
  -110.417
  -112.616
  -108.393
   -92.794
   -94.908
  -108.841
  -107.536
  -109.099
  -102.773
  -103.427
  -112.266
  -120.161
  -114.853
   -93.573
   -96.761
   -94.352
  -102.885
  -106.406
  -100.833
  -105.343
  -106.866
  -102.797
   -96.653
  -107.115
  -118.984
   -79.500
  -106.510
  -138.231
   -91.224
   -95.101
  -113.779
   -98.512
  -103.636
   -99.996
  -122.473
  -126.755
  -104.893
  -125.617
   -93.492
   -97.865
  -108.443
  -103.718
  -114.903
  -106.895
   -98.321
   -90.033
  -100.126
   -92.191
  -102.043
  -126.652
   -99.212
   -98.593
  -117.262
  -105.226
   -85.725
  -125.877
   -96.750
  -106.089
   -83.605
  -101.016
   -96.965
  -127.478
   -96.987
   -96.353
   -98.330
  -114.190
   -95.734
  -109.830
  -106.297
   -99.819
  -116.479
  -114.439
  -108.965
  -103.007
  -112.186
  -114.317
  -115.219
  -121.111
  -105.093
  -123.703
  -122.459
   -93.127
   -93.255
  -109.033
  -119.462
   -98.725
   -82.996
   -93.201
  -102.702
  -100.852
  -101.645
   -88.758
  -128.381
   -99.261
   -90.913
  -104.813
  -108.200
   -96.273
   -92.054
   -87.296
  -122.641
   -92.729
   -93.287
  -103.445
  -113.006
  -106.649
  -110.877
   -99.406
  -119.265
  -106.895
   -99.302
  -100.599
  -103.850
  -121.280
   -87.942
  -105.431
  -122.557
   -90.974
  -100.500
  -100.290
  -102.527
  -102.090
  -109.867
  -105.655
   -94.280
  -104.481
   -94.768
   -92.865
  -116.599
  -113.281
  -100.648
  -100.945
  -100.088
  -101.588
  -101.664
  -120.182
  -110.819
  -115.872
  -109.018
  -101.973
  -121.868
  -117.325
   -99.844
   -89.668
  -139.481
  -111.908
  -105.698
   -99.781
   -99.963
  -106.388
  -121.437
  -141.580
  -103.924
   -93.474
  -112.677
  -101.781
  -120.493
  -102.842
   -92.077
  -115.942
  -113.477
  -101.955
  -105.336
  -105.327
  -112.125
  -107.293
  -110.343
   -94.631
  -109.519
   -98.864
   -91.830
  -104.992
   -99.412
   -95.312
   -99.761
   -99.966
   -99.537
   -92.351
   -93.906
  -102.209
  -108.084
   -99.740
  -100.376
  -113.148
  -116.643
  -102.465
   -97.814
  -100.997
  -107.767
  -104.039
   -98.316
  -106.897
   -99.874
   -78.919
  -111.921
  -100.565
  -108.747
  -105.589
   -96.746
   -96.896
   -94.981
   -92.280
   -92.282
  -109.953
  -120.925
  -121.875
   -98.342
  -120.012
  -102.901
   -92.148
   -96.346
   -92.790
  -100.447
   -90.532
  -105.173
  -123.104
  -108.404
   -93.371
   -97.660
  -104.538
   -87.529
  -101.579
   -95.919
  -104.076
  -108.192
  -103.038
  -110.042
  -114.328
  -109.855
   -95.088
   -90.441
  -103.187
   -99.053
  -100.619
  -114.098
  -105.735
  -110.037
  -125.597
   -99.443
   -99.435
  -130.586
  -108.009
   -87.413
   -88.307
  -114.928
  -119.599
   -95.249
  -106.550
  -107.113
  -102.452
   -89.355
  -117.376
   -98.593
  -102.281
  -111.516
   -98.959
  -103.837
   -94.991
  -101.036
   -98.016
  -115.991
  -110.299
  -127.397
  -105.073
  -105.324
   -90.247
   -92.759
   -96.883
  -111.019
  -100.249
  -104.098
  -128.476
  -110.276
  -107.577
  -116.187
   -98.108
  -102.642
   -98.106
  -125.170
   -97.069
   -90.898
  -111.827
  -108.533
   -90.150
   -99.234
  -111.934
   -95.056
  -115.329
   -99.477
  -106.749
   -93.570
   -96.393
  -112.791
   -97.764
  -115.902
  -117.357
  -116.045
   -94.550
  -112.257
  -100.201
   -93.275
   -99.284
   -90.419
  -107.603
  -106.705
  -112.309
  -114.590
   -96.257
  -104.303
  -106.108
  -116.226
  -111.922
  -114.911
  -100.891
  -111.902
  -108.492
  -100.289
  -100.441
  -100.354
  -103.581
   -92.594
   -87.722
   -91.263
  -109.347
   -99.607
   -92.948
  -117.424
   -99.530
  -106.161
  -105.991
  -103.707
   -87.155
  -101.526
  -108.698
  -100.272
  -107.288
  -102.889
  -112.992
  -101.037
  -102.687
  -110.594
  -105.295
  -118.497
  -115.095
   -95.622
  -106.299
  -103.588
  -111.201
   -92.783
  -120.601
  -109.867
   -90.646
   -81.857
  -104.767
  -121.264
   -95.652
  -103.004
   -93.245
  -100.918
   -94.957
   -98.963
   -96.350
  -101.892
  -101.932
   -97.918
  -111.793
  -106.702
   -94.113
   -88.675
  -100.773
   -83.826
  -110.688
  -119.665
  -107.643
   -94.063
  -102.586
  -119.932
  -112.627
  -107.382
   -88.164
  -109.365
  -104.055
   -87.737
   -85.025
  -108.144
  -123.290
  -113.469
   -95.830
   -86.454
  -102.440
  -105.989
   -99.438
  -103.264
   -94.111
  -109.093
  -100.252
  -110.020
  -106.743
  -110.967
   -98.730
   -99.032
  -125.003
  -125.540
   -93.379
  -105.959
  -102.109
   -98.355
  -116.684
  -106.118
   -96.807
  -109.873
  -114.102
  -107.671
  -103.038
   -97.308
  -106.664
  -103.081
  -121.955
  -115.163
  -100.543
   -83.514
  -100.810
  -100.601
  -100.542
   -95.504
  -107.971
   -85.866
  -105.171
  -111.056
  -101.387
   -96.992
   -96.357
  -102.781
  -115.949
  -101.831
  -123.627
  -115.684
  -113.546
   -93.404
  -107.002
  -107.817
   -94.536
  -111.517
   -95.720
   -89.939
   -97.123
   -83.791
   -94.398
  -105.321
   -84.451
  -110.008
  -106.987
   -94.854
  -105.665
   -88.795
  -109.820
   -92.418
  -109.975
   -97.205
  -109.470
  -133.876
   -97.886
  -108.005
  -100.182
   -98.585
  -126.236
  -108.019
  -101.229
  -105.762
   -99.601
   -84.105
   -99.562
   -97.362
  -107.281
  -126.368
  -115.788
   -92.636
  -107.854
   -93.896
  -101.975
  -124.714
  -106.012
  -111.759
  -113.476
  -104.419
  -100.681
  -115.955
  -104.597
  -106.862
  -108.253
  -101.419
  -112.254
  -115.484
  -105.348
  -108.740
  -108.194
  -115.111
  -120.888
  -103.024
  -114.886
   -95.904
  -103.498
   -98.651
   -98.075
  -108.695
  -100.321
  -123.178
  -112.369
  -101.514
  -100.100
   -97.978
  -121.240
  -105.296
  -116.862
  -120.998
  -105.906
  -120.307
  -107.496
  -108.919
  -109.959
   -99.661
  -103.116
  -136.218
   -98.110
  -115.380
  -113.168
   -98.707
  -106.452
   -94.444
  -108.836
   -95.511
   -97.863
  -112.056
   -98.986
   -95.257
   -89.617
  -120.447
   -82.335
   -95.486
  -117.065
  -111.272
  -102.603
  -102.549
  -103.268
  -102.482
  -105.916
   -90.951
   -98.756
  -120.658
   -95.588
   -92.095
  -122.296
  -104.105
  -107.730
   -98.878
   -93.834
  -107.498
  -117.148
  -106.388
  -101.169
  -112.805
  -118.082
  -104.078
   -91.390
  -100.083
  -104.144
  -103.513
  -105.862
   -97.567
  -110.764
   -92.132
  -101.281
  -100.607
  -114.538
  -106.847
  -104.254
   -93.784
  -100.181
  -113.619
   -92.361
  -100.131
   -98.707
  -101.571
  -111.012
  -103.516
  -107.624
  -115.826
   -86.734
  -106.031
  -100.460
   -88.580
  -101.793
  -123.301
  -106.842
  -107.162
   -96.683
  -102.933
   -95.137
  -103.100
  -112.328
   -97.249
  -105.524
  -103.153
  -106.350
   -95.453
   -93.538
  -116.066
   -97.553
  -115.702
  -118.679
  -115.961
  -114.323
  -106.799
   -92.007
   -93.312
  -104.857
  -115.491
   -89.852
  -100.986
   -94.623
   -92.517
   -88.864
   -99.802
  -111.916
  -108.122
  -105.958
  -116.805
  -108.607
   -92.858
   -81.464
   -99.593
   -99.321
  -109.146
   -87.608
  -110.223
  -108.042
   -95.064
   -88.682
   -91.756
  -118.630
  -108.651
  -111.259
   -95.181
   -86.619
  -104.923
   -94.362
   -97.860
  -118.077
   -95.368
  -109.510
  -107.228
   -97.863
  -108.571
   -96.772
  -106.668
   -99.338
  -103.937
  -117.315
   -87.562
   -85.613
  -100.566
   -98.145
  -117.640
   -96.543
  -110.122
  -111.533
  -122.243
  -110.301
  -114.003
  -105.392
  -109.807
   -98.661
  -107.324
   -89.795
   -99.366
   -92.798
   -96.801
  -110.254
  -110.390
   -91.331
   -91.367
  -118.163
  -103.992
  -106.782
  -120.554
  -120.440
  -105.340
   -89.892
  -115.767
  -109.850
   -93.649
  -100.076
  -118.859
   -94.741
   -93.409
   -88.932
  -126.874
  -118.140
  -107.746
  -127.549
  -103.825
   -97.193
   -98.471
  -106.010
  -108.973
   -93.218
  -102.955
  -106.696
  -112.972
  -103.322
  -107.001
  -104.787
   -96.019
  -105.190
  -131.237
  -110.129
   -98.117
  -105.729
  -105.709
  -115.583
  -109.783
  -102.784
  -137.259
  -110.228
  -101.020
   -99.185
   -95.567
  -116.284
  -101.897
  -108.304
  -113.971
  -134.618
   -95.773
   -90.884
  -111.543
  -106.208
  -130.258
  -106.499
  -109.224
  -104.914
