   -76.020
   -77.041
   -83.196
   -69.286
   -83.550
   -64.361
   -74.496
   -90.278
   -75.701
   -74.120
   -71.559
   -66.453
   -70.571
   -68.655
   -75.596
   -84.712
   -78.354
   -79.534
   -73.828
   -78.019
   -73.458
   -63.171
   -74.884
   -62.169
   -64.499
   -73.104
   -74.355
   -77.938
   -60.257
   -64.021
   -71.350
   -64.943
   -84.300
   -80.307
   -75.768
   -67.770
   -67.081
   -71.969
   -69.441
   -67.804
   -77.672
   -72.912
   -71.414
   -79.608
   -73.751
   -69.906
   -81.250
   -79.118
   -66.476
   -68.195
   -70.397
   -83.373
   -72.468
   -66.127
   -79.758
   -78.100
   -69.596
   -68.920
   -57.177
   -75.467
   -62.636
   -81.081
   -72.457
   -83.283
   -73.063
   -88.906
   -72.002
   -73.773
   -68.757
   -80.235
   -62.338
   -94.760
   -69.917
   -61.967
   -74.235
   -57.041
   -73.812
   -76.095
   -79.474
   -57.797
   -84.893
   -65.914
   -75.124
   -73.710
   -77.134
   -75.619
   -74.812
   -86.751
   -58.514
   -71.701
   -62.978
   -70.599
   -80.058
   -68.679
   -75.668
   -78.212
   -71.734
   -75.136
   -83.689
   -82.206
   -75.392
   -71.554
   -71.022
   -75.338
   -66.618
   -85.276
   -77.491
   -77.512
   -78.149
   -73.820
   -80.833
   -76.527
   -70.632
   -79.044
   -75.118
   -79.146
   -72.603
   -72.227
   -77.885
   -70.357
   -78.828
   -76.315
   -65.446
   -65.818
   -81.858
   -78.902
   -88.957
   -79.616
   -84.574
   -68.145
   -74.630
   -63.203
   -72.015
   -72.146
   -56.067
   -74.667
   -82.419
   -57.304
   -76.952
   -76.923
   -70.186
   -71.764
   -79.014
   -76.837
   -79.570
   -80.288
   -85.130
   -75.316
   -87.325
   -68.471
   -67.965
   -72.513
   -66.532
   -80.115
   -77.273
   -58.839
   -73.338
   -77.030
   -67.357
   -78.348
   -76.528
   -78.723
   -73.090
   -79.493
   -82.607
   -73.566
   -78.781
   -79.998
   -69.325
   -81.421
   -67.192
   -61.095
   -85.411
   -74.316
   -69.534
   -76.958
   -80.522
   -68.591
   -75.414
   -68.664
   -65.153
   -76.876
   -78.971
   -67.378
   -89.381
   -87.747
   -82.601
   -69.828
   -76.173
   -88.324
   -72.952
   -71.613
   -85.131
   -74.573
   -72.611
   -68.507
   -67.914
   -69.812
   -68.453
   -58.233
   -76.272
   -79.238
   -76.638
   -72.971
   -76.663
   -75.772
   -86.256
   -66.538
   -67.024
   -79.527
   -66.894
   -80.231
   -73.662
   -78.123
   -74.171
   -75.142
   -60.248
   -81.569
   -78.043
   -84.250
   -76.753
   -93.573
   -75.842
   -60.839
   -75.676
   -64.871
   -76.331
   -74.211
   -73.586
   -80.402
   -81.383
   -82.418
   -72.850
   -64.556
   -58.991
   -72.762
   -76.796
   -78.714
   -87.742
   -72.449
   -65.525
   -80.539
   -66.855
   -81.540
   -71.371
   -71.397
   -72.115
   -74.087
   -83.187
   -73.785
   -61.168
   -82.763
   -68.542
   -68.499
   -74.889
   -68.331
   -72.456
   -77.060
   -77.995
   -80.475
   -75.551
   -84.632
   -71.373
   -80.526
   -71.732
   -88.142
   -74.541
   -80.489
   -57.947
   -66.469
   -69.825
   -79.654
   -72.572
   -66.865
   -69.428
   -86.668
   -70.821
   -86.052
   -74.523
   -79.841
   -73.160
   -77.365
   -78.541
   -82.915
   -68.025
   -74.634
   -69.913
   -73.376
   -79.191
   -76.826
   -66.240
   -70.361
   -69.493
   -79.002
   -73.414
   -74.962
   -73.975
   -83.992
   -80.086
   -77.150
   -77.124
   -68.866
   -83.995
   -60.973
   -68.933
   -68.973
   -88.208
   -70.224
   -79.157
   -54.504
   -79.079
   -68.807
   -82.910
   -76.124
   -93.425
   -79.271
   -75.806
   -70.383
   -85.505
   -68.436
   -61.972
   -69.215
   -69.772
   -85.987
   -63.146
   -64.148
   -77.020
   -74.386
   -81.592
   -72.858
   -69.838
   -80.145
   -83.392
   -84.044
   -75.547
   -72.177
   -68.571
   -67.378
   -76.295
   -87.897
   -74.659
   -55.460
   -81.037
   -69.244
   -64.468
   -80.307
   -71.775
   -71.932
   -66.043
   -75.331
   -84.215
   -80.571
   -72.283
   -60.885
   -75.697
   -63.492
   -80.915
   -80.312
   -70.158
   -76.513
   -78.589
   -72.273
   -70.529
   -75.426
   -76.062
   -81.900
   -73.915
   -59.673
   -78.548
   -60.573
   -87.587
   -74.405
   -78.420
   -75.573
   -77.014
   -69.004
   -80.984
   -84.497
   -82.905
   -81.693
   -81.467
   -72.974
   -73.141
   -80.065
   -75.775
   -76.077
   -77.608
   -79.531
   -80.930
   -74.336
   -79.279
   -80.619
   -78.555
   -62.886
   -67.656
   -85.994
   -72.776
   -83.819
   -81.537
   -77.659
   -72.470
   -76.149
   -74.388
   -78.009
   -81.255
   -71.312
   -87.532
   -74.567
   -59.472
   -84.287
   -77.590
   -80.491
   -69.955
   -69.834
   -69.345
   -74.722
   -82.031
   -87.293
   -77.048
   -74.423
   -81.465
   -78.577
   -84.289
   -70.873
   -77.616
   -79.829
   -74.494
   -84.564
   -72.570
   -83.111
   -79.296
   -79.201
   -66.481
   -70.211
   -81.558
   -62.011
   -74.843
   -82.881
   -75.165
   -73.534
   -77.084
   -72.301
   -76.415
   -78.510
   -78.411
   -79.211
   -83.858
   -54.304
   -78.273
   -74.867
   -67.209
   -66.057
   -75.069
   -84.089
   -73.140
   -80.192
   -80.820
   -70.498
   -73.979
   -65.735
   -76.417
   -64.576
   -68.229
   -85.915
   -80.417
   -64.925
   -72.164
   -76.665
   -83.219
   -73.033
   -92.449
   -83.691
   -75.786
   -76.742
   -77.128
   -73.447
   -87.569
   -76.679
   -73.693
   -80.486
   -75.926
   -82.548
   -78.310
   -71.961
   -77.707
   -69.021
   -66.298
   -65.807
   -84.944
   -67.402
   -73.115
   -70.692
   -75.725
   -66.887
   -80.558
   -72.294
   -73.713
   -71.171
   -76.273
   -80.874
   -92.109
   -69.141
   -84.834
   -64.081
   -62.232
   -62.206
   -66.888
   -74.748
   -68.966
   -76.276
   -69.642
   -75.404
   -75.447
   -82.917
   -74.538
   -68.833
   -70.812
   -77.484
   -67.189
   -76.833
   -86.654
   -70.587
   -72.847
   -88.342
   -80.421
   -79.838
   -70.497
   -84.888
   -75.527
   -70.883
   -73.594
   -80.879
   -61.036
   -85.993
   -73.831
   -72.655
   -68.949
   -62.043
   -66.266
   -76.895
   -68.519
   -68.822
   -77.857
   -71.607
   -65.974
   -75.706
   -73.790
   -89.850
   -60.701
   -76.604
   -77.379
   -73.652
   -70.997
   -73.021
   -75.621
   -67.327
   -80.705
   -63.174
   -67.088
   -83.079
   -78.661
   -60.869
   -73.554
   -76.970
   -80.052
   -76.082
   -81.658
   -65.569
   -76.354
   -76.416
   -75.798
   -84.132
   -84.950
   -86.688
   -89.713
   -70.373
   -75.942
   -66.784
   -67.961
   -83.764
   -77.494
   -86.661
   -74.392
   -76.422
   -74.457
   -58.087
   -68.209
   -71.651
   -65.567
   -79.803
   -77.577
   -70.664
   -85.188
   -63.417
   -63.533
   -62.752
   -73.807
   -75.690
   -74.005
   -66.228
   -71.956
   -70.732
   -78.391
   -75.323
   -84.668
   -59.955
   -76.514
   -84.354
   -77.960
   -70.697
   -81.140
   -75.642
   -82.237
   -83.036
   -58.179
   -73.512
   -77.216
   -76.025
   -76.136
   -69.225
   -74.787
   -68.883
   -66.973
   -70.842
   -78.689
   -67.307
   -78.919
   -81.949
   -75.889
   -66.424
   -79.449
   -71.079
   -74.083
   -86.860
   -64.879
   -71.154
   -70.871
   -69.675
   -84.206
   -66.149
   -68.078
   -81.469
   -68.021
   -81.559
   -66.872
   -80.591
   -65.588
   -76.194
   -76.152
   -66.401
   -91.141
   -76.520
   -72.693
   -73.140
   -72.255
   -79.658
   -93.837
   -92.944
   -68.449
   -73.455
   -69.405
   -72.975
   -72.292
   -78.933
   -77.283
   -82.054
   -70.258
   -70.634
   -76.634
   -67.655
   -74.585
   -85.425
   -88.889
   -70.364
   -81.300
   -73.707
   -82.415
   -76.756
   -70.218
   -71.469
   -83.182
   -69.413
   -73.723
   -72.978
   -70.536
   -73.862
   -85.453
   -68.770
   -75.281
   -80.476
   -81.179
   -76.161
   -66.282
   -65.045
   -84.969
   -65.547
   -81.597
   -70.840
   -70.936
   -67.289
   -74.994
   -74.734
   -82.839
   -85.919
   -77.786
   -81.834
   -70.302
   -77.156
   -80.669
   -68.987
   -87.831
   -63.954
   -74.497
   -79.727
   -71.927
   -66.332
   -72.920
   -84.708
   -71.413
   -63.169
   -64.548
   -74.458
   -87.284
   -76.024
   -91.284
   -78.421
   -61.324
   -70.294
   -65.642
   -68.229
   -78.170
   -77.787
   -78.399
   -76.639
   -76.111
   -79.403
   -73.566
   -80.033
   -78.199
   -68.314
   -74.996
   -61.225
   -64.323
   -75.973
   -72.213
   -66.569
   -80.198
   -63.198
   -77.944
   -66.804
   -74.871
   -74.336
   -73.483
   -76.182
   -72.829
   -64.851
   -79.177
   -73.402
   -72.464
   -71.996
   -61.379
   -85.100
   -77.587
   -75.624
   -70.676
   -68.872
   -80.309
   -70.681
   -74.733
   -71.735
   -75.983
   -75.849
   -75.537
   -76.360
   -77.582
   -70.793
   -73.551
   -75.085
   -61.505
   -57.142
   -63.488
   -78.937
   -72.883
   -74.634
   -68.803
   -70.023
   -81.602
   -80.460
   -77.812
   -70.911
   -75.888
   -85.498
   -81.744
   -68.547
   -79.390
   -86.449
   -63.986
   -79.782
   -85.127
   -72.190
   -55.686
   -68.233
   -67.531
   -66.576
   -86.595
   -64.668
   -80.278
   -76.690
   -60.279
   -68.961
   -63.051
   -80.476
   -70.346
   -77.453
   -74.263
   -72.507
   -77.052
   -75.509
   -82.410
   -85.589
   -72.660
   -73.588
   -67.994
   -68.737
   -71.936
   -75.271
   -72.912
   -81.238
   -86.001
   -63.549
   -83.221
   -65.442
   -71.987
   -66.277
   -78.752
   -73.667
   -83.887
   -69.454
   -67.292
   -71.987
   -80.008
   -72.584
   -81.349
   -73.245
   -74.004
   -75.313
   -83.193
   -64.341
   -71.316
   -81.326
   -72.752
   -76.527
   -89.833
   -72.194
   -70.529
   -72.457
   -96.624
   -76.148
   -66.568
   -81.282
   -65.797
   -62.879
   -66.347
   -75.062
   -87.525
   -74.149
   -80.038
   -67.935
   -77.170
   -76.928
   -73.196
   -69.907
   -69.996
   -78.854
   -83.934
   -86.857
   -77.458
   -77.524
   -69.144
   -74.113
   -78.825
   -85.741
   -80.031
   -72.464
   -60.960
   -67.674
   -76.411
   -79.181
   -66.780
   -81.336
   -64.728
   -70.038
   -71.703
   -68.822
   -49.731
   -73.520
   -80.183
   -69.448
   -75.284
   -90.607
   -65.347
   -74.977
   -80.507
   -67.998
   -70.118
   -83.635
   -77.861
   -71.011
   -76.710
   -68.707
   -72.837
   -60.154
   -70.712
   -75.497
   -78.800
   -76.574
   -72.813
   -68.830
   -64.790
   -72.142
   -74.352
   -67.638
   -82.339
   -75.864
   -70.345
   -75.482
   -78.218
   -76.039
   -79.682
   -69.013
   -74.094
   -71.671
   -78.280
   -76.906
   -73.733
   -74.494
   -77.180
   -78.177
   -84.152
   -77.712
   -68.081
   -70.640
   -68.436
   -87.224
   -75.378
   -71.285
   -69.619
   -69.970
   -65.013
   -76.634
   -68.321
   -64.699
   -71.914
   -72.984
   -74.062
   -64.877
   -79.821
   -74.726
   -72.988
   -70.999
   -58.425
   -70.559
   -58.414
   -67.501
   -81.418
   -79.503
   -84.776
   -70.132
   -72.419
   -74.633
   -66.473
   -87.409
   -78.996
   -77.396
   -62.068
   -77.685
   -80.656
   -72.322
   -67.894
   -66.669
   -67.170
   -71.534
   -66.472
   -85.179
   -77.766
   -69.259
   -69.871
   -74.033
   -78.987
   -76.554
   -75.309
   -75.067
   -69.622
   -76.951
   -74.647
   -82.477
   -59.699
   -84.143
   -63.403
   -69.425
