  -172.197
   175.582
  -168.224
  -170.490
   174.490
  -168.523
  -158.953
  -165.110
   178.001
   173.496
  -174.642
   170.937
   176.237
   174.692
   179.384
   179.200
  -168.742
   179.556
   179.851
  -179.843
   173.466
  -174.034
   170.853
  -179.830
   179.417
  -171.819
   177.841
  -174.295
  -170.399
  -178.790
   166.788
   170.492
  -175.957
   165.033
   176.071
   170.344
  -176.877
  -167.352
  -170.219
  -177.444
  -179.755
   169.414
   178.027
  -174.346
  -170.642
  -168.307
  -165.521
  -175.698
  -176.733
  -177.390
  -174.154
  -178.228
  -166.622
  -178.727
  -170.349
  -171.627
  -175.732
   177.006
  -174.362
  -171.408
  -167.772
  -172.661
  -153.490
  -179.259
   178.870
   178.713
  -174.059
   175.021
  -179.622
   178.738
  -179.105
   176.789
   175.866
  -168.858
  -172.734
  -162.261
  -166.173
   179.298
  -165.086
  -168.678
  -167.028
  -172.363
  -170.982
  -156.770
   175.131
   179.958
  -174.149
  -177.635
   176.396
  -176.049
  -163.837
   171.153
  -175.131
   170.056
  -166.002
  -170.866
  -179.582
   177.057
  -163.244
   174.977
  -170.047
   162.729
  -176.221
   176.855
  -162.300
  -175.526
   175.020
  -175.449
   179.669
   167.020
  -173.417
  -167.377
  -150.056
  -178.677
  -170.220
  -166.442
  -171.685
  -178.431
   178.654
   178.663
  -172.804
   177.457
   176.726
   178.995
  -179.429
   177.421
  -179.554
   175.562
  -158.956
  -174.446
  -175.433
  -178.301
  -168.770
  -178.239
   177.732
  -175.741
  -169.625
   172.163
  -165.598
  -178.283
  -170.365
   176.801
   170.426
  -168.094
  -178.978
   171.289
   170.217
   174.909
  -166.201
  -175.900
  -170.312
  -177.319
  -178.367
   179.645
  -178.145
   178.348
  -178.411
  -175.628
  -175.074
  -166.377
   177.276
  -176.081
   168.497
  -179.950
  -179.671
  -175.380
  -173.064
   175.968
  -174.922
  -165.242
  -171.239
   172.282
  -179.325
  -177.629
   173.128
  -177.972
  -168.319
   176.017
  -154.766
   167.790
  -177.838
  -174.089
  -159.046
  -165.932
  -176.244
   179.981
  -168.777
   176.209
   162.700
  -176.794
  -175.898
   178.808
  -175.876
  -165.225
  -178.005
  -176.591
  -178.546
  -176.722
  -179.462
  -171.951
  -161.264
   176.092
  -175.209
  -173.045
  -167.798
  -168.927
  -169.395
  -171.907
  -173.260
  -172.736
  -179.616
   174.361
  -165.262
   178.007
  -171.761
  -179.612
  -171.169
   172.937
  -165.495
  -178.988
  -173.476
   177.729
   162.670
  -170.777
  -173.326
   171.672
  -168.488
   171.895
  -159.954
  -173.866
   176.295
  -177.751
   172.900
  -174.979
  -174.387
  -172.677
   166.332
  -166.691
  -176.822
  -172.360
   167.575
  -175.475
   170.680
  -169.242
   165.070
   173.829
  -171.225
   177.043
  -176.664
  -165.313
  -167.497
   166.496
  -173.974
  -170.004
  -167.214
   176.071
  -172.441
  -176.724
  -171.790
   178.993
   167.929
  -176.196
  -175.013
   175.062
   174.768
   178.555
  -172.493
  -172.808
  -172.027
  -179.965
   174.576
   175.951
  -176.734
   179.138
  -177.384
   177.818
  -178.047
   176.246
  -173.534
  -163.298
   171.267
  -169.967
   178.816
  -170.644
  -179.182
   175.360
  -175.653
  -177.982
  -164.688
   170.980
  -168.293
  -178.510
   174.377
  -176.826
   175.075
  -178.904
   172.920
  -171.822
  -175.450
   177.154
  -176.380
  -172.402
  -173.040
  -165.293
   170.811
  -175.768
   174.210
  -177.235
  -166.463
   173.810
  -176.038
  -172.325
  -179.448
   173.076
  -175.891
  -174.525
  -171.020
  -177.711
   176.696
  -179.051
   178.530
  -172.417
  -174.171
  -179.547
  -177.995
   175.219
  -170.664
   179.270
   179.532
  -175.075
  -174.685
  -156.114
  -179.834
   158.722
  -174.539
  -177.050
  -178.366
  -178.050
  -178.313
   174.558
   168.175
  -168.470
   176.020
  -167.914
  -178.691
   177.692
  -167.578
  -174.016
  -173.880
  -177.697
  -175.236
   177.012
   175.673
  -179.286
   177.807
  -173.540
   179.824
   173.916
   179.641
  -170.316
   171.817
  -176.483
  -177.491
  -179.813
   171.809
  -160.447
  -174.449
   177.488
  -178.499
  -174.166
  -176.774
   175.414
  -167.448
  -173.702
  -176.262
   171.923
  -178.440
  -173.727
   166.630
  -177.335
  -155.963
  -171.100
  -175.214
  -174.682
  -172.219
  -178.073
  -172.999
   179.148
  -178.826
   178.837
  -174.752
  -177.710
  -170.533
  -175.758
  -172.617
  -179.707
   177.851
  -170.078
  -166.838
   172.228
  -173.180
  -177.898
  -175.571
  -175.646
  -175.320
   178.687
  -172.964
   179.624
  -176.329
  -159.163
  -177.923
  -167.041
  -172.497
  -179.481
  -168.758
  -170.994
  -168.988
  -173.184
  -178.087
   172.158
   172.493
   176.898
  -170.143
  -168.173
   171.367
   173.127
   164.868
  -166.773
  -162.838
  -160.506
  -171.475
  -175.698
   169.349
   179.561
  -169.133
  -175.832
  -167.522
  -172.318
  -171.948
   177.571
   171.993
   177.507
   171.765
   177.920
  -174.386
   178.067
  -178.858
  -169.097
   176.928
  -170.436
  -169.888
   166.961
   168.448
   169.667
  -176.537
  -176.773
  -170.600
  -170.406
   177.190
  -174.607
   175.378
  -152.966
  -174.589
  -175.734
  -172.227
  -178.271
   177.787
  -174.936
  -172.081
  -171.201
  -173.022
   172.431
  -173.886
  -175.679
  -176.984
   163.682
   178.478
  -169.817
   173.113
   175.569
  -175.131
   173.631
  -163.781
   177.745
  -173.589
  -178.223
  -178.307
   179.820
   172.133
   172.015
  -173.991
  -176.524
  -172.966
   176.272
  -164.999
  -176.818
  -175.712
  -153.645
   174.150
   161.426
   178.003
  -180.000
  -171.606
   178.225
  -165.658
  -159.190
  -162.494
  -179.875
   177.859
  -169.297
  -169.700
  -178.857
  -176.169
  -172.756
  -166.663
  -162.367
  -176.145
   178.953
  -176.584
   179.983
  -175.726
  -177.939
  -174.765
  -178.606
  -175.367
   177.354
   174.939
  -170.320
  -174.617
  -176.940
   178.179
   167.690
  -170.366
   175.858
  -159.418
   175.549
  -163.403
  -174.080
  -173.358
  -175.711
  -172.165
  -170.074
   179.866
  -169.140
  -162.314
   169.163
   170.605
  -178.321
  -179.592
  -168.320
  -177.886
   174.953
   174.050
  -174.664
  -178.791
  -179.085
  -173.090
  -166.801
  -176.836
   177.527
   168.424
   167.030
   175.978
   169.812
  -178.339
  -170.088
  -174.612
   170.765
  -163.750
   179.339
  -177.963
  -173.846
   179.664
  -172.589
  -172.995
  -170.096
  -161.894
   177.771
   172.336
   164.324
   176.213
  -172.058
  -171.733
  -164.391
  -174.265
  -157.876
  -169.500
   176.868
  -159.990
   175.830
  -174.729
  -179.722
   174.259
  -179.133
   176.260
   179.956
   176.267
  -162.330
  -177.454
  -173.911
  -174.640
  -174.406
   172.798
  -168.262
  -171.241
  -174.792
  -174.147
   174.192
  -170.632
   174.840
  -175.997
   176.147
  -178.252
  -175.404
  -161.198
   176.644
  -168.532
  -179.532
   178.629
   164.506
   178.944
  -166.337
  -170.153
   178.517
  -170.106
   177.785
  -176.724
   176.284
  -177.774
   177.755
   179.039
  -179.386
   179.297
   176.378
  -162.098
  -178.988
   177.997
  -179.009
  -178.427
  -167.644
   179.154
  -177.276
  -178.724
  -175.032
   179.755
  -174.092
  -176.670
  -174.933
  -170.657
  -175.809
  -165.294
   176.280
  -177.693
  -164.720
   176.312
  -175.419
  -179.997
  -175.675
  -167.657
  -176.162
   177.633
  -165.078
  -173.322
  -171.101
  -172.320
   175.931
   164.053
  -173.966
  -172.300
  -162.821
  -170.524
   176.604
   179.510
  -164.317
  -171.907
  -175.102
   177.698
  -173.875
   170.200
  -176.590
  -172.685
  -175.552
  -179.248
   179.299
  -166.024
  -174.834
   165.965
   178.805
  -178.836
  -178.771
  -179.818
  -173.586
  -172.334
  -177.592
  -174.156
  -177.862
   166.787
   172.176
   174.517
   176.301
  -174.436
  -178.112
   174.667
   177.546
   176.833
  -169.620
  -179.563
   177.614
  -172.573
   177.445
   171.621
   176.194
   176.456
  -175.732
  -172.766
  -175.052
   172.401
   174.697
   179.013
  -170.228
  -177.286
   169.763
   177.956
  -179.353
  -172.265
  -178.525
   177.549
  -170.175
   171.728
  -172.246
  -173.245
  -176.909
   179.888
  -171.956
   176.018
  -171.024
  -174.719
  -174.482
   176.230
   175.795
   168.964
  -163.654
  -171.986
  -175.473
  -175.589
   176.328
  -170.671
   171.337
  -177.943
  -176.547
   179.785
  -168.649
  -164.697
  -175.801
   175.677
  -176.703
  -176.793
  -169.474
  -173.878
  -179.166
  -175.820
  -172.295
  -178.847
   169.662
   172.011
  -171.860
  -168.472
  -178.968
   175.841
  -171.030
  -173.999
  -166.236
   175.704
  -179.321
   175.893
  -177.519
  -172.368
  -169.343
   174.991
   178.089
  -177.777
  -168.577
   172.995
  -179.268
  -159.609
  -175.089
   179.740
  -178.268
   179.808
   179.434
  -167.587
   175.557
   175.128
  -177.663
  -177.607
  -168.457
   179.667
   175.598
  -174.024
  -173.001
  -170.158
  -175.455
   174.619
  -168.608
  -177.291
  -179.367
   165.420
   171.649
   176.240
   176.901
   177.672
  -179.917
  -174.472
  -164.079
  -179.253
  -170.324
  -171.046
  -179.589
  -165.754
  -165.357
  -173.963
  -171.952
  -178.523
   176.501
  -170.479
  -168.913
  -167.817
  -164.664
  -177.257
   176.519
   163.616
  -175.271
  -178.742
   176.137
  -179.112
  -166.185
  -174.649
  -177.374
  -167.621
  -165.942
  -176.810
   159.415
   172.795
   166.921
  -169.648
  -174.832
  -174.650
  -170.551
  -171.396
  -177.196
  -160.038
  -179.030
   172.537
  -178.355
   174.568
  -179.736
   173.951
  -170.641
   173.293
  -163.898
  -169.610
  -166.287
  -178.201
   165.818
  -177.185
  -160.022
  -167.941
  -160.890
  -167.806
  -176.113
  -171.725
  -168.318
  -174.843
  -170.262
  -172.063
  -171.581
  -171.904
  -169.042
  -161.470
  -168.288
   179.407
  -173.183
  -172.245
  -172.739
  -172.270
  -173.896
   171.523
  -163.663
  -177.374
   175.420
   177.315
   171.192
   178.824
   175.509
   179.632
  -174.023
  -164.371
   179.947
   173.292
   168.243
   177.922
  -177.216
  -166.705
   176.020
   176.417
  -169.457
   170.760
   166.562
  -176.857
   179.188
  -176.713
  -168.319
  -176.759
   177.315
  -170.718
  -178.066
  -174.594
   179.743
   174.318
  -175.306
   166.875
  -178.482
   171.046
  -168.013
  -168.797
  -175.259
  -170.196
  -166.734
  -171.452
  -167.578
   166.700
  -166.785
   175.956
  -177.534
  -177.807
   163.789
  -172.414
   158.833
   162.535
   177.200
  -167.633
  -170.112
   178.268
   174.996
  -169.346
  -179.000
   177.527
  -170.286
   175.449
  -164.192
  -178.268
  -169.291
   173.759
  -165.964
  -179.003
  -168.520
  -173.680
   172.724
   176.563
  -175.178
  -170.527
   175.037
  -172.854
  -178.516
  -170.390
  -179.092
  -162.473
  -167.276
  -162.648
  -172.980
  -171.117
   179.449
  -176.441
  -166.631
  -172.186
   174.838
  -169.790
  -178.705
  -169.624
  -165.846
   172.438
   173.132
   164.511
  -173.451
   178.463
  -171.148
   171.618
  -175.004
  -179.113
  -173.182
   176.961
   177.236
  -176.275
  -177.424
  -176.521
   176.318
   178.347
  -179.064
  -169.507
   177.333
