   -22.276
   -21.447
   -26.516
    -6.588
    -4.103
   -18.614
   -15.853
   -18.760
   -14.759
   -11.105
   -14.999
   -18.494
   -24.198
   -18.773
    -7.294
   -15.410
   -15.552
   -19.472
   -15.046
   -18.751
   -16.546
    -1.279
   -25.815
   -24.987
     8.309
   -23.021
   -30.692
   -19.430
    30.356
    30.953
    19.207
    21.363
    18.920
    37.543
    16.050
    15.403
    14.212
    34.539
    18.384
    24.173
    26.443
    22.906
    20.132
    19.308
     1.395
    32.619
    42.667
    22.505
    14.457
    22.082
    29.130
    38.345
    15.701
    14.032
    20.338
    26.651
    14.844
    15.193
     5.771
    23.733
    18.029
    34.996
   -14.968
    18.425
    38.272
    35.518
    31.487
     6.348
    31.327
    22.459
    41.049
    31.117
    -3.325
    16.775
    27.994
    30.314
    30.660
    17.753
    19.841
    16.759
    23.049
    28.580
    23.747
    13.418
    23.363
   -13.519
    14.353
    27.867
     5.300
    33.323
    27.207
    32.143
    -7.760
     1.832
    33.339
    25.249
    -6.869
    25.586
     5.821
    25.654
   -16.924
    15.440
    25.787
    40.443
    24.344
    16.208
    20.613
    22.625
    28.464
    32.128
    37.824
    23.839
    21.875
    32.317
    25.060
   -10.236
    18.266
    18.262
    12.640
    34.436
    23.216
    -3.226
    24.388
    17.586
    14.472
    20.162
    21.822
    23.354
    13.008
    17.681
    14.566
    16.683
    32.362
    32.352
    21.213
    32.329
    17.959
    19.691
    16.313
    25.627
    30.940
    38.714
    19.694
    28.970
    -4.976
   -10.623
   -13.737
   -12.032
    29.071
    21.631
    -0.894
    25.030
    26.312
     9.067
     6.895
    29.288
    30.710
     9.536
    19.680
    10.246
    11.252
    16.635
    33.639
    24.818
    22.878
    21.203
    28.472
    32.121
    11.849
     9.522
    13.952
   -19.587
    20.501
   -28.812
   -11.780
    -3.537
   -29.851
     4.768
   -16.547
   -23.838
   -17.654
   -20.736
   -18.222
   -31.948
   -29.379
   -14.465
   -17.848
    11.416
    10.749
    47.114
    27.297
    23.753
    36.942
    -1.066
    18.364
    33.611
    18.612
    36.204
     1.029
    20.885
    10.100
    13.774
    25.841
    -4.351
    10.638
    19.673
    46.377
    26.009
    36.489
     1.495
    -6.366
    -3.834
    26.391
    24.418
    16.400
   -23.099
   -13.056
   -14.752
     5.677
    39.828
     9.359
    16.532
    28.128
    35.638
    23.819
    13.964
    11.905
    37.261
    14.227
    27.123
    -3.161
    18.731
    18.945
    20.787
     7.964
    25.542
    12.886
     3.882
     6.980
    -5.632
    27.308
    12.840
    28.722
     3.118
    26.701
     3.249
    -1.793
     0.210
     1.085
    27.778
     3.717
    -0.932
    -2.213
    25.358
    26.704
    29.263
    18.316
    30.082
    22.856
    36.237
    26.095
    30.961
    35.217
    22.370
     4.789
    -7.214
   -16.017
   -18.123
    -0.198
    16.219
   -37.723
    -5.959
    21.116
    -6.826
   -14.726
    25.528
    -6.949
   -14.893
   -16.791
   -23.297
   -13.338
    13.358
    20.971
     3.252
     5.201
     1.102
    29.274
    14.597
     6.488
    37.157
    29.383
    31.365
   -15.162
   -12.314
    28.507
    24.126
    20.336
    21.926
    18.758
    28.209
     3.354
     6.617
    41.910
   -26.388
    30.543
    24.758
    24.554
    23.766
    32.743
    23.952
    29.162
    37.745
    20.921
     8.639
    16.446
    28.168
     6.921
     0.906
    -4.180
     3.314
   -14.413
   -34.233
   -10.223
    -0.175
   -21.609
   -24.470
   -18.431
   -15.638
   -25.929
   -24.022
    -9.982
   -22.782
    -5.526
    -4.946
   -16.460
   -33.627
   -22.462
   -22.007
   -21.647
   -21.947
   -27.727
    -5.514
   -18.522
   -27.322
   -10.285
     0.440
    25.209
    20.283
    26.801
    29.964
     4.582
    11.024
    28.728
    19.531
    28.066
    -8.517
    28.072
    26.695
     4.857
    16.144
    17.537
    37.903
    30.395
    26.745
     4.077
    21.315
    11.875
    27.117
    37.961
    34.075
    28.468
    30.677
    20.440
     8.251
    29.823
     3.105
    12.646
    25.240
    15.216
    30.148
    24.359
    11.462
    23.465
   -12.734
   -20.612
    20.786
    38.082
    23.908
    30.825
    19.815
    19.329
    23.406
    20.484
    21.329
    28.306
    34.087
    22.829
    37.853
    -7.095
    15.209
    -2.985
   -11.452
     4.472
    19.699
   -11.420
    15.662
     3.758
    20.918
    44.081
    12.610
     3.227
    25.896
    29.666
    30.038
     5.107
    19.704
    38.153
    37.373
    23.835
     7.878
     4.595
    22.954
    29.485
    28.171
    16.244
    30.242
    21.906
     9.383
    20.677
    24.435
    31.696
    23.946
    24.804
    17.257
    28.945
    26.437
    28.809
    21.306
    33.257
    19.019
    27.871
    13.460
    -1.013
    -5.175
    -9.724
   -16.125
    -0.235
   -10.981
    18.770
    16.971
    25.498
    34.584
    39.580
    28.941
    23.537
    23.046
    25.201
     5.404
    11.276
    -4.850
   -25.676
   -11.133
   -28.682
   -26.581
   -15.719
   -23.635
   -16.742
   -18.146
   -25.241
   -20.714
   -22.816
   -24.507
   -22.181
   -13.317
    -9.630
    -9.589
     3.982
    -7.048
     5.482
    38.916
    41.641
     7.411
    25.981
    34.033
    18.001
    23.152
    -0.931
    -3.996
    20.212
    19.031
    31.184
    42.660
     6.349
    16.247
     6.392
    41.744
    10.834
    17.503
     8.324
    26.327
    29.503
    17.050
    24.641
    24.995
    23.600
    34.247
    17.067
    28.684
    15.891
     7.740
    45.874
    -5.000
    16.970
     7.054
    25.033
    25.728
    -8.050
    -5.409
   -21.152
   -41.498
   -19.175
   -13.848
   -16.305
   -15.010
   -26.695
     0.962
   -24.748
   -24.278
    28.473
    13.990
     6.422
    20.481
    27.132
     7.743
    28.256
     3.483
    -5.403
    27.221
    31.818
    20.200
    31.112
   -11.187
    28.890
    20.169
    25.921
    19.632
    44.117
    36.225
    29.094
    -8.469
   -15.183
    -6.168
    18.282
    26.551
    -0.064
     9.857
     6.868
     4.479
    24.757
     0.619
    27.868
    17.914
    -3.233
    -8.748
     7.213
    21.162
    -0.761
    18.266
    30.920
    22.985
    35.686
    20.215
    24.100
    34.754
    26.811
     7.680
    18.263
    36.276
    31.143
    17.240
    -3.098
    30.240
    11.863
    25.646
    22.522
   -20.401
   -37.035
   -23.621
   -11.482
    -8.703
   -22.823
   -11.687
   -16.833
   -10.772
    34.844
     1.839
    17.504
    11.747
     7.892
     4.630
   -17.233
   -25.731
   -17.106
   -10.046
   -12.495
    13.408
    17.510
    29.812
    29.547
    28.505
     9.941
    17.163
    24.716
    15.197
    35.336
    15.498
    35.227
     6.593
    31.471
    14.075
    25.016
    32.918
   -12.429
    -2.932
    19.741
    26.443
    31.410
    13.543
    35.771
    43.442
    33.586
    18.979
     9.599
   -12.618
     2.918
    26.111
    10.160
    10.408
    16.445
    20.164
    33.766
    14.231
    28.762
    17.214
    28.836
    12.180
     6.870
    29.674
    30.145
    34.414
     8.451
    21.712
    36.243
    30.072
    -4.069
     8.847
     9.890
    18.790
    31.345
    26.877
    24.204
    23.039
    34.086
    -0.709
     2.855
    15.902
    21.504
    13.927
    30.581
    22.227
    35.828
    -7.497
     5.571
   -21.302
   -16.330
   -14.350
   -25.685
   -12.821
    -5.152
   -23.416
   -19.270
    -4.967
    -5.738
   -13.362
   -19.754
    15.925
    12.544
     4.209
    40.104
    17.773
    26.901
    32.955
    25.187
    26.230
    35.050
    39.317
    32.085
    29.052
    34.955
    40.766
    18.464
    24.904
    21.827
    33.649
    24.229
    33.328
    19.125
    33.748
    18.868
    13.513
    24.667
    27.816
    27.498
    31.540
    26.869
    26.595
    28.653
    30.415
    20.235
    17.848
     4.518
   -17.574
   -19.512
    -7.600
   -16.064
   -27.378
    25.047
    25.103
    19.511
     1.102
    11.736
    25.309
    27.585
    28.642
    25.683
    31.365
    14.028
     8.980
    -7.641
     2.689
    22.702
    22.513
    27.090
    27.624
    16.686
    18.670
   -28.721
   -18.205
     0.048
    18.158
    22.031
    31.546
    32.933
    -1.479
    17.292
    20.695
    22.143
    25.940
     2.238
     5.973
    25.447
    10.502
    39.943
    31.065
    17.903
    23.121
     0.895
     4.297
     0.885
    32.183
    34.783
    13.134
    17.550
    19.960
     4.378
     1.298
    21.777
    19.331
    31.129
    38.226
    22.169
    20.045
    10.993
    24.055
    30.948
    26.190
    28.589
    12.122
   -20.696
    15.838
    26.904
    39.798
    21.053
    20.106
    45.882
    37.455
    30.470
     3.874
    12.537
    21.735
     7.327
    26.495
    22.042
    22.941
    34.781
    25.531
    34.519
    21.282
    25.181
    10.919
   -17.244
   -23.643
    -5.344
   -24.824
   -25.342
    -7.198
    26.134
    15.391
    21.904
    36.973
    14.170
    27.932
    12.752
     9.987
    19.243
    18.882
    -7.031
    24.541
     9.210
    10.810
    12.780
    41.065
     7.291
    16.733
    37.193
    34.597
    12.528
    22.015
    48.210
    43.251
    25.042
    26.793
    29.103
    14.470
    31.192
    11.329
    29.054
    -3.289
    17.250
    27.310
    15.111
    13.297
    48.136
    -5.153
    -9.257
    36.403
    29.096
    26.170
    30.391
    24.473
    14.147
    22.493
     9.913
    24.923
    17.051
    15.179
    30.585
    23.323
    19.831
     4.686
    29.933
    10.485
    26.120
    22.247
    25.952
    24.508
     8.389
    18.000
    28.737
    34.006
    37.212
     1.792
    -5.024
    -0.980
   -19.471
    17.124
   -18.189
   -27.667
    34.255
     1.685
    10.463
    23.099
    15.226
    27.137
    20.740
    25.428
    17.435
    18.767
   -16.966
    -9.140
     7.856
    28.392
   -20.725
   -14.514
   -18.074
   -10.131
   -14.831
   -19.662
     9.499
    38.411
     1.513
    15.775
    32.797
    24.792
    12.995
    12.598
    28.345
    23.699
    20.973
    25.457
    33.535
    19.720
    31.921
    10.909
    11.626
    35.088
    24.886
    30.331
    19.439
   -14.430
     1.587
    27.185
    11.055
    37.555
     5.395
    28.198
    27.706
    24.267
     5.521
    14.364
     9.555
    37.551
   -18.344
   -22.929
   -23.367
   -17.712
   -39.630
   -24.304
    -7.212
    -8.334
     8.992
    19.597
    17.418
    30.845
    32.757
    41.530
    28.268
    18.580
    17.950
    23.584
    21.601
    12.334
    19.514
    47.747
    32.358
    22.390
    28.681
    33.885
    25.045
    25.638
    15.922
    34.332
    22.284
    36.232
    28.000
    22.239
    13.144
    29.803
    13.439
     5.742
    25.672
    27.818
     2.015
    26.565
    37.428
    37.530
     8.593
   -14.124
   -20.642
   -12.858
   -18.761
    37.032
    20.553
     6.467
    30.926
    23.665
    17.108
    30.604
    19.502
    36.280
