   103.178
    94.783
    84.651
    94.932
    97.283
    88.617
    88.870
   106.358
    88.881
   101.314
    97.797
    89.935
   107.062
   106.359
   115.856
   114.134
   115.861
    98.127
    86.667
    91.327
   102.792
   102.215
   110.428
   104.218
    96.479
    98.361
   101.536
   105.931
    98.864
    97.636
   100.758
    82.213
    99.247
    90.159
   109.191
   103.578
    96.887
    95.841
    99.291
    98.894
   105.491
   106.841
   105.854
    97.450
    99.085
   107.018
   100.546
   108.959
   117.618
   126.364
   103.217
   101.798
   101.601
   102.371
   105.703
    96.122
   103.838
    96.439
    82.505
    99.936
   101.501
    95.602
    86.800
    97.940
   103.419
   100.128
    96.365
    80.401
   104.063
    87.674
   101.027
    95.405
   100.779
    86.196
   109.997
    97.314
    85.597
    95.594
   101.570
   108.458
   101.088
   107.648
   118.046
   100.860
   119.903
    97.148
    89.854
   101.985
    90.886
   116.285
    92.987
   106.806
   101.970
    95.598
   112.600
   114.088
   100.337
   104.735
    94.003
    93.346
   103.637
   103.441
    98.152
    99.938
    99.715
   101.250
   101.395
    93.068
   107.609
   100.276
    94.754
    97.790
   101.274
   103.316
   109.169
   107.386
    99.211
    88.300
    88.483
    87.387
   110.047
    99.845
    97.261
    94.254
    83.546
   109.289
   111.049
   101.878
   101.911
    98.618
   107.526
    91.460
   112.178
    96.863
   112.444
    96.236
   113.236
    96.698
    93.299
   111.979
   103.487
    98.454
    97.457
   101.556
    89.869
   104.774
   108.741
   115.112
    95.170
    92.489
   111.833
   105.113
   112.127
   101.344
   109.602
   105.706
    94.099
   108.880
   102.703
    94.825
    92.715
    97.182
    96.598
   101.170
   103.528
   105.468
    98.654
   107.210
   104.426
   107.319
    98.791
    92.362
   106.231
    98.338
   105.333
   105.089
   100.173
   100.190
    98.483
    91.284
   103.363
    98.684
   107.794
    94.093
    93.763
    93.440
   101.339
    96.983
   111.246
   101.467
   100.634
    97.123
   103.409
    93.213
    99.629
    87.800
   108.983
    97.956
   101.201
   107.483
    90.986
   115.835
   108.352
   103.051
    89.321
   100.023
    96.332
   111.874
   113.410
   109.453
    99.993
   105.540
    96.501
   100.446
    89.075
    99.306
   104.251
    90.715
   100.349
   100.431
   109.294
   102.578
    85.652
    86.437
    98.567
    98.947
   102.799
    90.716
   105.514
    98.927
    74.404
   100.249
    99.068
    99.908
    92.487
   101.442
    96.805
   103.660
    91.366
    87.908
    97.517
   108.569
    88.686
    97.187
   101.487
   100.000
    89.486
    99.227
   101.456
    99.081
    96.040
    96.748
    99.577
    87.754
    99.416
   105.140
    95.565
   104.675
   103.820
    92.857
   114.208
   110.993
    92.640
   110.404
    97.446
   101.429
    97.615
    97.892
    91.319
   114.134
   103.175
    94.347
   108.668
   104.019
    92.624
    99.486
    94.223
   103.190
    91.573
    96.468
    98.056
    99.908
   118.767
    96.584
    80.791
    88.356
    95.578
   100.371
   104.112
    91.495
    98.123
   101.633
   100.222
    94.839
   104.242
   102.341
   105.356
    98.765
   104.920
   107.103
   101.888
    91.733
   105.429
    99.662
    99.097
    92.293
   108.758
    90.366
   100.305
   106.588
   100.508
    96.881
   104.072
    99.097
    96.037
   105.063
   104.125
   107.246
   100.695
    99.452
   103.085
   107.432
   110.415
   109.494
   110.241
   104.822
    99.510
   117.092
    98.660
    95.446
   102.853
   106.417
    94.361
    99.380
   114.794
   110.412
    89.894
    98.222
   106.990
   101.027
    81.904
    96.833
    88.786
   113.035
   117.859
    97.185
   113.180
   108.023
   109.355
   102.215
    95.516
    98.174
    93.880
    94.403
    92.378
    92.372
    95.907
    91.799
    96.710
    96.835
    95.066
    95.928
   108.076
    92.654
   101.238
   106.533
   100.141
    83.151
    99.464
    99.242
   110.123
   111.542
   123.263
   105.869
    93.007
   108.507
   108.835
    86.719
   111.087
    95.321
   109.827
   106.468
    91.222
   102.820
   108.172
   108.895
   117.683
   107.729
    88.118
    97.318
    94.398
    91.381
    94.436
   105.876
   100.178
   100.635
    88.085
   113.228
   108.796
    84.467
    93.507
   108.186
   108.849
    93.019
    97.280
    92.144
    98.036
   107.588
   103.919
    88.315
   111.035
    97.731
    97.201
   104.721
    93.707
    96.872
    96.783
   106.077
    86.661
    94.863
   102.079
    87.674
    96.976
   103.756
    97.920
    98.779
    94.477
    99.741
   106.917
    96.613
   103.126
   102.204
    98.851
    99.520
    98.671
    99.288
   112.550
   102.172
   102.657
    92.981
    96.705
   111.957
   113.699
    98.422
   119.102
    98.055
    94.124
    98.850
   103.301
   112.062
   121.452
   104.403
    91.247
    81.101
   100.331
   100.727
    86.702
    77.197
    84.694
    93.786
   108.263
    96.844
   102.135
    90.636
    95.495
   104.401
   101.508
    89.215
    98.864
    91.181
    98.085
   115.600
    97.332
    99.250
    93.491
    94.302
    96.990
   102.873
   111.381
   114.007
   108.814
   104.239
   105.220
   103.801
   109.759
   101.286
    99.248
    91.513
   108.839
   104.642
   102.240
   103.424
    93.825
   110.842
   106.238
    95.201
   104.784
    97.847
    91.855
    91.058
    96.810
    89.707
   107.713
   114.566
   107.426
    99.396
   113.319
    94.452
    90.027
   106.343
    99.983
    99.717
    99.175
    93.334
   108.412
    99.225
    92.074
    95.182
    85.807
    94.526
    96.284
   112.294
    98.959
    85.871
    98.525
   106.841
    94.216
    98.228
    91.798
    95.778
    96.923
   113.728
   102.854
   105.259
    91.806
    92.333
    96.948
   102.781
   105.766
   102.151
   112.886
   104.347
    97.571
   105.772
    90.969
    94.893
    96.462
    92.685
    97.581
    85.098
    82.712
    86.116
    86.054
    98.534
   103.823
    96.064
    85.158
    98.996
   102.220
    99.683
   107.697
   105.643
    94.946
   107.590
   103.039
   110.292
   100.694
   119.796
   104.960
    93.000
   101.273
    89.226
   102.012
   101.287
   102.003
   105.140
    90.211
    87.777
    94.791
   105.057
    89.191
   113.189
    93.205
    97.830
    91.464
    98.216
    91.751
    96.341
    83.601
    89.303
   110.356
   111.647
   113.752
   109.517
   113.786
    95.133
   104.617
   106.141
    93.533
   100.181
    99.836
   112.208
   101.641
    95.932
   112.331
   104.421
    99.031
   122.622
   128.724
   111.452
    94.525
   111.197
    81.445
    99.327
    82.101
    93.360
   102.301
    99.308
   114.871
    97.525
    90.354
    93.383
    92.030
   106.198
   104.299
    96.312
    98.162
    96.060
   108.098
   113.363
   101.510
    96.090
    93.466
   107.070
   109.048
    99.427
   102.492
   101.675
    90.265
   103.916
   101.862
   103.158
   114.194
   101.490
    96.623
   103.150
   105.143
    93.458
   100.649
    95.925
   103.935
   110.733
   102.702
    95.057
   101.182
   101.548
    98.542
    92.074
    91.634
    91.677
    90.681
   103.330
    83.149
    88.375
    87.677
   112.003
   105.645
    92.736
   104.133
    90.882
   107.552
   107.411
   108.230
   104.558
   102.789
    98.922
    98.785
    98.232
    94.125
    97.459
    99.616
    88.521
    95.341
   106.278
    88.896
    99.412
    92.263
    99.310
    88.542
    89.841
   102.963
   107.507
   106.441
    97.053
   109.261
   101.778
   108.701
    97.686
    92.376
    96.987
    88.871
   106.123
    94.063
   105.388
   110.725
   102.104
    95.313
    91.188
   101.340
    94.385
   101.169
    99.476
    86.096
   108.646
    96.140
   101.791
   113.267
   116.979
   112.005
    93.795
   102.489
    90.957
    91.191
    97.113
    91.747
    89.067
    91.102
    98.208
    92.457
    77.667
    88.479
    94.192
   104.187
   105.092
   100.534
    96.357
    98.678
   102.507
   100.773
    86.664
    88.365
    97.774
   109.863
   108.288
   102.839
    97.447
   107.022
   103.772
    89.241
   103.553
    90.763
    95.375
    90.891
   105.254
    99.869
    95.058
    92.150
    96.022
   105.842
    97.460
    95.284
   110.631
    98.176
   105.170
   101.015
    99.404
    99.088
   107.023
   108.628
   103.468
   106.806
   101.371
    92.049
    96.321
   119.651
   100.792
   100.495
    94.028
    92.565
   101.353
   109.434
    93.943
    99.194
    88.588
   104.140
   108.982
    90.144
   103.973
   123.749
   101.770
   109.301
   104.590
    93.796
   102.781
   102.440
    93.823
    86.731
    91.886
    94.062
   109.738
   102.230
   108.834
    91.787
    94.939
    98.667
   111.641
   102.797
    88.726
    96.297
   106.365
   107.795
    93.635
   110.977
    90.057
   104.631
    96.636
   103.969
    87.881
    96.075
   111.756
    97.050
   101.793
   110.904
    93.477
    99.499
   102.901
   100.324
   112.353
   100.301
    89.007
    97.746
    97.999
    91.029
   106.114
   106.233
   117.702
    93.347
   113.603
    97.152
    97.058
    97.121
    98.353
   105.252
    94.121
   103.339
   108.323
   118.710
    88.285
   102.181
   136.219
    96.276
   106.466
   117.939
   107.385
    87.927
    94.188
   105.675
    95.353
   103.562
    97.602
    93.272
   100.366
    89.951
   117.777
    92.655
    95.669
   103.133
   103.240
    98.222
    98.040
   121.075
    99.712
    97.285
   107.144
    98.848
   104.098
    98.810
   107.567
   105.092
    89.199
   103.030
    90.063
   101.477
    96.013
    97.740
    95.651
    96.268
    95.789
   112.123
   116.821
    93.022
    93.326
   100.605
    96.907
    97.056
   103.272
   118.776
    95.144
   101.315
   109.714
    91.028
    95.214
   107.821
    99.387
    93.520
    90.401
    99.856
    90.291
    97.670
    87.239
    92.623
    88.351
    86.638
   106.882
   107.458
    94.839
   104.044
    87.593
    92.699
    90.563
    89.167
    88.590
    90.991
    85.869
    89.909
    93.683
    95.326
    96.513
   105.973
    92.903
    92.089
    92.592
   108.636
    98.438
    97.238
    89.921
   101.940
   100.830
    88.140
   102.032
    97.170
    96.604
    92.138
    99.792
    94.269
   100.191
    94.968
   101.343
    93.252
    92.555
   101.126
    83.854
    89.369
   103.466
   105.373
    98.811
   102.556
   101.004
   114.933
   105.264
    97.816
   103.548
    95.424
    94.258
   105.625
   105.012
    91.912
    84.920
   104.998
    93.234
   107.557
   108.725
    96.641
    97.347
    99.996
    90.584
    89.941
   100.914
   108.964
    94.978
   102.500
   114.598
   107.735
   111.309
    96.827
    78.180
    98.077
    94.514
   101.796
   108.896
    91.698
   100.737
   106.854
   102.642
   101.772
    94.146
   101.520
    98.509
   107.140
    99.264
